% function evaluation | noise-free fitness - Fopt (1.026100000000e+002) | best noise-free fitness - Fopt | measured fitness | best measured fitness | x1 | x2...
1 +6.764658503e+005 +6.764658503e+005 +6.765684603e+005 +6.765684603e+005 -1.1966e+001 -6.0552e+000 +1.8430e+000 -1.5411e+000 -8.7706e+000 -6.6503e+000 -3.2614e+000 -3.1369e+000 +5.9861e+000 +4.6424e+000
2 +6.535879189e+004 +6.535879189e+004 +6.546140189e+004 +6.546140189e+004 -3.7458e-001 -4.0105e+000 +1.4261e+000 -5.0064e+000 -5.5930e+000 -1.9026e+000 -2.3883e+000 -1.4758e+000 +4.4954e+000 +7.4767e+000
3 +1.611633893e+003 +1.611633893e+003 +1.714243893e+003 +1.714243893e+003 +7.6121e-001 -3.9813e+000 +8.1851e-001 -1.5476e+000 -3.9078e+000 -3.1743e+000 -3.0943e+000 -4.3152e+000 +4.0415e+000 +5.3482e+000
32 +3.009290559e+002 +3.009290559e+002 +4.035390559e+002 +4.035390559e+002 +3.4563e-001 -3.8341e+000 -7.8395e-001 -1.5508e+000 -2.3270e+000 -3.1458e+000 -2.7295e+000 -2.4990e+000 +4.8579e+000 +3.1512e+000
59 +2.205580331e+002 +2.205580331e+002 +3.231680331e+002 +3.231680331e+002 -3.3519e+000 -3.2566e+000 -2.6899e+000 -1.9262e+000 -3.0208e+000 -5.6622e-001 -6.6534e-002 +3.8449e-001 +4.3368e+000 +2.5694e+000
80 +2.102039119e+002 +2.102039119e+002 +3.128139119e+002 +3.128139119e+002 +1.4014e+000 -3.4080e+000 -8.1843e-001 -1.2158e+000 -3.6582e+000 +1.0618e+000 -2.1507e+000 -8.4331e-001 +2.9037e+000 +3.5134e+000
181 +2.021045387e+002 +2.021045387e+002 +3.047145387e+002 +3.047145387e+002 +1.2775e+000 -1.8204e+000 -2.8292e+000 -2.3566e+000 -1.5597e+000 -1.5030e+000 -3.8478e-001 -1.2639e-001 +3.8927e+000 +2.7618e+000
227 +1.890690894e+002 +1.890690894e+002 +2.916790894e+002 +2.916790894e+002 +1.2610e+000 -2.3656e+000 -9.4439e-001 -2.6367e+000 -1.4940e+000 -1.1331e+000 +5.5918e-001 +2.7460e-001 +2.1060e+000 +3.3208e+000
239 +1.772636231e+002 +1.772636231e+002 +2.798736231e+002 +2.798736231e+002 +1.8260e+000 -1.2584e+000 +1.3692e-001 -2.2593e+000 -2.0105e+000 +4.0454e-001 -2.6921e-001 -5.9915e-001 +1.8862e+000 +2.4175e+000
260 +1.536960171e+002 +1.536960171e+002 +2.563060171e+002 +2.563060171e+002 -2.3009e+000 -3.1161e+000 -2.3110e+000 -1.7904e+000 +9.8744e-002 -1.4107e+000 +2.0739e+000 +4.7228e-001 +1.8096e+000 +3.2546e+000
262 +1.262922409e+002 +1.262922409e+002 +2.289022409e+002 +2.289022409e+002 -1.7467e+000 -1.8679e+000 -1.9498e+000 -1.2173e+000 -1.8949e+000 -9.9165e-001 +5.5178e-001 -1.4874e+000 +2.5164e+000 +2.2263e+000
343 +1.220167803e+002 +1.220167803e+002 +2.246267803e+002 +2.246267803e+002 +1.1676e+000 -1.5632e+000 -1.1086e+000 +7.1864e-001 -1.4380e+000 -4.6858e-001 +2.8347e-001 +4.3234e-001 +3.1888e+000 +2.1989e+000
379 +1.176482481e+002 +1.176482481e+002 +2.202582481e+002 +2.202582481e+002 -1.8728e+000 -1.3844e+000 -9.9361e-001 +1.3926e+000 -1.0624e+000 -3.1875e-001 +5.3458e-001 -1.0141e-001 +6.9444e-001 +1.4947e+000
422 +1.063770916e+002 +1.063770916e+002 +2.089870916e+002 +2.089870916e+002 -1.7185e+000 -1.2196e+000 -1.1921e+000 +1.5393e+000 -1.2976e+000 +5.2044e-001 +1.2185e+000 -4.4677e-001 -2.4479e-001 +2.3647e+000
440 +1.029045094e+002 +1.029045094e+002 +2.055145094e+002 +2.055145094e+002 -5.5998e-001 -1.0641e+000 -1.2633e+000 +1.5550e+000 -1.3841e+000 -1.8141e+000 +1.1715e+000 -5.6026e-001 +2.0674e+000 +2.1258e+000
499 +8.935240298e+001 +8.935240298e+001 +1.919624030e+002 +1.919624030e+002 -2.7073e+000 -1.0891e+000 -5.9654e-001 +2.5264e+000 -1.5688e+000 +2.7363e-001 +1.0095e+000 -8.1170e-001 +1.8694e+000 +2.2033e+000
516 +7.140331360e+001 +7.140331360e+001 +1.740133136e+002 +1.740133136e+002 -1.0747e+000 -1.5387e+000 -1.5946e+000 +9.0668e-001 -5.6341e-001 +3.9393e-002 +1.3280e+000 -1.2336e+000 +2.1881e+000 +1.6729e+000
1231 +5.812225226e+001 +5.812225226e+001 +1.607322523e+002 +1.607322523e+002 -1.8662e+000 -1.0162e+000 -1.2135e+000 +1.0349e+000 -2.2844e+000 +8.4343e-001 +2.4653e+000 -1.8345e+000 +1.1229e+000 +1.7075e+000
6221 +5.395727907e+001 +5.395727907e+001 +1.565672791e+002 +1.565672791e+002 +2.1567e-001 -2.2702e+000 -1.4501e+000 +1.8075e+000 -1.9720e+000 +1.0103e+000 +2.3792e+000 -4.1430e-001 +1.2004e+000 +8.9735e-001
9799 +4.845781277e+001 +4.845781277e+001 +1.510678128e+002 +1.510678128e+002 -2.2021e+000 -2.5222e+000 -1.2164e+000 +1.3973e+000 -8.5619e-001 +1.6747e+000 +1.4989e+000 -1.2124e+000 +1.8260e+000 +1.9531e+000
32867 +4.511236248e+001 +4.511236248e+001 +1.477223625e+002 +1.477223625e+002 -7.2682e-001 -1.4479e+000 -8.7517e-001 +1.0214e+000 -7.3225e-001 +1.7804e+000 +2.0679e+000 -2.4582e+000 +4.1999e-002 +1.8692e+000
32883 +4.302513200e+001 +4.302513200e+001 +1.456351320e+002 +1.456351320e+002 -9.5916e-001 -1.1846e+000 -6.7950e-001 +1.7373e+000 -1.3303e+000 +1.4477e+000 +6.9509e-001 -1.2865e+000 +1.4476e+000 +1.6537e+000
44543 +3.872867202e+001 +3.872867202e+001 +1.413386720e+002 +1.413386720e+002 -1.1589e+000 -1.9199e+000 -1.8156e+000 +1.7620e+000 -7.7953e-001 +1.6429e+000 +1.3946e+000 -1.2331e+000 +1.1850e+000 +1.2348e+000
118601 +3.506329245e+001 +3.506329245e+001 +1.376732925e+002 +1.376732925e+002 -1.5774e+000 -1.4622e+000 -9.2700e-001 +1.6799e+000 -1.2747e+000 +1.1723e-001 +1.8832e+000 -1.8185e+000 +1.3760e+000 +1.3241e+000
237417 +3.352223580e+001 +3.352223580e+001 +1.361322358e+002 +1.361322358e+002 -1.9087e+000 -1.3359e+000 -2.3567e+000 +1.8384e+000 -1.2406e+000 +1.0908e+000 +1.7193e+000 -1.9968e+000 +1.8693e+000 +1.6335e+000
386517 +3.166649281e+001 +3.166649281e+001 +1.342764928e+002 +1.342764928e+002 -1.9290e+000 -1.8867e+000 -1.2661e+000 +1.4339e+000 -2.1881e+000 +1.6951e+000 +1.3641e+000 -1.3569e+000 +4.4733e-001 +1.7100e+000
689808 +2.940802382e+001 +2.940802382e+001 +1.320180238e+002 +1.320180238e+002 -1.9462e+000 -1.8561e+000 -1.2082e+000 +1.4341e+000 -2.2653e+000 +2.2387e+000 +1.4461e+000 -1.4563e+000 +1.1298e+000 +1.6457e+000
2074953 +2.864160759e+001 +2.864160759e+001 +1.312516076e+002 +1.312516076e+002 -2.0419e+000 -1.4221e+000 -7.5295e-001 +8.7174e-001 -9.1442e-001 +1.3393e+000 +2.2509e+000 -1.1833e+000 +1.3499e+000 +1.8039e+000
7008837 +2.651420264e+001 +2.651420264e+001 +1.291242026e+002 +1.291242026e+002 -1.4011e+000 -1.9595e+000 -8.3723e-001 +1.9082e+000 -1.6799e+000 +2.2356e+000 +1.2120e+000 -1.9214e+000 +1.6404e+000 +1.3311e+000
7665499 +2.610609053e+001 +2.610609053e+001 +1.287160905e+002 +1.287160905e+002 -1.4160e+000 -1.5093e+000 -1.6041e+000 +6.1555e-001 -1.1645e+000 +1.0110e+000 +1.2244e+000 -1.1808e+000 +1.8763e+000 +2.3596e+000
8412631 +2.488280244e+001 +2.488280244e+001 +1.274928024e+002 +1.274928024e+002 -1.2142e+000 -1.7863e+000 -1.3476e+000 +1.4241e+000 -1.0908e+000 +1.9315e+000 +2.1043e+000 -2.0104e+000 +7.9050e-001 +2.0845e+000
% function evaluation | noise-free fitness - Fopt (9.330000000000e+001) | best noise-free fitness - Fopt | measured fitness | best measured fitness | x1 | x2...
1 +1.780151514e+006 +1.780151514e+006 +1.780244814e+006 +1.780244814e+006 +6.8781e+000 +2.5400e+000 -1.3894e+001 -1.2520e+001 -6.4558e+000 -1.7972e+000 +5.2877e+000 +2.3511e+000 +7.4127e+000 +1.0538e+001
2 +3.742971131e+005 +3.742971131e+005 +3.743904131e+005 +3.743904131e+005 +9.4217e+000 -8.6736e-001 +3.4569e+000 -5.3020e+000 -4.9006e+000 -7.1331e+000 -4.5271e+000 +6.9785e+000 -7.9667e+000 +5.6367e+000
3 +3.742550040e+004 +3.742550040e+004 +3.751880040e+004 +3.751880040e+004 +4.6608e+000 -1.9135e+000 +1.4628e+000 -6.0765e+000 -8.2623e-001 -3.6652e+000 -2.4915e+000 +2.8465e+000 -3.8697e+000 +6.5914e+000
6 +4.189288395e+003 +4.189288395e+003 +4.282588395e+003 +4.282588395e+003 +3.1902e+000 -2.3145e+000 -3.3985e+000 -3.3708e+000 -3.1093e+000 -1.4675e-001 -1.4318e+000 +5.6110e+000 -4.5220e+000 +4.5246e+000
12 +4.840252367e+002 +4.840252367e+002 +5.773252367e+002 +5.773252367e+002 +2.8133e+000 +5.2950e-001 -4.4741e+000 -4.7586e+000 -4.2968e+000 -2.1534e+000 -4.2825e+000 +1.5915e+000 -4.8672e+000 +1.8062e+000
54 +3.491250895e+002 +3.491250895e+002 +4.424250895e+002 +4.424250895e+002 +4.3846e+000 +6.8467e-001 -2.5707e+000 -3.5562e+000 +1.4885e+000 +1.8509e+000 -1.0957e+000 +6.4884e-001 -3.4607e+000 +3.4449e+000
114 +3.122646161e+002 +3.122646161e+002 +4.055646161e+002 +4.055646161e+002 +3.9473e+000 +5.8129e-001 -8.0349e-001 -2.6880e+000 +2.9415e+000 -3.0966e+000 -2.0467e+000 +1.5142e+000 -4.6346e+000 +2.2178e+000
120 +2.699059327e+002 +2.699059327e+002 +3.632059327e+002 +3.632059327e+002 +1.8043e+000 -1.4361e+000 -9.3585e-001 +7.3726e-001 -8.2831e-001 -4.2512e+000 -2.2630e+000 -1.9335e+000 -4.5262e+000 -6.0283e-001
122 +2.545261350e+002 +2.545261350e+002 +3.478261350e+002 +3.478261350e+002 +1.3848e+000 +1.0484e+000 -1.7962e+000 -1.8251e+000 -1.6772e+000 -3.8791e+000 -1.9304e+000 -1.9412e+000 -1.1502e+000 +3.4361e+000
144 +2.501564492e+002 +2.501564492e+002 +3.434564492e+002 +3.434564492e+002 +4.6914e-001 +1.8656e+000 -1.5617e+000 -5.7705e-001 -1.1675e+000 -4.0648e+000 +4.3270e-001 +7.2289e-001 -4.1976e+000 +2.9875e+000
157 +1.047133949e+002 +1.047133949e+002 +1.980133949e+002 +1.980133949e+002 +4.3198e-001 +1.2715e+000 +8.4090e-001 -1.4204e+000 +1.6216e-001 -3.2973e+000 +4.6548e-001 +8.0298e-002 +7.0729e-001 +7.0048e-001
429 +1.018410259e+002 +1.018410259e+002 +1.951410259e+002 +1.951410259e+002 +3.8471e-002 +1.3402e+000 -1.9560e+000 -1.6103e+000 +1.3225e+000 -3.3081e+000 -5.7618e-001 +1.7528e+000 +7.6367e-001 +1.7653e+000
469 +9.070150047e+001 +9.070150047e+001 +1.840015005e+002 +1.840015005e+002 -1.0321e+000 +6.4092e-001 -2.1223e-001 +3.7080e-001 +1.4687e+000 -2.1919e+000 +2.7043e+000 +1.2279e+000 +8.9079e-001 +1.9590e+000
540 +7.606217407e+001 +7.606217407e+001 +1.693621741e+002 +1.693621741e+002 -2.3186e+000 +5.0505e-001 -1.9709e+000 -1.0298e+000 +1.0858e+000 -1.4815e+000 +1.3914e+000 +2.2243e+000 +1.1360e+000 +1.8538e+000
694 +7.171959777e+001 +7.171959777e+001 +1.650195978e+002 +1.650195978e+002 -1.0936e+000 +1.1756e+000 -1.5856e+000 -1.0183e+000 +9.5265e-001 -1.9849e+000 +6.8397e-001 +1.0039e+000 +1.9944e+000 -1.5240e-001
973 +6.859417829e+001 +6.859417829e+001 +1.618941783e+002 +1.618941783e+002 -7.6051e-001 +5.0018e-001 -1.8894e+000 -1.0831e+000 +1.8528e+000 -2.2227e+000 +1.3257e+000 +1.2399e+000 +1.0395e+000 +1.0361e+000
1855 +6.380723193e+001 +6.380723193e+001 +1.571072319e+002 +1.571072319e+002 -2.1069e+000 +3.0090e-001 -1.2215e+000 -1.8757e+000 +1.8201e+000 -1.0914e+000 +8.3826e-001 +1.4063e+000 +2.0169e+000 +1.2845e+000
2346 +6.011652366e+001 +6.011652366e+001 +1.534165237e+002 +1.534165237e+002 -2.1094e+000 +7.6458e-001 -2.1351e+000 -1.8385e+000 +2.8430e+000 -1.8124e+000 +2.3448e+000 +1.1276e+000 +1.4067e+000 +1.2291e+000
3724 +5.193290591e+001 +5.193290591e+001 +1.452329059e+002 +1.452329059e+002 -2.3004e+000 +1.2894e+000 -1.0755e+000 -1.5733e+000 +5.2535e-001 -1.5122e+000 +9.8763e-001 +1.6029e+000 +7.3020e-001 +7.2317e-001
4048 +4.839414560e+001 +4.839414560e+001 +1.416941456e+002 +1.416941456e+002 -1.2664e+000 +2.5087e+000 -1.4584e+000 -1.6690e+000 +9.2394e-001 -1.6725e+000 +4.9573e-001 +1.9686e+000 +1.5372e+000 +1.0719e+000
9400 +4.651933950e+001 +4.651933950e+001 +1.398193395e+002 +1.398193395e+002 -1.9326e+000 +3.5460e-001 -1.4169e+000 -1.4627e+000 +6.3357e-001 -1.8607e+000 +9.4761e-001 +1.8262e+000 +2.0131e+000 +1.5596e+000
10949 +3.968656831e+001 +3.968656831e+001 +1.329865683e+002 +1.329865683e+002 -9.2746e-001 +1.2000e+000 -2.0526e+000 -1.8752e+000 +9.8990e-001 -7.7552e-001 +2.2978e+000 +9.1641e-001 +1.3837e+000 +1.0558e+000
113199 +3.823888531e+001 +3.823888531e+001 +1.315388853e+002 +1.315388853e+002 -1.2266e+000 +1.4031e+000 -1.7322e+000 -2.4819e+000 +1.2745e+000 -1.1593e+000 +6.8372e-001 +1.8623e+000 +1.1532e+000 +7.9587e-001
147831 +3.735572458e+001 +3.735572458e+001 +1.306557246e+002 +1.306557246e+002 -1.1434e+000 +1.0384e+000 -6.3047e-001 -1.1058e+000 +7.8404e-001 -1.1441e+000 +1.0536e+000 +1.4605e+000 +2.1473e+000 +2.0200e+000
242155 +3.645731297e+001 +3.645731297e+001 +1.297573130e+002 +1.297573130e+002 -2.1822e+000 +1.2566e+000 -7.3601e-001 -1.1568e+000 +3.7793e-001 -1.2634e+000 +1.4631e+000 +8.5429e-001 +1.0579e+000 +1.3921e+000
311255 +3.492713146e+001 +3.492713146e+001 +1.282271315e+002 +1.282271315e+002 -1.4572e+000 +1.4147e+000 -1.4806e+000 -2.1287e+000 +1.2463e+000 -1.4028e+000 +2.0654e+000 +2.3596e+000 +1.5425e-001 +2.5082e+000
517138 +3.221285338e+001 +3.221285338e+001 +1.255128534e+002 +1.255128534e+002 -1.9019e+000 +1.9547e+000 -1.7796e+000 -1.6117e+000 +7.4531e-001 -1.3985e+000 +4.8204e-001 +1.5703e+000 +1.3485e+000 +2.0374e+000
1359444 +3.050303409e+001 +3.050303409e+001 +1.238030341e+002 +1.238030341e+002 -4.9579e-001 +1.6231e+000 -6.0730e-001 -1.8711e+000 +8.4449e-001 -1.5069e+000 +8.4392e-001 +9.4066e-001 +1.1564e+000 +1.5834e+000
1444137 +2.790980056e+001 +2.790980056e+001 +1.212098006e+002 +1.212098006e+002 -1.5448e+000 +1.8331e+000 -1.9664e+000 -1.4896e+000 +2.1150e+000 -1.5831e+000 +1.8290e+000 +5.2361e-001 +9.5357e-001 +3.6733e-001
7059960 +2.743022944e+001 +2.743022944e+001 +1.207302294e+002 +1.207302294e+002 -1.9407e+000 +1.2488e+000 -1.2407e+000 -2.6981e+000 +1.8227e+000 -2.0004e+000 +1.3191e+000 +2.6017e+000 +4.7923e-001 +3.8005e-001
% function evaluation | noise-free fitness - Fopt (1.364000000000e+001) | best noise-free fitness - Fopt | measured fitness | best measured fitness | x1 | x2...
1 +2.995932173e+002 +2.995932173e+002 +3.132332173e+002 +3.132332173e+002 +2.3765e+000 -2.9982e+000 -4.1188e+000 +1.6210e+000 +6.2918e-001 -3.6577e-001 -2.7913e+000 -1.9292e+000 +3.0781e+000 +2.0985e+000
4 +2.758418200e+002 +2.758418200e+002 +2.894818200e+002 +2.894818200e+002 +2.2086e+000 -1.4354e+000 -2.4008e+000 +3.0422e+000 +2.9167e+000 +6.5482e-001 -2.7796e+000 -2.8814e+000 +4.1307e+000 +2.4556e+000
59 +2.617458932e+002 +2.617458932e+002 +2.753858932e+002 +2.753858932e+002 +6.9196e-001 +3.4226e-001 -2.7214e+000 +1.1897e+000 +3.5777e+000 +8.4772e-001 -2.4863e+000 -3.3408e+000 +7.1584e-001 +2.3720e+000
73 +2.510393194e+002 +2.510393194e+002 +2.646793194e+002 +2.646793194e+002 +1.7587e+000 -3.2611e+000 -4.5193e+000 +3.2890e-001 +2.7136e+000 +9.9735e-001 -2.1232e+000 -2.1044e+000 +2.3746e+000 +9.7938e-001
86 +1.762489538e+002 +1.762489538e+002 +1.898889538e+002 +1.898889538e+002 +2.5848e-002 -1.3788e+000 -6.8727e-001 +9.3298e-001 +2.6176e+000 -8.4428e-001 +1.2984e-002 -2.1060e+000 +6.4121e-001 +2.1359e+000
119 +1.627455245e+002 +1.627455245e+002 +1.763855245e+002 +1.763855245e+002 -3.2752e-001 -1.3709e+000 +2.5575e+000 -1.6116e+000 +2.9816e+000 +2.3058e-001 +1.0489e+000 +1.0411e+000 +3.2811e+000 +5.7243e-001
205 +1.052587742e+002 +1.052587742e+002 +1.188987742e+002 +1.188987742e+002 +9.8294e-001 -1.8343e+000 -3.7352e-001 +2.0658e+000 +1.2288e+000 +1.1045e-001 -1.2872e+000 -6.9947e-002 +1.4163e+000 +1.4889e+000
393 +1.017982428e+002 +1.017982428e+002 +1.154382428e+002 +1.154382428e+002 -4.1684e-002 +2.3799e-001 +9.2733e-001 +2.4821e+000 +4.1150e-001 -4.9036e-001 -1.2561e+000 +1.8514e+000 +1.9634e+000 +1.5250e+000
608 +6.356447592e+001 +6.356447592e+001 +7.720447592e+001 +7.720447592e+001 -3.1556e-001 -1.1324e+000 +1.6440e+000 +1.0830e+000 +1.2833e+000 -5.1122e-001 -1.4301e+000 +2.7385e+000 +1.4509e+000 +6.0805e-001
1088 +5.505807618e+001 +5.505807618e+001 +6.869807618e+001 +6.869807618e+001 -1.4820e+000 -9.7105e-001 +1.8935e+000 +1.4241e+000 +1.3479e+000 -7.5121e-001 -1.7133e+000 +9.7440e-001 +1.4723e+000 +7.7294e-001
4671 +5.161916600e+001 +5.161916600e+001 +6.525916600e+001 +6.525916600e+001 -6.1566e-001 -1.3886e+000 +1.1039e+000 +1.0841e+000 +1.6446e+000 -1.1559e+000 -1.1889e+000 +1.1071e+000 +9.3839e-001 +6.1897e-001
6981 +4.934537804e+001 +4.934537804e+001 +6.298537804e+001 +6.298537804e+001 -1.8725e+000 -1.6246e+000 +1.5118e+000 +2.7873e+000 +2.7276e+000 -1.6692e+000 -8.5012e-001 +5.8652e-001 +3.2485e-001 +1.5925e+000
15981 +4.522093807e+001 +4.522093807e+001 +5.886093807e+001 +5.886093807e+001 -1.0048e+000 -1.5970e+000 +4.7179e-001 +9.1959e-001 +1.0648e+000 -1.0314e+000 -1.5525e+000 +1.1594e+000 +1.5409e+000 +1.0027e+000
41714 +3.876869454e+001 +3.876869454e+001 +5.240869454e+001 +5.240869454e+001 -6.5249e-001 -2.2753e+000 +1.1461e+000 +1.0060e+000 +1.8846e+000 -5.5975e-001 -1.1082e+000 +1.8221e+000 +1.0482e+000 +1.2632e+000
71410 +3.175118922e+001 +3.175118922e+001 +4.539118922e+001 +4.539118922e+001 -9.4416e-001 -1.4144e+000 +1.2890e+000 +1.3775e+000 +7.0169e-001 -1.1617e+000 -1.7255e+000 +1.4786e+000 +1.2274e+000 +1.2187e+000
434349 +2.831710140e+001 +2.831710140e+001 +4.195710140e+001 +4.195710140e+001 -2.1957e+000 -1.1113e+000 +1.0351e+000 +1.3239e+000 +1.8657e+000 -1.3253e+000 -1.4263e+000 +8.2326e-001 +1.6261e+000 +1.1780e+000
2439015 +2.713101066e+001 +2.713101066e+001 +4.077101066e+001 +4.077101066e+001 -1.7656e+000 -2.1136e+000 +1.5601e+000 +1.6780e+000 +1.7002e+000 -9.1151e-001 -1.6965e+000 +1.3444e+000 +1.8192e+000 +1.3473e+000
3276830 +2.454883521e+001 +2.454883521e+001 +3.818883521e+001 +3.818883521e+001 -1.8480e+000 -2.0044e+000 +1.4071e+000 +1.6768e+000 +1.6996e+000 -1.4013e+000 -1.1557e+000 +2.9013e-001 +8.9672e-001 +1.6377e+000
8429693 +2.269038411e+001 +2.269038411e+001 +3.633038411e+001 +3.633038411e+001 -1.2157e+000 -2.1775e+000 +1.8074e+000 +1.5688e+000 +2.2910e+000 -6.0469e-001 -1.6099e+000 +1.1985e+000 +1.3823e+000 +1.2343e+000
% function evaluation | noise-free fitness - Fopt (1.948000000000e+002) | best noise-free fitness - Fopt | measured fitness | best measured fitness | x1 | x2...
1 +4.806973339e+005 +4.806973339e+005 +4.808921339e+005 +4.808921339e+005 -4.7693e+000 +1.1928e+001 +4.7461e+000 -2.8970e+000 +2.8576e+000 +1.8317e+000 +1.6270e+000 +2.7124e+000 +1.7049e+000 +1.6134e+000
2 +1.976760166e+005 +1.976760166e+005 +1.978708166e+005 +1.978708166e+005 -3.9314e+000 +3.0989e+000 +3.5117e+000 -1.0688e+000 +3.6907e+000 +9.4411e+000 +2.1027e+000 +3.1434e+000 -4.2813e+000 -1.4720e+000
3 +2.620298612e+002 +2.620298612e+002 +4.568298612e+002 +4.568298612e+002 -4.0722e+000 +4.0873e+000 -3.5231e+000 -1.4092e+000 +1.3655e+000 +2.4130e+000 +3.2124e+000 +5.7896e-001 -1.0283e+000 -3.5160e+000
34 +2.091446480e+002 +2.091446480e+002 +4.039446480e+002 +4.039446480e+002 -1.0389e+000 +1.8469e+000 +3.1578e+000 -2.3304e+000 +1.8493e+000 +3.7730e+000 +1.4203e+000 +4.3236e+000 -1.1484e+000 -1.4048e+000
87 +1.632790513e+002 +1.632790513e+002 +3.580790513e+002 +3.580790513e+002 -2.6456e+000 +1.3717e+000 +1.2979e+000 -2.8096e+000 +1.7018e+000 +2.9135e+000 +2.6287e-001 -1.0559e+000 -3.2445e+000 -2.9085e-002
140 +1.519845873e+002 +1.519845873e+002 +3.467845873e+002 +3.467845873e+002 -1.7822e+000 +5.4247e-001 +2.6102e+000 -8.0329e-001 -2.1647e+000 +2.0314e+000 +2.6683e+000 -1.1197e+000 -1.7792e+000 +1.5578e-001
166 +1.295323440e+002 +1.295323440e+002 +3.243323440e+002 +3.243323440e+002 -7.2015e-001 +3.7110e-001 +1.8327e+000 -1.2980e+000 -4.4094e-001 +3.3510e+000 +1.0141e+000 -1.0314e+000 -2.2598e+000 -2.6457e+000
313 +1.197563703e+002 +1.197563703e+002 +3.145563703e+002 +3.145563703e+002 -1.9872e+000 -9.0540e-001 +2.2395e+000 -2.0440e+000 -1.3252e+000 +2.3644e+000 +1.8384e+000 +7.2338e-001 -3.5687e+000 -4.9633e-001
357 +1.142908336e+002 +1.142908336e+002 +3.090908336e+002 +3.090908336e+002 -1.5069e+000 -1.5235e+000 +2.0192e+000 -3.2289e+000 -6.8869e-001 +4.9981e-001 +1.5208e+000 +7.2303e-001 -3.0306e+000 -3.9590e+000
365 +1.109437566e+002 +1.109437566e+002 +3.057437566e+002 +3.057437566e+002 -1.8858e+000 -1.1206e+000 +2.9002e+000 -4.5387e-001 +9.2445e-002 +1.4417e+000 +2.2312e-001 +2.8894e+000 -1.9113e+000 -5.0368e-001
442 +1.063616808e+002 +1.063616808e+002 +3.011616808e+002 +3.011616808e+002 -9.2603e-001 -1.6512e+000 +2.5102e+000 -2.5992e+000 +7.5355e-001 +1.1983e+000 +9.8123e-001 +5.4445e-001 -6.7555e-001 -2.4325e+000
478 +8.412813504e+001 +8.412813504e+001 +2.789281350e+002 +2.789281350e+002 -1.8353e+000 -1.0186e+000 +2.6884e+000 -3.1420e+000 -5.0145e-003 +1.2102e+000 +1.2637e+000 +1.3235e+000 -1.3051e+000 -5.7000e-001
479 +6.625012432e+001 +6.625012432e+001 +2.610501243e+002 +2.610501243e+002 -1.4107e+000 -1.3715e+000 +3.0266e+000 -6.3557e-001 +2.0510e-002 +9.7772e-001 +1.5629e+000 -4.6946e-002 -6.1285e-001 -2.4102e+000
917 +6.374331717e+001 +6.374331717e+001 +2.585433172e+002 +2.585433172e+002 -8.7949e-001 -5.6601e-001 +2.1143e+000 -1.2666e+000 -1.1706e+000 +1.7532e+000 +1.5189e+000 +9.1848e-001 -2.3083e+000 -9.8669e-001
1229 +5.746908866e+001 +5.746908866e+001 +2.522690887e+002 +2.522690887e+002 -2.6406e+000 -7.9710e-001 +1.7047e+000 -6.8646e-001 -9.6070e-001 +1.2140e+000 +1.2918e+000 +1.9098e+000 -1.3210e+000 -2.5131e+000
1450 +4.773379150e+001 +4.773379150e+001 +2.425337915e+002 +2.425337915e+002 -1.9332e+000 -7.3759e-001 +2.0303e+000 -9.7118e-001 -2.4612e+000 +1.3148e+000 +1.6208e+000 +1.2585e+000 -1.6465e+000 -4.8305e-001
14133 +4.591108916e+001 +4.591108916e+001 +2.407110892e+002 +2.407110892e+002 -1.2591e+000 -9.6198e-001 +1.5478e+000 +7.8026e-002 -2.5862e-001 +1.4715e+000 +1.5018e+000 +7.8211e-001 -1.9546e+000 -1.2256e+000
28888 +3.228025916e+001 +3.228025916e+001 +2.270802592e+002 +2.270802592e+002 -1.4846e+000 -2.0746e+000 +5.7475e-001 -4.5000e-002 -1.1053e+000 +1.9138e+000 +2.2093e+000 +1.2027e+000 -4.9136e-001 -1.4061e+000
614635 +2.833986774e+001 +2.833986774e+001 +2.231398677e+002 +2.231398677e+002 -1.6308e+000 -1.4286e+000 +1.3657e+000 -1.5841e+000 -2.6642e+000 +1.3919e+000 +9.1732e-001 +1.0459e+000 -1.3619e+000 -1.3171e+000
6261015 +2.818008595e+001 +2.818008595e+001 +2.229800860e+002 +2.229800860e+002 -1.1795e+000 -9.4814e-001 +1.0282e+000 -7.6940e-001 -1.3528e+000 +9.6666e-001 +1.7486e+000 +1.1983e+000 -3.8312e-001 -9.8215e-001
6313869 +2.328434547e+001 +2.328434547e+001 +2.180843455e+002 +2.180843455e+002 -1.9803e+000 -1.5826e+000 +9.5768e-001 -7.4219e-001 -8.6743e-001 +1.0953e+000 +1.0552e+000 +2.0646e+000 -2.2248e+000 -1.3080e+000
% function evaluation | noise-free fitness - Fopt (-1.335900000000e+002) | best noise-free fitness - Fopt | measured fitness | best measured fitness | x1 | x2...
1 +3.354709629e+002 +3.354709629e+002 +2.018809629e+002 +2.018809629e+002 +2.6295e+000 +9.1482e-001 +1.6735e+000 +3.5262e+000 -2.9465e+000 -1.7876e-003 -2.1364e+000 -1.8967e+000 -1.4531e+000 -3.8483e+000
11 +2.916473053e+002 +2.916473053e+002 +1.580573053e+002 +1.580573053e+002 +2.6388e+000 -1.2708e+000 +4.5929e+000 +2.6045e+000 -3.5981e+000 -6.7694e-001 +1.1959e+000 -1.6357e+000 +1.1447e+000 +7.5047e-001
12 +2.558137001e+002 +2.558137001e+002 +1.222237001e+002 +1.222237001e+002 -4.5917e-001 +2.0649e+000 +3.3562e+000 +4.5406e+000 -2.0787e-001 +2.3537e+000 -3.7081e-001 -2.1509e+000 -4.1983e-001 +3.8762e-001
70 +2.442611574e+002 +2.442611574e+002 +1.106711574e+002 +1.106711574e+002 +3.3788e+000 +2.3103e+000 +2.9360e+000 +2.9845e+000 -2.2069e+000 -1.5830e+000 -9.2050e-001 -3.1143e+000 -1.5728e+000 +8.2117e-001
112 +2.360726741e+002 +2.360726741e+002 +1.024826741e+002 +1.024826741e+002 +2.7125e+000 +2.0655e+000 +1.5070e+000 +2.3048e+000 -4.1289e+000 +3.9712e+000 -1.9677e+000 -3.9137e+000 -1.9133e+000 -1.4775e-001
122 +2.200247693e+002 +2.200247693e+002 +8.643476931e+001 +8.643476931e+001 +9.3362e-001 -2.0160e-001 +9.2377e-001 +2.4244e+000 -3.7816e+000 +2.5562e+000 +2.9680e-001 -6.9948e-002 +2.6148e+000 -5.4750e-002
132 +1.572705534e+002 +1.572705534e+002 +2.368055341e+001 +2.368055341e+001 +2.3090e+000 +1.2983e+000 +2.2374e+000 -6.4671e-001 -9.6976e-001 -2.3707e-001 +5.1969e-001 -3.0484e+000 -1.3120e+000 -1.3070e+000
159 +1.457090107e+002 +1.457090107e+002 +1.211901066e+001 +1.211901066e+001 +9.3675e-001 +6.6476e-001 +7.5557e-001 +1.7237e+000 -1.1455e+000 +1.2056e+000 -5.6743e-001 -1.5065e+000 -2.0032e+000 +1.6634e-001
207 +1.318022804e+002 +1.318022804e+002 -1.787719572e+000 -1.787719572e+000 +7.9365e-001 -5.4212e-002 +1.5587e+000 -1.2336e+000 -1.7530e+000 +2.1679e+000 +3.4639e-001 -1.2479e+000 -3.9850e+000 +5.7164e-002
288 +1.183052009e+002 +1.183052009e+002 -1.528479908e+001 -1.528479908e+001 +1.3273e-001 +1.7606e+000 -1.0091e+000 +7.6597e-001 -1.3040e+000 +1.1999e+000 -1.7489e+000 -6.6253e-001 -1.7188e+000 +1.3395e-001
337 +1.146783382e+002 +1.146783382e+002 -1.891166184e+001 -1.891166184e+001 +7.0963e-001 +9.6650e-001 +3.9041e-001 -3.8952e-002 -1.4407e+000 +1.7646e+000 +1.6492e+000 -1.5452e+000 +3.2548e-001 -4.2420e-002
394 +8.595196108e+001 +8.595196108e+001 -4.763803892e+001 -4.763803892e+001 -6.6483e-001 +9.9455e-001 +3.0399e-001 -2.0810e+000 -9.2969e-001 +1.3980e+000 -3.8473e-001 -8.0555e-001 -2.0176e+000 +1.9194e-001
703 +8.060177186e+001 +8.060177186e+001 -5.298822814e+001 -5.298822814e+001 -1.6536e+000 +1.4733e+000 +6.9685e-001 -1.1221e+000 -1.8778e+000 +1.3161e+000 -1.2672e-001 -1.6094e+000 -9.9303e-001 +1.3028e-001
1027 +7.241087499e+001 +7.241087499e+001 -6.117912501e+001 -6.117912501e+001 -1.9936e+000 +2.6261e+000 +1.4797e+000 -1.0076e+000 -1.1082e+000 +1.5843e+000 +1.5023e+000 -9.1516e-001 -1.5831e+000 +9.6638e-001
1063 +5.213651082e+001 +5.213651082e+001 -8.145348918e+001 -8.145348918e+001 -1.7654e+000 +1.5201e+000 +1.6596e+000 +1.0254e-001 -1.5184e+000 +1.1629e+000 +2.0335e+000 -1.1997e+000 -8.4663e-001 +1.0902e+000
3215 +4.899622507e+001 +4.899622507e+001 -8.459377493e+001 -8.459377493e+001 -1.0502e+000 +1.4510e+000 +2.1418e+000 -3.5928e+000 -2.0342e+000 +8.8385e-001 +1.5462e+000 -1.0622e+000 -2.4037e+000 +9.7079e-001
6291 +3.921864682e+001 +3.921864682e+001 -9.437135318e+001 -9.437135318e+001 -9.7422e-001 +1.6464e+000 +1.2539e+000 -1.1257e+000 -1.1780e+000 +1.5526e+000 +2.1241e+000 -1.7705e+000 -1.1164e+000 +1.7301e+000
16644 +2.975872119e+001 +2.975872119e+001 -1.038312788e+002 -1.038312788e+002 -9.5409e-001 +1.6109e+000 +1.5650e+000 -1.6575e+000 -1.4274e+000 +1.7314e+000 +1.6937e+000 -1.0675e+000 -1.2721e+000 +1.7969e+000
3934919 +2.669529361e+001 +2.669529361e+001 -1.068947064e+002 -1.068947064e+002 -1.8479e+000 +2.3500e+000 +1.1462e+000 -8.8544e-001 -2.2725e+000 +1.0210e+000 +7.5819e-001 -1.7016e+000 -9.0391e-001 +7.9866e-001
5642052 +2.485652782e+001 +2.485652782e+001 -1.087334722e+002 -1.087334722e+002 -1.2589e+000 +8.6110e-001 +1.3076e+000 -7.8476e-001 -1.2574e+000 +1.5949e+000 +1.2598e+000 -2.0690e+000 -1.3763e+000 +1.8897e+000
% function evaluation | noise-free fitness - Fopt (1.955000000000e+001) | best noise-free fitness - Fopt | measured fitness | best measured fitness | x1 | x2...
1 +2.103858260e+005 +2.103858260e+005 +2.104053760e+005 +2.104053760e+005 +3.4236e+000 -8.8293e+000 +2.2958e+000 +6.9104e+000 +6.6291e+000 -2.3549e+000 -2.2919e+000 -3.9857e+000 +4.9991e+000 -3.3366e+000
4 +2.546099155e+002 +2.546099155e+002 +2.741599155e+002 +2.741599155e+002 +1.8734e+000 -2.6849e+000 +5.0262e+000 +2.1840e+000 -1.8564e+000 -2.6751e+000 -1.4450e-001 +4.2328e-001 +1.3264e+000 +3.7619e-001
7 +1.773332985e+002 +1.773332985e+002 +1.968832985e+002 +1.968832985e+002 -1.0815e+000 -2.5520e+000 +2.2873e+000 +5.6703e-001 -7.1296e-001 -1.2737e+000 -2.8463e+000 -2.7736e-001 +4.2223e+000 +1.3059e+000
10 +1.714424438e+002 +1.714424438e+002 +1.909924438e+002 +1.909924438e+002 -1.2693e+000 -2.0434e+000 +4.0256e+000 +8.1169e-001 -1.2216e+000 -3.2869e+000 +1.0883e+000 -1.5385e+000 +8.4472e-001 -4.2041e-001
107 +1.613151599e+002 +1.613151599e+002 +1.808651599e+002 +1.808651599e+002 -1.0834e+000 -1.5412e+000 -1.3657e+000 -3.1910e-001 -6.4620e-001 -1.8901e+000 -3.2760e-001 +1.6755e-001 +1.6046e+000 +2.4776e+000
155 +1.482410253e+002 +1.482410253e+002 +1.677910253e+002 +1.677910253e+002 -2.2389e+000 -9.5870e-001 -3.6274e-001 +1.0095e-001 +1.1491e+000 +8.5120e-001 -5.5462e-001 -3.9993e-001 +3.4208e+000 -4.5399e-001
203 +1.299590969e+002 +1.299590969e+002 +1.495090969e+002 +1.495090969e+002 -3.9776e-001 -2.9348e+000 +1.3645e+000 +7.5440e-002 -1.0304e+000 -1.6815e+000 +2.6662e-001 -2.1337e+000 +2.5686e+000 +1.6145e+000
218 +1.233709091e+002 +1.233709091e+002 +1.429209091e+002 +1.429209091e+002 -1.3263e+000 -2.9291e+000 +2.0050e+000 -1.0230e+000 +1.9404e+000 +2.1614e-001 -4.1222e-002 -1.7762e+000 +9.0068e-001 +1.1198e+000
259 +1.218405900e+002 +1.218405900e+002 +1.413905900e+002 +1.413905900e+002 -1.0945e+000 -1.3310e+000 +2.3173e+000 -1.4842e+000 +5.9465e-002 -4.6555e-001 +8.5191e-001 -1.7936e+000 +8.5596e-001 +1.1390e+000
267 +1.144157411e+002 +1.144157411e+002 +1.339657411e+002 +1.339657411e+002 -2.5300e+000 -2.6618e+000 +2.4124e+000 -2.2833e+000 -2.7513e-002 -9.4533e-001 +1.3629e+000 -1.3668e+000 +2.3661e+000 +7.6726e-001
284 +1.104799206e+002 +1.104799206e+002 +1.300299206e+002 +1.300299206e+002 -1.9886e+000 -2.4805e+000 +1.8740e+000 +2.3902e-001 +2.7637e-001 -3.0571e+000 +1.1192e+000 -1.1701e+000 +2.5356e+000 +1.2732e+000
301 +9.659118489e+001 +9.659118489e+001 +1.161411849e+002 +1.161411849e+002 -1.1816e+000 -1.7982e+000 +3.4027e+000 -4.7287e-001 -6.3848e-001 -6.4226e-002 +1.6649e+000 -1.2405e+000 +1.0313e+000 -4.8563e-002
351 +9.455825975e+001 +9.455825975e+001 +1.141082597e+002 +1.141082597e+002 -1.3927e+000 -3.0009e+000 +1.5244e+000 +3.7903e-001 +5.4637e-001 -2.1529e+000 +4.7181e-001 -1.9701e+000 +1.3936e+000 +1.4124e+000
401 +7.999541789e+001 +7.999541789e+001 +9.954541789e+001 +9.954541789e+001 -2.0691e+000 -2.5138e+000 +1.7733e+000 -2.3072e+000 +1.6981e+000 -1.9733e+000 +1.2679e+000 -1.4365e+000 +1.4224e+000 +2.8549e+000
443 +7.923038836e+001 +7.923038836e+001 +9.878038836e+001 +9.878038836e+001 -2.8779e+000 -1.9203e+000 +2.9828e+000 -9.5029e-001 +4.7758e-005 -2.0065e+000 +1.8278e+000 -1.0137e+000 +1.6752e+000 +1.3128e+000
488 +5.295319966e+001 +5.295319966e+001 +7.250319966e+001 +7.250319966e+001 -1.3384e+000 +9.6789e-001 +9.5823e-001 -3.5570e-001 +1.4555e+000 -4.1090e-001 +2.0840e+000 -1.3246e+000 +2.4838e+000 +2.0532e+000
855 +4.013996936e+001 +4.013996936e+001 +5.968996936e+001 +5.968996936e+001 -1.1913e+000 -6.6936e-001 +1.2036e+000 -1.0296e+000 +1.2640e+000 -9.9732e-001 +7.1124e-001 -1.2798e+000 +1.4341e+000 +1.7896e+000
6203 +3.651625229e+001 +3.651625229e+001 +5.606625229e+001 +5.606625229e+001 -1.2771e+000 -1.0868e+000 +1.8930e+000 -4.3206e-001 +1.2648e+000 -1.8107e+000 +1.2966e+000 -1.0393e+000 +1.2895e+000 +1.8278e+000
70582 +3.133629723e+001 +3.133629723e+001 +5.088629723e+001 +5.088629723e+001 -9.8305e-001 -1.3991e+000 +4.3057e-001 -6.4583e-001 +1.2786e+000 -1.0732e+000 +7.6136e-001 -1.3344e+000 +8.5393e-001 +2.4314e+000
498462 +3.027829315e+001 +3.027829315e+001 +4.982829315e+001 +4.982829315e+001 -1.3785e+000 -1.1417e+000 +2.0461e+000 -1.2939e+000 +1.2885e-001 -7.6415e-001 +1.9181e+000 -1.5374e+000 +1.4979e+000 +1.5798e+000
685039 +2.869453513e+001 +2.869453513e+001 +4.824453513e+001 +4.824453513e+001 -8.1745e-001 -1.4642e+000 +7.8227e-001 -1.1899e+000 +1.2438e+000 -1.7176e+000 +1.3094e+000 -1.9843e+000 +1.3657e+000 +3.9818e-001
748661 +2.318644954e+001 +2.318644954e+001 +4.273644954e+001 +4.273644954e+001 -1.7016e+000 -1.9091e+000 +1.6404e+000 -1.5102e+000 +1.1411e+000 -6.5962e-001 +1.1888e+000 -1.6807e+000 +1.5086e+000 +1.3132e+000
% function evaluation | noise-free fitness - Fopt (-1.307000000000e+001) | best noise-free fitness - Fopt | measured fitness | best measured fitness | x1 | x2...
1 +1.406826937e+004 +1.406826937e+004 +1.405519937e+004 +1.405519937e+004 -1.0960e+000 +5.0106e+000 +9.5242e-001 -2.6543e-001 -3.7801e+000 -5.9749e+000 -5.6435e+000 +2.8902e+000 +1.7519e+000 +4.1332e+000
5 +4.663062383e+002 +4.663062383e+002 +4.532362383e+002 +4.532362383e+002 -2.8226e+000 +4.6440e+000 +1.2028e+000 -4.1736e+000 +3.7882e-001 -3.9851e+000 +9.2331e-002 +2.2410e-001 +4.8863e+000 +4.4166e+000
13 +3.101367217e+002 +3.101367217e+002 +2.970667217e+002 +2.970667217e+002 -2.9524e+000 +4.8698e+000 +3.4324e+000 -6.4721e-001 -1.1892e+000 -3.0418e+000 -1.1471e+000 +2.0925e+000 +4.6627e+000 +2.1364e+000
16 +1.947699834e+002 +1.947699834e+002 +1.816999834e+002 +1.816999834e+002 -3.8966e+000 +3.1041e+000 -4.3567e-001 +9.1417e-001 -3.3984e-001 -1.6298e+000 -2.9952e+000 -1.3774e-001 +1.8533e+000 +1.5501e+000
104 +1.555365423e+002 +1.555365423e+002 +1.424665423e+002 +1.424665423e+002 -3.4959e+000 +3.5334e+000 +1.4248e+000 +4.0967e-001 +1.3857e+000 -8.0547e-001 -1.5588e+000 +1.1174e+000 +1.6184e+000 +3.7804e-001
167 +1.533080794e+002 +1.533080794e+002 +1.402380794e+002 +1.402380794e+002 +1.1318e+000 +1.9168e+000 +2.8056e+000 +2.0639e+000 -1.0359e-001 -4.0562e-001 -1.4170e+000 +3.2387e+000 +1.6514e+000 +8.8638e-001
205 +1.488615050e+002 +1.488615050e+002 +1.357915050e+002 +1.357915050e+002 -3.0321e+000 +3.5276e-001 +1.6129e+000 +1.4284e+000 +7.3098e-001 +1.1464e+000 -2.5844e+000 +3.3036e+000 -2.3183e+000 -5.7238e-001
234 +1.366214781e+002 +1.366214781e+002 +1.235514781e+002 +1.235514781e+002 -1.1344e+000 +9.1055e-001 +1.3838e+000 +1.1200e+000 +5.1294e-001 -5.9974e-001 -9.5705e-001 +1.2181e+000 +2.0547e+000 +1.5439e+000
261 +1.215634117e+002 +1.215634117e+002 +1.084934117e+002 +1.084934117e+002 -1.3425e+000 +2.7662e+000 +2.9791e+000 -3.1554e-001 +6.1554e-001 +1.1959e+000 -3.2753e+000 +2.6498e+000 +2.4999e-001 +5.1230e-001
368 +1.111106000e+002 +1.111106000e+002 +9.804059997e+001 +9.804059997e+001 -2.4676e+000 +1.5144e+000 +1.0592e+000 +2.8381e+000 +5.9801e-002 +2.8354e-001 -1.3578e+000 +2.2623e+000 +1.1520e+000 -1.4875e+000
416 +1.047154707e+002 +1.047154707e+002 +9.164547069e+001 +9.164547069e+001 -3.5647e+000 +1.7041e+000 +2.6308e+000 -1.3055e-001 -1.0338e+000 +5.1183e-001 -1.5489e+000 +1.8201e+000 +2.7770e+000 -6.5636e-001
417 +1.016322003e+002 +1.016322003e+002 +8.856220031e+001 +8.856220031e+001 -2.6474e+000 +1.0487e-001 +2.4774e+000 +2.5173e+000 -1.7638e-001 +1.7287e+000 -1.7776e+000 +7.5781e-001 +7.6967e-001 -4.6580e-001
469 +9.804039724e+001 +9.804039724e+001 +8.497039724e+001 +8.497039724e+001 -7.0069e-001 +1.2859e+000 +2.2525e+000 +2.0134e+000 -4.6427e-001 +3.7211e-001 -1.1929e+000 +1.1887e+000 +1.6846e+000 +2.9936e-001
536 +9.428975247e+001 +9.428975247e+001 +8.121975247e+001 +8.121975247e+001 -2.4012e+000 +2.2502e+000 +9.4656e-001 +1.2742e+000 -5.0438e-001 -8.9722e-001 +3.4526e-001 +1.0121e+000 +1.6760e+000 -8.0074e-001
549 +8.212407283e+001 +8.212407283e+001 +6.905407283e+001 +6.905407283e+001 -1.6828e+000 +2.2070e-001 +1.9678e+000 +1.1725e+000 -5.3348e-001 +6.4211e-001 -7.1937e-001 +1.7556e+000 -8.4943e-002 -8.2013e-001
578 +7.447665799e+001 +7.447665799e+001 +6.140665799e+001 +6.140665799e+001 -1.3062e+000 +7.8774e-001 +2.4404e+000 +8.3598e-001 -6.7492e-001 +5.5446e-001 -2.1651e+000 +1.8850e+000 +1.4004e+000 -2.6095e-001
608 +7.058930012e+001 +7.058930012e+001 +5.751930012e+001 +5.751930012e+001 -1.4092e+000 +1.6071e+000 +1.5559e+000 +1.8975e+000 -9.9591e-001 +2.3101e+000 -2.2566e+000 +1.9866e+000 +1.0866e+000 -7.8020e-001
1007 +6.383338297e+001 +6.383338297e+001 +5.076338297e+001 +5.076338297e+001 -2.2619e+000 +1.4012e+000 +2.2845e+000 +9.0526e-001 -1.2290e+000 +1.3595e+000 -1.2788e+000 +1.0035e+000 +1.0487e+000 -1.1731e+000
1754 +6.174646329e+001 +6.174646329e+001 +4.867646329e+001 +4.867646329e+001 -1.8967e+000 +8.5552e-001 +2.0921e+000 +2.0195e+000 -1.2296e+000 -4.6814e-001 -1.6055e+000 +1.3262e+000 +1.0206e+000 -1.5218e+000
1972 +5.700516818e+001 +5.700516818e+001 +4.393516818e+001 +4.393516818e+001 -2.1644e+000 +1.1504e+000 +2.1417e+000 +1.1301e+000 -1.4502e+000 +1.6629e+000 -1.6395e+000 +1.2035e+000 +5.2583e-001 -1.4921e+000
3651 +4.926330884e+001 +4.926330884e+001 +3.619330884e+001 +3.619330884e+001 -1.0554e+000 +1.6314e+000 +1.7162e+000 +1.2501e+000 -5.2118e-002 +1.3898e+000 -1.0485e+000 +3.4082e-001 +1.9109e+000 -1.5248e+000
8096 +4.513739684e+001 +4.513739684e+001 +3.206739684e+001 +3.206739684e+001 -1.2095e+000 +1.6524e+000 +5.2799e-001 +1.5997e+000 -1.6743e+000 +9.7656e-001 -1.1192e+000 -2.7268e-001 +1.4239e+000 -1.2856e+000
9374 +4.196479028e+001 +4.196479028e+001 +2.889479028e+001 +2.889479028e+001 -6.1710e-001 +1.4960e+000 +1.2159e+000 +1.5172e+000 -2.3377e+000 +1.5811e+000 -1.8054e+000 +1.1944e+000 +1.7994e+000 -1.4031e+000
17612 +4.168233233e+001 +4.168233233e+001 +2.861233233e+001 +2.861233233e+001 -2.7915e+000 +1.4871e+000 +1.4279e+000 +1.1332e+000 -1.1919e+000 +1.0531e+000 -1.7229e+000 +1.0086e+000 +1.3591e+000 -1.3373e+000
91919 +3.813573412e+001 +3.813573412e+001 +2.506573412e+001 +2.506573412e+001 -1.7795e+000 +9.7764e-001 +1.1249e+000 +1.2798e+000 -9.7497e-001 +1.3864e+000 -1.4099e+000 +2.0712e+000 +1.3225e+000 -1.4813e+000
120552 +3.689115363e+001 +3.689115363e+001 +2.382115363e+001 +2.382115363e+001 -8.5716e-001 +1.6748e+000 +1.1778e+000 +8.7230e-001 -8.5187e-001 +1.7250e+000 -1.4963e+000 +8.1056e-001 +2.3014e+000 +8.8614e-002
122160 +3.525143142e+001 +3.525143142e+001 +2.218143142e+001 +2.218143142e+001 -1.2527e+000 +6.2504e-001 +1.8973e+000 +9.5845e-001 -1.3719e+000 +6.7727e-001 -1.5729e+000 +3.0665e-001 +1.9578e+000 -1.8448e+000
440538 +3.378891731e+001 +3.378891731e+001 +2.071891731e+001 +2.071891731e+001 -2.5571e+000 +8.8561e-001 +9.1521e-001 +9.8220e-001 -7.6976e-001 +1.5514e+000 -1.2391e+000 +1.7152e+000 +1.6113e+000 -1.7281e+000
623712 +3.205291731e+001 +3.205291731e+001 +1.898291731e+001 +1.898291731e+001 -1.4550e+000 +1.5640e+000 +2.1148e+000 +2.1409e+000 -1.1303e+000 +2.0928e+000 -1.1183e+000 +1.8197e+000 +1.9276e+000 -1.8125e+000
3045060 +3.046977012e+001 +3.046977012e+001 +1.739977012e+001 +1.739977012e+001 -1.6068e+000 +1.6087e+000 +1.4453e+000 +1.9647e+000 -6.0789e-001 +1.7790e+000 -2.0278e+000 +1.1392e+000 +1.0405e+000 -2.9335e+000
3265171 +2.980672128e+001 +2.980672128e+001 +1.673672128e+001 +1.673672128e+001 -2.3060e+000 +1.5059e+000 +1.4076e+000 +5.6257e-001 -1.0109e+000 +1.1234e+000 -2.3999e+000 +2.3793e+000 +1.6274e+000 -1.9717e+000
4158362 +2.928594665e+001 +2.928594665e+001 +1.621594665e+001 +1.621594665e+001 -1.1917e+000 +1.3440e+000 +8.8369e-001 +8.0387e-001 -2.3217e+000 +1.7484e+000 -1.0439e+000 +8.8226e-001 +7.1757e-001 -8.6141e-001
5421381 +2.813455942e+001 +2.813455942e+001 +1.506455942e+001 +1.506455942e+001 -2.1979e+000 +1.5526e+000 +1.3124e+000 +6.7828e-001 -1.6031e+000 +1.3286e+000 -1.3431e+000 +2.0242e+000 +1.4836e+000 -1.7914e+000
5601623 +2.485051046e+001 +2.485051046e+001 +1.178051046e+001 +1.178051046e+001 -9.2430e-001 +8.2167e-001 +1.5806e+000 +1.8613e+000 -1.6448e+000 +1.9585e+000 -1.6567e+000 +9.7791e-001 +1.7040e+000 -1.9009e+000
% function evaluation | noise-free fitness - Fopt (7.965000000000e+001) | best noise-free fitness - Fopt | measured fitness | best measured fitness | x1 | x2...
1 +1.586896866e+005 +1.586896866e+005 +1.587693366e+005 +1.587693366e+005 -5.3109e+000 +2.2338e+000 +4.4960e+000 +4.3742e+000 +8.6557e+000 +4.1226e+000 +3.6097e+000 +3.0107e+000 +2.7525e+000 -6.5331e+000
2 +2.797490971e+004 +2.797490971e+004 +2.805455971e+004 +2.805455971e+004 -6.6616e+000 -2.6496e-001 -5.8989e-001 +8.5245e-001 +2.4642e+000 -1.9778e+000 -3.8747e-001 -8.8946e-001 +3.2836e+000 -1.8662e+000
3 +3.940154325e+003 +3.940154325e+003 +4.019804325e+003 +4.019804325e+003 -4.2246e+000 -8.4523e-001 +2.9045e+000 +1.5783e+000 -1.8865e-001 +3.9996e+000 +4.4979e+000 +2.4196e+000 +5.5914e+000 -3.5623e+000
5 +2.987642109e+003 +2.987642109e+003 +3.067292109e+003 +3.067292109e+003 -5.5187e+000 +4.9840e+000 -2.1018e+000 +1.9749e+000 +5.5795e-001 +1.7591e+000 -2.1377e-001 -9.9493e-001 -3.1139e+000 -8.9827e-001
6 +3.809143277e+002 +3.809143277e+002 +4.605643277e+002 +4.605643277e+002 -1.4438e+000 +6.4479e-001 +1.8808e+000 +2.7612e+000 +3.4259e+000 +2.5484e-002 +7.9840e-001 +1.2705e+000 +4.2073e+000 -5.0874e+000
12 +3.020538654e+002 +3.020538654e+002 +3.817038654e+002 +3.817038654e+002 -3.5582e+000 +4.0582e+000 +3.3743e+000 -1.2581e+000 -1.7141e+000 +5.6492e-001 +1.2336e+000 +2.0379e+000 +3.9968e+000 -3.0088e+000
17 +2.890932928e+002 +2.890932928e+002 +3.687432928e+002 +3.687432928e+002 -3.3316e+000 +4.1645e+000 -3.6061e+000 +4.6746e-001 +5.7833e-002 -5.5296e-001 +1.5385e+000 +3.2619e+000 +5.9366e-001 -2.1073e+000
18 +2.275890815e+002 +2.275890815e+002 +3.072390815e+002 +3.072390815e+002 -1.8049e+000 +1.4629e+000 -2.5383e+000 +5.2031e-001 +8.0787e-001 +8.5523e-001 -3.1174e+000 +9.3847e-002 -1.8909e+000 -2.9593e+000
62 +2.176357331e+002 +2.176357331e+002 +2.972857331e+002 +2.972857331e+002 -1.1875e+000 -1.7861e+000 -9.8149e-001 +1.7258e+000 -7.9103e-001 +2.8418e+000 +2.1695e+000 +9.0971e-001 +1.6635e+000 -5.0929e-001
93 +1.733346978e+002 +1.733346978e+002 +2.529846978e+002 +2.529846978e+002 -9.3841e-001 +5.8705e-001 -2.5024e+000 +1.1490e+000 +3.1070e-001 +2.0190e+000 -1.5258e+000 +2.0257e+000 +3.6290e-001 -2.2562e+000
165 +1.673883701e+002 +1.673883701e+002 +2.470383701e+002 +2.470383701e+002 -2.0341e+000 +7.0366e-001 +7.4758e-001 +1.4756e+000 -2.2381e+000 -1.9389e+000 -1.2031e+000 +3.9688e-001 +1.0987e+000 +2.4973e+000
309 +1.332526837e+002 +1.332526837e+002 +2.129026837e+002 +2.129026837e+002 +8.3753e-002 +2.6065e+000 +1.3127e+000 +2.4273e+000 -1.1874e+000 +1.2577e+000 -6.3020e-001 +4.1413e-001 -1.6711e+000 -2.5466e+000
324 +1.207912054e+002 +1.207912054e+002 +2.004412054e+002 +2.004412054e+002 -1.2811e-001 +7.6825e-001 +1.8093e+000 +2.1830e+000 +1.6097e+000 +1.6804e+000 +1.2147e+000 +1.0044e+000 -1.4158e+000 +5.3269e-002
411 +1.145886364e+002 +1.145886364e+002 +1.942386364e+002 +1.942386364e+002 -7.4606e-002 +7.2555e-001 +2.0297e+000 +2.4196e+000 -1.5660e-001 +1.1152e+000 -8.4349e-001 +3.9145e-001 +1.5265e-001 -1.0005e+000
445 +8.345576060e+001 +8.345576060e+001 +1.631057606e+002 +1.631057606e+002 +2.6564e+000 +1.2364e+000 +1.6519e+000 +2.0082e+000 -4.3129e-001 +6.4644e-001 -3.8224e-001 +1.1168e+000 -1.8234e+000 -2.3775e+000
653 +7.237981498e+001 +7.237981498e+001 +1.520298150e+002 +1.520298150e+002 +1.1511e+000 +1.7221e+000 +1.5973e+000 +2.0716e+000 -1.0097e+000 +9.6354e-002 -1.1375e+000 +1.3553e+000 -1.2685e+000 -1.4287e+000
1016 +6.316520021e+001 +6.316520021e+001 +1.428152002e+002 +1.428152002e+002 +1.7770e+000 +6.6621e-001 +2.0560e+000 +1.2521e+000 +5.3828e-001 +8.4491e-001 -8.9821e-001 +1.0555e+000 -3.1080e+000 -1.1277e+000
1311 +5.951271608e+001 +5.951271608e+001 +1.391627161e+002 +1.391627161e+002 +2.0974e+000 +2.4681e+000 +2.0713e+000 +2.2658e+000 +1.3145e+000 +3.2591e-001 -2.2493e-001 +2.1694e+000 -1.7727e+000 -2.5914e+000
2051 +5.469748183e+001 +5.469748183e+001 +1.343474818e+002 +1.343474818e+002 +1.8916e+000 +1.7891e+000 +1.5329e+000 +1.5533e+000 +1.7485e+000 +1.1994e+000 -2.3608e+000 +2.7546e-001 -1.4509e+000 -1.5163e+000
3648 +4.605755300e+001 +4.605755300e+001 +1.257075530e+002 +1.257075530e+002 +2.3431e-001 +1.1791e+000 +1.4423e+000 +2.4600e+000 +1.0111e+000 +1.4304e+000 -1.2175e+000 +1.8150e+000 -1.3214e+000 -1.2227e+000
5371 +3.131078792e+001 +3.131078792e+001 +1.109607879e+002 +1.109607879e+002 +7.0807e-001 +1.0467e+000 +9.0669e-001 +8.2169e-001 +1.1888e+000 +1.2188e+000 -1.7983e+000 +9.8525e-001 -1.4415e+000 -1.3549e+000
107781 +2.182664806e+001 +2.182664806e+001 +1.014766481e+002 +1.014766481e+002 +2.1769e+000 +1.5752e+000 +1.3425e+000 +1.3032e+000 +1.7720e+000 +8.5624e-001 -8.3617e-001 +1.4563e+000 -1.5759e+000 -7.6697e-001
7534251 +2.096738622e+001 +2.096738622e+001 +1.006173862e+002 +1.006173862e+002 +1.3543e+000 +1.9378e+000 +2.8147e-001 +1.4856e+000 +1.2184e+000 +1.1685e+000 -1.5585e+000 +1.7825e+000 -1.5597e+000 -1.3333e+000
% function evaluation | noise-free fitness - Fopt (1.160000000000e+000) | best noise-free fitness - Fopt | measured fitness | best measured fitness | x1 | x2...
1 +1.296996974e+005 +1.296996974e+005 +1.297008574e+005 +1.297008574e+005 +4.6248e+000 -3.9132e+000 +7.3833e-001 +8.5023e+000 +5.2996e+000 -1.3869e+000 +5.7433e+000 +2.9954e+000 -2.6602e-001 +4.9310e+000
3 +5.374713999e+003 +5.374713999e+003 +5.375873999e+003 +5.375873999e+003 +3.2977e+000 -4.6695e+000 +5.6999e+000 +5.3889e-001 +4.2608e+000 -1.8724e+000 +1.9030e+000 -1.4337e+000 -1.7129e+000 +4.9570e+000
6 +8.393783374e+002 +8.393783374e+002 +8.405383374e+002 +8.405383374e+002 +2.0022e+000 -5.1986e+000 +2.1805e+000 -2.3956e+000 +4.5757e+000 -1.7033e+000 -1.7484e+000 +4.7631e-002 +1.6873e+000 -4.2292e+000
43 +3.524424726e+002 +3.524424726e+002 +3.536024726e+002 +3.536024726e+002 +3.0098e+000 +5.5972e-001 +3.1132e+000 -2.2475e+000 +1.3837e+000 -1.2754e+000 -6.0972e-002 +5.3905e-001 +1.7399e+000 +4.4532e+000
89 +3.378608446e+002 +3.378608446e+002 +3.390208446e+002 +3.390208446e+002 +2.2896e+000 -4.5030e+000 +4.1404e+000 -1.4977e+000 +3.5605e+000 -7.8844e-001 -1.0490e+000 -4.8499e+000 +3.6367e+000 +5.1098e-002
119 +2.269631437e+002 +2.269631437e+002 +2.281231437e+002 +2.281231437e+002 +2.3132e+000 -3.4951e+000 +2.3143e+000 -1.3419e+000 -7.5540e-001 +3.4978e-001 -3.2196e+000 +1.6209e+000 +8.3140e-001 +1.0548e+000
243 +2.190928877e+002 +2.190928877e+002 +2.202528877e+002 +2.202528877e+002 +2.6189e+000 -2.4237e+000 -6.5358e-001 -9.4311e-001 +2.6543e+000 -1.6819e+000 -1.6263e+000 +5.5023e-001 +6.8991e-001 +2.5086e+000
273 +1.596333183e+002 +1.596333183e+002 +1.607933183e+002 +1.607933183e+002 +4.3617e+000 -9.8089e-001 -8.3345e-002 +1.4369e+000 +1.2430e+000 -7.9196e-001 +3.1079e-001 -7.7677e-001 +7.3397e-001 +8.3204e-001
303 +1.580613400e+002 +1.580613400e+002 +1.592213400e+002 +1.592213400e+002 +1.0377e+000 -2.3611e+000 -1.4266e+000 -4.7553e-001 +3.6693e+000 -8.0148e-001 -1.4717e+000 -7.5004e-001 -6.8564e-001 +1.9817e+000
304 +1.434429622e+002 +1.434429622e+002 +1.446029622e+002 +1.446029622e+002 -8.2720e-001 +8.8552e-002 -6.3609e-001 -2.4129e-001 +2.3690e+000 -1.6752e+000 -5.9920e-001 +4.1952e-001 -9.1342e-001 +2.1807e+000
345 +1.348049569e+002 +1.348049569e+002 +1.359649569e+002 +1.359649569e+002 +6.7982e-001 -2.0546e+000 +5.9669e-001 -4.9843e-001 +1.5812e+000 -6.7556e-001 -3.3475e-001 +8.1360e-001 +3.9306e-001 +2.3579e+000
411 +1.131451624e+002 +1.131451624e+002 +1.143051624e+002 +1.143051624e+002 +1.8985e+000 -3.3647e+000 -1.4996e+000 +1.8525e-002 +1.2305e+000 -1.7292e+000 +1.2983e+000 +1.3099e+000 -2.3605e+000 +2.3174e+000
503 +9.457838653e+001 +9.457838653e+001 +9.573838653e+001 +9.573838653e+001 +1.1489e+000 -3.5059e+000 -5.3488e-001 +5.7556e-001 +1.1169e+000 -4.4839e-001 +2.5132e-001 +1.6807e+000 -1.0502e+000 +1.4379e+000
573 +8.831555935e+001 +8.831555935e+001 +8.947555935e+001 +8.947555935e+001 +1.8756e+000 -1.9759e+000 -8.1243e-001 +3.2835e-001 +2.1804e+000 -1.4508e+000 -7.8678e-001 +5.8141e-001 -1.2047e+000 +1.6702e+000
617 +6.605818875e+001 +6.605818875e+001 +6.721818875e+001 +6.721818875e+001 +3.9599e-001 -2.2318e+000 -6.1325e-001 +2.9284e-001 +1.3856e+000 -2.0979e-001 +9.7670e-001 +5.9576e-001 -1.4327e+000 +6.9756e-001
946 +6.242986660e+001 +6.242986660e+001 +6.358986660e+001 +6.358986660e+001 +2.0851e+000 -2.9416e-001 -1.0800e+000 +1.2351e+000 +1.5178e+000 -1.2609e+000 +1.7800e+000 +8.9274e-001 -5.3702e-001 +1.7725e+000
1393 +5.575190440e+001 +5.575190440e+001 +5.691190440e+001 +5.691190440e+001 +8.7196e-001 -1.0704e+000 -1.0831e+000 +1.0584e+000 +1.0318e+000 -1.5394e+000 +2.4522e+000 +2.0062e+000 -1.1091e+000 +1.3324e+000
1784 +5.335106257e+001 +5.335106257e+001 +5.451106257e+001 +5.451106257e+001 +7.8322e-001 -1.2638e+000 -1.5446e+000 +3.2782e+000 +8.3966e-001 -2.1085e+000 +2.2369e+000 +1.0682e+000 -5.8609e-001 +1.3485e+000
2268 +5.175773702e+001 +5.175773702e+001 +5.291773702e+001 +5.291773702e+001 +1.3726e+000 -7.6394e-001 -7.9622e-001 +1.0593e+000 +1.0302e+000 +2.8315e-001 +1.4631e+000 +5.7224e-001 -4.7667e-001 +5.9904e-001
2527 +4.979771601e+001 +4.979771601e+001 +5.095771601e+001 +5.095771601e+001 +8.4665e-001 -1.2205e+000 -1.5623e+000 +1.1862e+000 +7.8253e-001 -1.0384e+000 +1.2585e+000 +6.6615e-001 -1.3182e+000 +7.2300e-001
4856 +2.314964038e+001 +2.314964038e+001 +2.430964038e+001 +2.430964038e+001 +1.1357e+000 -1.1533e+000 -1.1852e+000 +9.9739e-001 +9.5570e-001 -1.4114e+000 +1.9176e+000 +1.1714e+000 -1.0737e+000 +1.3361e+000
376053 +2.026558635e+001 +2.026558635e+001 +2.142558635e+001 +2.142558635e+001 +1.6870e+000 -1.5223e+000 -1.0060e+000 +1.2969e+000 +1.4903e+000 -1.4645e+000 +6.9047e-001 +1.4337e+000 -1.0841e+000 +4.2572e-001
1071330 +1.627837033e+001 +1.627837033e+001 +1.743837033e+001 +1.743837033e+001 +6.3546e-001 -1.4062e+000 -1.2860e+000 +7.8822e-001 +1.4107e+000 -1.1880e+000 +7.3408e-001 +1.5957e+000 -9.2460e-001 +7.8991e-001
3166631 +1.034614554e+001 +1.034614554e+001 +1.150614554e+001 +1.150614554e+001 +1.4106e+000 -1.6283e+000 -8.6135e-001 +8.5432e-001 +1.7099e+000 -1.0785e+000 +7.5371e-001 +1.1868e+000 -1.7655e+000 +1.9259e+000
% function evaluation | noise-free fitness - Fopt (2.407100000000e+002) | best noise-free fitness - Fopt | measured fitness | best measured fitness | x1 | x2...
1 +7.219395870e+004 +7.219395870e+004 +7.243466870e+004 +7.243466870e+004 -1.6510e+000 +1.0288e+000 -6.6470e+000 +4.7529e-001 -4.9014e+000 +3.7209e+000 +4.0167e+000 -2.9821e+000 +6.2120e+000 -6.7275e+000
2 +3.783028782e+002 +3.783028782e+002 +6.190128782e+002 +6.190128782e+002 -4.5877e+000 +2.1688e+000 -3.0152e+000 -3.1449e+000 -4.8487e+000 -1.1443e+000 +2.5832e+000 -1.4824e+000 +3.4209e+000 +2.5872e+000
4 +2.642536992e+002 +2.642536992e+002 +5.049636992e+002 +5.049636992e+002 -3.1536e+000 +2.5651e+000 -3.1825e+000 +9.9962e-001 -2.9241e+000 +1.5689e+000 +3.3122e+000 +7.3328e-001 +1.1624e+000 -4.6524e-001
27 +2.624814014e+002 +2.624814014e+002 +5.031914014e+002 +5.031914014e+002 -3.7141e+000 +1.5460e-001 -2.4747e+000 -1.1639e-001 -2.2371e+000 +1.3605e+000 +4.3185e+000 -2.0152e+000 +3.1332e+000 -7.3025e-001
37 +2.446047684e+002 +2.446047684e+002 +4.853147684e+002 +4.853147684e+002 -9.6550e-001 +4.7531e+000 -3.0142e+000 +2.4199e+000 +1.1115e+000 -1.0146e+000 +3.8476e+000 +2.1404e+000 +4.2556e+000 -2.4756e+000
54 +2.313616557e+002 +2.313616557e+002 +4.720716557e+002 +4.720716557e+002 -2.5277e+000 +1.2352e+000 -2.9868e+000 -2.9158e+000 -1.3969e+000 +1.6791e+000 -1.0655e-001 +4.2588e+000 +2.3524e+000 -9.0898e-001
65 +1.972563479e+002 +1.972563479e+002 +4.379663479e+002 +4.379663479e+002 +2.3951e-001 +2.3479e+000 -4.3392e+000 -1.5465e+000 -3.3109e+000 +1.0270e+000 +1.6269e+000 +1.3921e-001 +1.4644e+000 -4.0557e-001
72 +1.736446921e+002 +1.736446921e+002 +4.143546921e+002 +4.143546921e+002 -2.1791e+000 +2.4262e+000 -2.5777e+000 +1.4249e+000 +1.6945e-001 +8.1940e-001 +2.6471e+000 -1.5547e+000 +1.3599e+000 -4.6551e-001
103 +1.622961880e+002 +1.622961880e+002 +4.030061880e+002 +4.030061880e+002 +1.5411e-001 +1.7164e+000 -1.1775e+000 +2.5391e+000 -2.0756e+000 +1.8938e+000 +5.6847e-001 +7.3863e-002 +1.8341e+000 -1.4415e+000
177 +1.483305545e+002 +1.483305545e+002 +3.890405545e+002 +3.890405545e+002 -6.8928e-001 -1.0068e-001 -1.8007e+000 -2.9139e+000 -2.2771e+000 -4.8022e-001 -3.8559e-001 +2.9672e-001 -4.7167e-002 +1.3790e+000
215 +1.407404569e+002 +1.407404569e+002 +3.814504569e+002 +3.814504569e+002 -1.1953e+000 +8.3852e-001 -2.3038e+000 -1.1477e+000 -1.6463e+000 +8.5868e-001 +6.0117e-001 -1.4694e-001 +2.4208e+000 -9.0896e-001
304 +1.225655359e+002 +1.225655359e+002 +3.632755359e+002 +3.632755359e+002 +1.2879e+000 +1.6238e+000 -1.0411e+000 -9.4758e-001 -1.0535e+000 +1.3224e+000 +6.7988e-001 +5.6772e-001 +1.3787e-001 -4.1567e-001
384 +1.056932100e+002 +1.056932100e+002 +3.464032100e+002 +3.464032100e+002 +8.3556e-001 +1.7005e+000 -1.5713e+000 -1.5650e+000 -1.7048e+000 +1.2697e+000 +5.0853e-001 -3.5971e-002 +5.9146e-001 -1.8860e+000
470 +6.389092393e+001 +6.389092393e+001 +3.046009239e+002 +3.046009239e+002 +2.5351e-001 +1.5451e+000 -8.2636e-001 -1.9872e+000 +8.7128e-001 +8.7673e-001 +1.1423e+000 +4.1499e-001 +1.8234e+000 -2.3351e+000
1628 +5.737648382e+001 +5.737648382e+001 +2.980864838e+002 +2.980864838e+002 +8.4623e-001 +1.8291e+000 -2.4132e+000 -1.5262e+000 +1.0200e+000 +1.7218e+000 +1.5578e+000 +1.3207e+000 +1.9953e+000 -9.2049e-001
3328 +5.604807071e+001 +5.604807071e+001 +2.967580707e+002 +2.967580707e+002 +1.3219e+000 +1.4055e+000 -4.4587e-001 -1.1790e+000 +9.7760e-001 +2.8761e+000 +1.4026e+000 +1.1781e+000 +8.6298e-001 -8.0419e-002
6979 +4.371813741e+001 +4.371813741e+001 +2.844281374e+002 +2.844281374e+002 +2.1363e+000 +1.0304e+000 -1.7793e+000 -1.9963e+000 +1.1079e+000 +2.0081e+000 +1.7564e+000 +8.4505e-001 +1.0588e+000 -1.6771e+000
26838 +3.690109225e+001 +3.690109225e+001 +2.776110922e+002 +2.776110922e+002 +1.3124e+000 +1.1817e+000 -1.4632e+000 -1.3207e+000 +1.6407e+000 +1.1937e+000 +2.1536e+000 +2.0222e+000 +8.2780e-001 -8.2340e-001
51749 +3.133800380e+001 +3.133800380e+001 +2.720480038e+002 +2.720480038e+002 +1.1235e+000 +1.7721e+000 -1.9328e+000 -1.9448e+000 +5.8290e-001 +1.1631e+000 +1.0302e+000 +1.9954e+000 +1.6809e+000 -1.3880e+000
597009 +2.814419456e+001 +2.814419456e+001 +2.688541946e+002 +2.688541946e+002 +1.1972e+000 +1.6155e+000 -1.3639e+000 -2.3756e+000 +2.0885e+000 +7.7352e-001 +1.3933e+000 +8.7753e-001 +4.1507e-001 -9.9822e-001
1032732 +2.698322317e+001 +2.698322317e+001 +2.676932232e+002 +2.676932232e+002 +2.0384e+000 +1.0677e+000 -1.4167e+000 -9.5423e-001 +1.0899e+000 +1.4404e+000 +1.2822e+000 +2.1567e+000 +1.5906e+000 -1.6914e+000
2469226 +2.649585522e+001 +2.649585522e+001 +2.672058552e+002 +2.672058552e+002 +1.2952e+000 +1.5164e+000 -1.8141e+000 -2.1974e+000 +1.9630e+000 +1.7213e+000 +2.0605e+000 +1.2338e+000 +1.2533e+000 -5.6661e-001
9528841 +2.402317840e+001 +2.402317840e+001 +2.647331784e+002 +2.647331784e+002 +2.0281e+000 +1.0340e+000 -2.1528e+000 -2.0873e-001 +1.6676e+000 +1.5137e+000 +1.6527e+000 +1.3251e+000 +1.4819e+000 -1.9207e+000
% function evaluation | noise-free fitness - Fopt (-2.707900000000e+002) | best noise-free fitness - Fopt | measured fitness | best measured fitness | x1 | x2...
1 +3.029663913e+004 +3.029663913e+004 +3.002584913e+004 +3.002584913e+004 +2.0436e-001 +3.2538e+000 -2.4937e+000 +5.5273e+000 +5.1537e+000 +1.9911e+000 +6.6360e+000 -3.4035e+000 +3.1564e+000 +2.4032e+000
6 +9.462605928e+003 +9.462605928e+003 +9.191815928e+003 +9.191815928e+003 +1.4703e+000 -1.1863e-001 -2.6217e+000 +3.6002e+000 -3.1672e+000 +1.1762e+000 +4.8323e+000 -1.1820e+000 +5.9545e+000 +1.4295e+000
13 +2.806687115e+003 +2.806687115e+003 +2.535897115e+003 +2.535897115e+003 +2.0377e+000 +5.4915e+000 -3.8977e+000 +2.4414e+000 -4.0337e+000 +1.1818e-001 +4.0648e+000 -9.2080e-001 +8.2872e-001 +3.0296e+000
30 +4.122237347e+002 +4.122237347e+002 +1.414337347e+002 +1.414337347e+002 +2.1651e-001 +4.1599e+000 -4.5419e+000 +3.2661e+000 -3.5012e+000 +8.9846e-001 +3.1091e+000 -1.9378e+000 +2.8731e+000 -5.1558e-002
49 +2.562344265e+002 +2.562344265e+002 -1.455557352e+001 -1.455557352e+001 +1.0386e+000 -2.0052e-001 -1.7146e-001 +1.4644e+000 -3.2591e+000 +1.8662e-001 +2.9602e+000 +2.7280e+000 -1.3966e+000 +4.6469e+000
130 +2.277390648e+002 +2.277390648e+002 -4.305093521e+001 -4.305093521e+001 +4.3936e-001 -1.8090e+000 -2.1878e+000 -2.0873e-001 -4.4950e+000 -8.4112e-001 +4.3878e+000 +7.3382e-001 +7.1401e-001 +1.6011e+000
135 +2.160588494e+002 +2.160588494e+002 -5.473115060e+001 -5.473115060e+001 -1.8486e+000 +6.4355e-001 -1.0476e+000 +7.6127e-001 -2.3994e+000 -1.3365e+000 +2.8859e+000 -4.8771e-001 +2.3374e+000 +2.0464e+000
137 +2.080754169e+002 +2.080754169e+002 -6.271458310e+001 -6.271458310e+001 +2.4391e+000 -1.4899e+000 -1.9570e+000 +1.6771e+000 -3.4156e+000 +5.6118e-001 +3.4666e+000 -1.4999e+000 +1.4125e+000 +2.3993e+000
174 +1.796222225e+002 +1.796222225e+002 -9.116777746e+001 -9.116777746e+001 +4.8694e-001 +1.1560e-001 -3.4079e+000 +3.3877e-001 -1.8433e+000 +3.2605e-002 +3.3710e+000 -1.5215e+000 +1.4897e+000 +3.2781e+000
175 +1.528155115e+002 +1.528155115e+002 -1.179744885e+002 -1.179744885e+002 +2.6248e+000 -7.1379e-001 -2.0351e+000 -2.6658e+000 +7.5925e-001 -8.7924e-001 +9.4574e-001 -2.2111e+000 +4.0758e+000 +8.6472e-001
256 +1.456761750e+002 +1.456761750e+002 -1.251138250e+002 -1.251138250e+002 +2.1744e+000 +3.9988e-001 -3.5501e+000 -1.1808e+000 -1.0478e+000 -8.7748e-001 +2.8956e+000 +1.6476e-001 +1.9875e+000 +3.0560e+000
277 +1.331869056e+002 +1.331869056e+002 -1.376030944e+002 -1.376030944e+002 +2.1170e+000 +1.4944e-001 -3.5654e+000 -7.8621e-001 -9.1649e-001 -7.4753e-001 +2.8392e+000 -2.3625e-001 +2.1550e+000 +2.4637e+000
313 +1.296780733e+002 +1.296780733e+002 -1.411119267e+002 -1.411119267e+002 -5.9589e-001 -1.5543e+000 -5.7943e-001 +6.6671e-001 +1.4752e+000 -1.5344e+000 +3.2370e+000 +1.5954e-001 +3.4697e+000 +2.6461e+000
371 +1.262609635e+002 +1.262609635e+002 -1.445290365e+002 -1.445290365e+002 +1.1949e+000 +3.3558e-001 -1.6511e+000 -1.2671e+000 +1.1243e+000 +1.2392e+000 +3.4538e+000 +9.4031e-001 +2.3353e+000 +8.4533e-001
405 +1.025051921e+002 +1.025051921e+002 -1.682848079e+002 -1.682848079e+002 +5.4047e-001 -1.0604e+000 +2.3203e-001 -1.1881e+000 +9.4228e-001 -1.1944e+000 +2.7847e+000 +3.1038e-001 +2.2499e+000 +1.6830e+000
605 +1.021781610e+002 +1.021781610e+002 -1.686118390e+002 -1.686118390e+002 +1.6233e+000 -2.0809e+000 -1.2867e+000 -1.3189e+000 +2.8308e+000 -8.5842e-001 +3.0831e+000 +1.5554e+000 +2.4205e+000 +7.7562e-001
632 +9.065045666e+001 +9.065045666e+001 -1.801395433e+002 -1.801395433e+002 +2.0481e+000 -1.1481e+000 -5.4127e-001 -1.6707e+000 +1.1274e+000 -2.9730e-001 +2.3758e+000 +1.6493e+000 +2.6646e+000 +9.9889e-001
637 +8.802454068e+001 +8.802454068e+001 -1.827654593e+002 -1.827654593e+002 +2.2767e+000 -2.6850e-001 -1.5806e+000 -1.7010e+000 +1.8224e+000 -1.8640e+000 +3.3025e+000 +7.1837e-001 +1.8892e+000 +1.1855e+000
754 +6.541319899e+001 +6.541319899e+001 -2.053768010e+002 -2.053768010e+002 +1.1237e+000 -9.0320e-001 -1.5515e+000 -1.6941e+000 +7.2291e-001 +5.9670e-001 +2.1575e+000 +1.7468e+000 +1.5831e+000 +1.7842e+000
1271 +6.364328259e+001 +6.364328259e+001 -2.071467174e+002 -2.071467174e+002 +1.2108e+000 -1.2732e+000 -1.5493e+000 -1.8092e+000 +1.3959e+000 +1.8991e-001 +1.9853e+000 +1.4953e+000 -3.0991e-001 +1.3254e+000
2248 +3.407940760e+001 +3.407940760e+001 -2.367105924e+002 -2.367105924e+002 +2.4105e+000 -1.3499e+000 -1.2216e+000 -1.3169e+000 +1.2801e+000 -6.6436e-001 +1.3567e+000 +1.2202e+000 +1.9989e+000 +2.0885e-001
102887 +3.091247148e+001 +3.091247148e+001 -2.398775285e+002 -2.398775285e+002 +1.9848e+000 -1.7659e+000 -1.7612e+000 -9.2983e-001 +1.9558e+000 -1.3367e+000 +8.4175e-001 +1.7145e+000 +1.2453e+000 +9.4627e-001
651481 +3.000905814e+001 +3.000905814e+001 -2.407809419e+002 -2.407809419e+002 +8.1506e-001 -1.4257e+000 -1.1951e+000 +1.8555e-001 +1.3416e+000 -6.9915e-001 +9.3072e-001 +1.1056e+000 +1.1776e+000 +1.3242e+000
966930 +2.154650829e+001 +2.154650829e+001 -2.492434917e+002 -2.492434917e+002 +1.5908e+000 -1.2649e+000 -1.3417e+000 -1.9814e+000 +1.5683e+000 -9.1045e-001 +1.5636e+000 +1.1199e+000 +1.3855e+000 +1.9827e+000
% function evaluation | noise-free fitness - Fopt (2.612000000000e+001) | best noise-free fitness - Fopt | measured fitness | best measured fitness | x1 | x2...
1 +3.977400412e+005 +3.977400412e+005 +3.977661612e+005 +3.977661612e+005 +3.2520e+000 -6.1590e-001 +9.3455e+000 -8.3561e+000 -4.4446e+000 +7.9201e-002 +4.8560e+000 -3.4825e+000 -8.0855e+000 -2.3082e+000
3 +2.650938305e+004 +2.650938305e+004 +2.653550305e+004 +2.653550305e+004 +2.2423e+000 +4.8912e+000 +4.6673e+000 -2.8157e+000 +2.3015e+000 +7.6333e-001 +4.0754e+000 +1.4930e+000 -6.6112e+000 -1.7326e+000
5 +3.201571387e+002 +3.201571387e+002 +3.462771387e+002 +3.462771387e+002 +1.3754e+000 +4.3941e+000 +4.4942e+000 -2.0995e+000 -2.0872e+000 -7.4045e-001 +3.4009e+000 +1.0710e+000 -3.4104e-001 +5.8210e-001
75 +2.924647907e+002 +2.924647907e+002 +3.185847907e+002 +3.185847907e+002 -4.1015e-001 +8.1618e-001 -2.5371e+000 -4.9631e+000 -1.9623e+000 -2.7211e+000 +4.4333e+000 +1.8977e+000 -2.5193e+000 -2.0545e+000
103 +2.577815014e+002 +2.577815014e+002 +2.839015014e+002 +2.839015014e+002 +1.7490e+000 +4.9183e+000 +2.1094e+000 -9.3652e-001 -3.1488e+000 -1.9987e+000 +2.7216e+000 +5.4727e-001 -3.6256e+000 +8.6308e-001
108 +2.173879408e+002 +2.173879408e+002 +2.435079408e+002 +2.435079408e+002 +1.2323e+000 +2.1411e+000 +1.4045e+000 -3.0833e+000 -2.8195e+000 +1.4486e+000 +3.0543e-001 +9.4572e-001 -2.8552e-002 +1.4039e+000
137 +1.638800392e+002 +1.638800392e+002 +1.900000392e+002 +1.900000392e+002 +2.5150e+000 +2.1269e+000 +5.8636e-001 -1.2817e+000 -2.8056e+000 -3.8441e+000 +2.4443e+000 +1.0748e-001 -3.6251e+000 +8.0055e-001
190 +1.585751189e+002 +1.585751189e+002 +1.846951189e+002 +1.846951189e+002 +2.9955e+000 +1.7374e+000 +5.9631e-002 -1.6858e+000 -2.2392e+000 -1.4918e+000 +4.5937e-001 +4.9371e-001 -1.6168e+000 -4.2183e-001
212 +1.571436367e+002 +1.571436367e+002 +1.832636367e+002 +1.832636367e+002 +2.1215e+000 +2.7140e-001 -2.8296e+000 -1.4241e+000 -1.8452e+000 -8.9085e-002 +7.3855e-001 -4.5991e-001 -1.8518e+000 +4.5648e+000
232 +1.536406160e+002 +1.536406160e+002 +1.797606160e+002 +1.797606160e+002 -8.1736e-001 +2.7915e+000 -1.2245e+000 -1.0283e+000 -2.5760e+000 -5.6791e-001 +2.4108e+000 +1.9225e-001 -2.3962e+000 -1.4106e+000
241 +1.411946571e+002 +1.411946571e+002 +1.673146571e+002 +1.673146571e+002 +1.7649e+000 +1.1681e+000 -4.6672e-001 -3.5687e+000 -2.8750e+000 -2.5959e+000 +1.9847e+000 +5.6268e-002 -6.0195e-001 +1.5000e+000
262 +1.303602765e+002 +1.303602765e+002 +1.564802765e+002 +1.564802765e+002 +1.1963e+000 +2.3431e+000 -2.3726e-001 -8.5212e-001 -3.4501e+000 -1.7478e+000 +1.7371e+000 +5.3347e-001 -1.5087e+000 -3.2690e-001
326 +1.260293351e+002 +1.260293351e+002 +1.521493351e+002 +1.521493351e+002 +2.3648e+000 +1.5257e+000 -9.6885e-001 +8.4981e-001 -2.2921e+000 -6.5996e-001 +1.8585e+000 -3.4477e-001 -2.0757e+000 -7.8545e-001
373 +1.214915775e+002 +1.214915775e+002 +1.476115775e+002 +1.476115775e+002 +1.7335e+000 +3.1825e+000 -8.8347e-001 -1.2540e+000 -2.5845e+000 +5.7953e-001 +2.4684e+000 -1.6754e+000 -2.1472e-001 +8.3360e-001
418 +1.157519722e+002 +1.157519722e+002 +1.418719722e+002 +1.418719722e+002 +2.9996e+000 +2.1696e+000 -1.4179e+000 -2.8877e-001 -6.3908e-001 -1.7465e+000 +2.4888e+000 -3.6869e-001 -9.5159e-001 +3.8798e-001
430 +1.125713772e+002 +1.125713772e+002 +1.386913772e+002 +1.386913772e+002 +1.6334e+000 +1.9620e+000 -7.4783e-001 -1.0316e+000 -2.9408e+000 -1.3595e+000 +2.2222e+000 -3.3238e-001 -8.1872e-003 +9.5390e-001
434 +1.050333158e+002 +1.050333158e+002 +1.311533158e+002 +1.311533158e+002 +1.9139e+000 +2.3930e+000 -1.1267e+000 -1.4001e+000 -2.2599e+000 +1.2555e-001 +2.3426e+000 -7.7573e-001 -1.0451e+000 +1.0500e+000
458 +1.025522207e+002 +1.025522207e+002 +1.286722207e+002 +1.286722207e+002 +2.3807e+000 +2.1010e+000 -1.4416e+000 -5.9703e-001 -2.3192e+000 -2.3849e-001 +2.6696e+000 -6.8028e-001 -5.5902e-001 -1.3196e-001
488 +9.334766845e+001 +9.334766845e+001 +1.194676685e+002 +1.194676685e+002 +2.3031e+000 +3.1834e+000 +4.2929e-002 -4.8787e-001 -2.3938e+000 +1.6840e-002 +2.9218e+000 -4.6538e-001 -7.2301e-001 +5.4466e-001
529 +9.065788534e+001 +9.065788534e+001 +1.167778853e+002 +1.167778853e+002 +1.5608e+000 +1.6974e+000 -1.4183e+000 -1.5689e+000 -1.4333e+000 -1.4964e+000 +1.7023e+000 -7.2674e-001 -1.3422e+000 +1.3329e+000
553 +7.849824808e+001 +7.849824808e+001 +1.046182481e+002 +1.046182481e+002 +2.0019e+000 +1.4342e+000 -9.3534e-001 -6.1961e-001 -3.9692e-001 -1.7818e+000 +2.5953e+000 -1.3232e+000 -7.6366e-001 +6.9284e-001
648 +5.070993753e+001 +5.070993753e+001 +7.682993753e+001 +7.682993753e+001 +1.7359e+000 +1.8457e+000 -8.6486e-001 -1.4714e+000 -1.1882e+000 -1.4301e+000 +1.9325e+000 -1.6641e+000 -6.0477e-001 +1.1222e+000
2453 +4.637344648e+001 +4.637344648e+001 +7.249344648e+001 +7.249344648e+001 +1.3528e+000 +1.1883e+000 -5.7470e-001 -1.2370e+000 -2.2738e+000 -9.3278e-001 +1.6969e+000 -1.9925e+000 -8.3429e-001 +2.3529e+000
2492 +4.553580032e+001 +4.553580032e+001 +7.165580032e+001 +7.165580032e+001 +1.1956e+000 +1.0603e+000 -1.2921e+000 -5.3403e-001 -9.0120e-001 -1.2164e+000 +4.5067e-001 -1.3856e+000 -9.5077e-001 +1.5621e+000
5936 +4.019050018e+001 +4.019050018e+001 +6.631050018e+001 +6.631050018e+001 +1.5378e+000 +5.6961e-001 -1.4722e+000 -7.4169e-001 -1.2840e+000 -1.1763e+000 +1.7184e+000 -8.5262e-001 -1.6979e+000 +1.8263e+000
10569 +3.719715409e+001 +3.719715409e+001 +6.331715409e+001 +6.331715409e+001 +1.5341e+000 +5.2738e-001 -1.1162e+000 -8.7021e-001 -1.8827e+000 -1.4429e+000 +1.3586e+000 -2.3333e+000 -1.3449e+000 +1.1575e+000
17765 +3.470764949e+001 +3.470764949e+001 +6.082764949e+001 +6.082764949e+001 +7.2834e-001 +1.1087e+000 -1.4045e+000 -1.0514e+000 -3.2321e-001 -1.1938e+000 +1.3232e+000 -1.3348e+000 -1.4020e+000 +1.2317e+000
18868 +3.465452762e+001 +3.465452762e+001 +6.077452762e+001 +6.077452762e+001 +1.3003e+000 +1.6326e+000 -8.0015e-001 -9.3464e-001 -1.2369e+000 -1.5132e+000 +1.1396e+000 -7.5293e-001 -1.2298e+000 +1.5863e-001
37389 +2.986837660e+001 +2.986837660e+001 +5.598837660e+001 +5.598837660e+001 +9.3412e-001 +1.4336e+000 -1.3989e+000 -4.7489e-001 -1.4758e+000 -1.2322e+000 +1.3574e+000 -5.0072e-001 -1.1302e+000 +1.8803e+000
75871 +2.794671323e+001 +2.794671323e+001 +5.406671323e+001 +5.406671323e+001 +1.9970e+000 +1.0742e+000 -1.4659e+000 -1.1934e+000 -1.8839e+000 -1.3130e+000 +1.4785e+000 -1.3680e+000 -1.3147e+000 +1.0654e+000
112103 +2.460089769e+001 +2.460089769e+001 +5.072089769e+001 +5.072089769e+001 +8.8968e-001 +2.3843e-001 -1.4208e+000 -1.5910e+000 -1.3374e+000 -4.5543e-001 +8.1285e-001 -1.5425e+000 -3.7617e-001 +9.9594e-001
120312 +1.736586407e+001 +1.736586407e+001 +4.348586407e+001 +4.348586407e+001 +1.6669e+000 +2.0514e+000 -1.1719e+000 -1.0977e+000 -9.9130e-001 -1.1103e+000 +1.2229e+000 -1.1695e+000 -1.1014e+000 +1.3285e+000
4535129 +1.433799418e+001 +1.433799418e+001 +4.045799418e+001 +4.045799418e+001 +8.2555e-001 +1.5532e+000 -1.2243e+000 -1.6854e+000 -1.5057e+000 -1.3227e+000 +6.8422e-001 -1.8599e+000 -1.6237e+000 +1.1440e+000
4919809 +1.243068720e+001 +1.243068720e+001 +3.855068720e+001 +3.855068720e+001 +1.7667e+000 +8.9700e-001 -1.6839e+000 -1.2991e+000 -8.8498e-001 -2.0301e+000 +1.2898e+000 -1.0800e+000 -1.2954e+000 +1.2654e+000
% function evaluation | noise-free fitness - Fopt (-6.252000000000e+001) | best noise-free fitness - Fopt | measured fitness | best measured fitness | x1 | x2...
1 +2.306845345e+005 +2.306845345e+005 +2.306220145e+005 +2.306220145e+005 +8.8888e+000 +7.7313e+000 +9.4719e-001 +2.9947e+000 -5.6536e+000 -2.5173e+000 -4.1631e+000 +4.6708e+000 -1.6549e+000 +4.0188e+000
3 +1.332360188e+004 +1.332360188e+004 +1.326108188e+004 +1.326108188e+004 +1.4661e+000 +4.5669e+000 +2.3473e+000 -3.8698e+000 -6.0924e+000 -4.0460e+000 +5.4461e-002 -5.9326e-002 +5.3158e+000 -9.6728e-001
4 +7.116983858e+003 +7.116983858e+003 +7.054463858e+003 +7.054463858e+003 +1.2647e+000 +4.1208e+000 +1.6951e+000 -3.3617e+000 -4.0476e+000 -5.8159e+000 -4.8677e-001 +1.8744e+000 +1.9412e+000 +5.0155e+000
19 +5.505275321e+003 +5.505275321e+003 +5.442755321e+003 +5.442755321e+003 -5.1630e+000 +3.4579e+000 +1.1415e+000 -2.0502e-001 -2.3643e+000 -4.7221e+000 -5.6935e+000 +1.2513e+000 -1.0201e+000 +1.4310e+000
20 +2.830381324e+003 +2.830381324e+003 +2.767861324e+003 +2.767861324e+003 +2.8434e+000 +4.9347e+000 +1.3158e+000 -3.3837e+000 -5.4966e+000 -3.6228e+000 -1.1513e+000 -1.8682e-001 +3.1339e+000 -9.3790e-001
28 +3.512382040e+002 +3.512382040e+002 +2.887182040e+002 +2.887182040e+002 +2.9540e+000 -3.1257e+000 -5.9081e-001 -1.2500e+000 -4.6070e+000 -4.4566e+000 -1.2106e+000 +1.8057e+000 +3.1362e+000 -8.0977e-001
65 +3.383866885e+002 +3.383866885e+002 +2.758666885e+002 +2.758666885e+002 +1.5572e+000 +1.6457e+000 -2.3224e+000 -1.7074e+000 -5.0166e+000 -4.5551e+000 -7.4471e-001 +1.0350e-001 +2.4782e+000 +4.0710e+000
81 +2.842988445e+002 +2.842988445e+002 +2.217788445e+002 +2.217788445e+002 +3.7850e+000 +4.9057e+000 -1.3821e+000 -3.3420e+000 +2.9617e+000 +9.2750e-001 +4.8901e-001 +1.3038e+000 +1.6769e+000 -4.8574e+000
82 +2.069097287e+002 +2.069097287e+002 +1.443897287e+002 +1.443897287e+002 +2.2013e+000 +3.6836e+000 +2.4672e+000 -1.1526e-001 -1.1744e+000 -3.9758e+000 -1.5174e+000 +1.5257e+000 +4.3879e-001 +8.0263e-001
241 +1.956174976e+002 +1.956174976e+002 +1.330974976e+002 +1.330974976e+002 +1.2616e+000 +1.8391e+000 +2.2951e-001 -1.5218e+000 -1.6206e+000 -3.3519e+000 -1.5315e+000 +1.7143e+000 +2.6687e+000 +7.8737e-002
268 +1.680583319e+002 +1.680583319e+002 +1.055383319e+002 +1.055383319e+002 +6.0739e-001 +1.6730e+000 -1.0445e+000 +1.8713e+000 -3.0496e+000 +3.6803e+000 +7.6384e-001 +9.4984e-001 +5.5501e-001 -1.3442e+000
301 +1.448344431e+002 +1.448344431e+002 +8.231444309e+001 +8.231444309e+001 +9.9379e-001 +3.6547e+000 +2.3090e+000 +7.0882e-001 -2.0819e+000 +1.0472e+000 -1.3836e+000 -7.5746e-001 +1.4090e+000 -4.5368e-001
322 +1.308028696e+002 +1.308028696e+002 +6.828286961e+001 +6.828286961e+001 +1.5910e+000 +2.7776e+000 +2.1976e+000 -1.4523e+000 -2.3283e+000 +7.7360e-001 -2.9859e+000 +1.9124e+000 +5.1966e-001 +3.7197e-001
452 +1.147086947e+002 +1.147086947e+002 +5.218869473e+001 +5.218869473e+001 +2.8223e+000 +1.1819e+000 +4.3742e-001 -1.6588e+000 -7.9802e-001 -3.8874e-001 +1.9750e+000 -9.2806e-001 +5.8403e-001 -1.0765e+000
474 +1.040598312e+002 +1.040598312e+002 +4.153983117e+001 +4.153983117e+001 +1.8351e+000 +6.4529e-001 +6.2933e-001 -1.5543e+000 -1.9602e+000 -2.9126e-001 -6.2781e-001 +1.3535e+000 -9.6719e-001 -8.3293e-001
530 +7.539432301e+001 +7.539432301e+001 +1.287432301e+001 +1.287432301e+001 +1.4648e+000 +1.6433e+000 +8.1416e-001 +4.6315e-001 -2.4401e+000 +5.7314e-001 -2.2670e+000 +5.0269e-001 -9.4367e-001 -9.9333e-001
774 +7.058905359e+001 +7.058905359e+001 +8.069053594e+000 +8.069053594e+000 +2.4905e+000 +2.2094e+000 +1.3088e+000 -1.4637e+000 -2.4797e+000 +1.1322e+000 -7.1991e-002 +2.4086e+000 -1.3092e+000 -1.8458e+000
988 +6.873978737e+001 +6.873978737e+001 +6.219787372e+000 +6.219787372e+000 +1.4280e+000 +1.3784e+000 +9.2416e-001 -1.6336e+000 -2.0315e+000 +1.3734e+000 -1.5619e+000 +1.4757e-001 -8.9892e-001 -7.6870e-001
1193 +6.534120941e+001 +6.534120941e+001 +2.821209414e+000 +2.821209414e+000 +1.7585e+000 +8.2827e-001 +9.4381e-001 -1.4428e+000 -2.3104e+000 +1.0020e+000 -2.5858e+000 +1.9834e+000 -1.5085e+000 -9.3507e-001
1275 +6.105044354e+001 +6.105044354e+001 -1.469556456e+000 -1.469556456e+000 +1.3552e+000 +9.0054e-001 +4.5822e-001 -7.2851e-001 -2.6574e+000 +1.1920e+000 -1.4043e+000 +9.5292e-001 -1.0323e+000 -1.6576e+000
1348 +5.567315262e+001 +5.567315262e+001 -6.846847376e+000 -6.846847376e+000 +1.9232e+000 +2.0733e+000 +8.1795e-001 -1.1465e+000 -2.2385e+000 +1.4858e+000 -1.7667e+000 +1.7873e+000 -6.3065e-001 -4.8685e-001
2255 +5.233389428e+001 +5.233389428e+001 -1.018610572e+001 -1.018610572e+001 +9.7080e-001 +7.0441e-001 +1.8786e+000 -1.0223e+000 -1.7368e+000 +1.4437e+000 -1.9979e+000 +2.2355e+000 -8.5325e-001 -4.6574e-001
5413 +4.675012020e+001 +4.675012020e+001 -1.576987980e+001 -1.576987980e+001 +9.9666e-001 +1.0302e+000 +1.4093e+000 -1.1383e+000 -2.0285e+000 +1.2187e+000 -9.8456e-001 +1.5631e+000 -1.4886e+000 -1.7360e+000
14705 +4.407650459e+001 +4.407650459e+001 -1.844349541e+001 -1.844349541e+001 +1.8844e+000 +7.5470e-001 +1.3842e+000 -1.0359e+000 -6.2471e-001 +1.5391e+000 -4.0637e-001 +9.6364e-001 -1.2696e+000 -1.4806e+000
32282 +4.229062736e+001 +4.229062736e+001 -2.022937264e+001 -2.022937264e+001 +1.2719e+000 +1.6798e+000 +1.2655e+000 -1.1394e+000 -1.5125e+000 +2.2306e+000 -9.5768e-001 +1.3210e+000 -1.7533e+000 -3.9410e-001
82775 +4.003925888e+001 +4.003925888e+001 -2.248074112e+001 -2.248074112e+001 +4.4128e-001 +7.7974e-001 +1.1033e+000 +4.5879e-002 -1.1498e+000 +1.5706e+000 -2.1138e+000 +1.2666e+000 -1.1464e+000 -1.3057e+000
86174 +3.789254198e+001 +3.789254198e+001 -2.462745802e+001 -2.462745802e+001 +2.5566e+000 +1.1632e+000 +9.9847e-001 -1.5012e+000 -2.0035e+000 +9.3650e-001 -2.0148e+000 +7.7943e-001 -1.8775e+000 -1.4561e+000
136713 +3.318895086e+001 +3.318895086e+001 -2.933104914e+001 -2.933104914e+001 +2.1670e+000 +1.1962e+000 +1.2311e+000 -1.4255e+000 -9.3941e-001 +1.0176e-002 -1.3102e+000 +8.8726e-001 -1.3086e+000 -1.6237e+000
460121 +3.308932920e+001 +3.308932920e+001 -2.943067080e+001 -2.943067080e+001 +1.4489e+000 +1.9526e+000 +1.0973e+000 -1.7902e+000 -2.0343e+000 +9.4036e-001 -2.0420e+000 +1.3459e+000 -7.9643e-001 -1.7706e+000
804248 +2.564476142e+001 +2.564476142e+001 -3.687523858e+001 -3.687523858e+001 +9.7975e-001 +1.9202e+000 +1.4638e+000 -1.6661e+000 -8.0049e-001 +1.4786e+000 -1.6564e+000 +1.2155e+000 -1.4381e+000 -1.5898e+000
% function evaluation | noise-free fitness - Fopt (-2.438600000000e+002) | best noise-free fitness - Fopt | measured fitness | best measured fitness | x1 | x2...
1 +2.725500251e+004 +2.725500251e+004 +2.701114251e+004 +2.701114251e+004 +4.2944e+000 +2.2341e+000 -1.1286e+000 +2.5826e-001 +1.5342e+000 +3.0159e+000 +6.8322e-001 -4.1842e+000 +6.6379e+000 -1.3737e+000
4 +8.941452722e+003 +8.941452722e+003 +8.697592722e+003 +8.697592722e+003 +3.1884e+000 +2.6812e-001 -1.8050e+000 -5.9080e-001 +5.5706e+000 +4.5339e+000 +2.2638e+000 -5.5260e+000 +5.4950e+000 +7.5455e-002
5 +3.619229774e+002 +3.619229774e+002 +1.180629774e+002 +1.180629774e+002 +4.3634e+000 +3.7333e+000 -4.0804e+000 +1.3533e+000 -2.3430e-001 +4.7863e+000 +3.4757e+000 +1.6477e+000 +3.2003e+000 +1.3065e+000
14 +2.760846300e+002 +2.760846300e+002 +3.222463004e+001 +3.222463004e+001 +7.9416e-001 -1.7957e+000 -2.1166e+000 +2.4424e+000 +4.3442e+000 +4.3823e+000 +9.2659e-001 -1.6005e+000 +2.4868e+000 +2.6900e+000
31 +2.662905730e+002 +2.662905730e+002 +2.243057298e+001 +2.243057298e+001 +1.2374e+000 +1.3230e+000 -4.0467e+000 +9.4321e-001 +1.7179e+000 +4.3854e+000 -3.3557e+000 -2.1227e+000 +1.9354e+000 -2.8732e-002
50 +2.439430352e+002 +2.439430352e+002 +8.303520428e-002 +8.303520428e-002 +1.4560e+000 +5.0988e-001 -5.2322e-001 -6.9920e-001 +2.1531e+000 +2.9845e+000 -1.7277e+000 -3.1900e+000 +2.3140e+000 +3.6559e+000
51 +2.367760626e+002 +2.367760626e+002 -7.083937445e+000 -7.083937445e+000 +3.4632e-002 -2.0571e-001 -7.5208e-001 -1.9178e-001 +1.5080e+000 +3.6829e+000 -3.5707e+000 -9.7184e-001 +2.6732e+000 +1.3203e+000
71 +2.269462703e+002 +2.269462703e+002 -1.691372970e+001 -1.691372970e+001 +4.0377e-001 +2.2517e+000 -4.5204e+000 -5.9455e-001 -8.0427e-001 +2.6611e+000 -1.6017e+000 +5.2110e-001 +2.7059e+000 +6.2974e-001
73 +1.587758040e+002 +1.587758040e+002 -8.508419599e+001 -8.508419599e+001 +5.8916e-001 -3.1825e+000 -1.4373e+000 +2.0821e+000 +2.1247e+000 +4.1778e+000 -2.7999e-001 +1.0819e+000 -5.7582e-001 +2.8394e+000
145 +1.185467539e+002 +1.185467539e+002 -1.253132461e+002 -1.253132461e+002 +2.8542e+000 -1.9063e+000 -3.1273e-001 +8.6238e-001 +6.0978e-001 +1.7942e+000 -8.1721e-001 +1.8970e+000 -7.2969e-001 -7.7255e-001
217 +1.042969412e+002 +1.042969412e+002 -1.395630588e+002 -1.395630588e+002 -7.8548e-002 -1.4433e+000 +1.6534e-001 +8.4030e-001 +8.5961e-001 +1.3335e+000 -2.3275e+000 -3.8919e-001 +1.9091e-001 -4.4874e-001
463 +9.668345887e+001 +9.668345887e+001 -1.471765411e+002 -1.471765411e+002 +9.1299e-001 -1.1105e+000 -4.9340e-001 +5.8835e-002 +1.7713e+000 +1.4022e+000 +1.0659e+000 +1.9695e+000 +3.5834e-001 -1.6617e+000
719 +9.352654710e+001 +9.352654710e+001 -1.503334529e+002 -1.503334529e+002 +1.8352e+000 -3.6743e-001 -2.3786e+000 +1.7106e+000 +1.1276e-001 +2.0947e+000 -4.5990e-003 +1.0522e+000 -6.3305e-001 -1.0011e+000
806 +8.960244168e+001 +8.960244168e+001 -1.542575583e+002 -1.542575583e+002 +7.6443e-001 -1.7131e+000 -2.5345e+000 +9.4243e-001 +2.2261e-001 +2.1632e+000 -6.5153e-001 +8.6872e-001 -2.0150e+000 -1.3087e+000
822 +7.848965737e+001 +7.848965737e+001 -1.653703426e+002 -1.653703426e+002 +5.5096e-001 -1.5352e+000 -1.6489e+000 +1.2975e+000 +1.3541e+000 +2.1400e+000 -5.4509e-001 +1.2629e+000 -6.3377e-001 -9.8600e-001
886 +6.248462460e+001 +6.248462460e+001 -1.813753754e+002 -1.813753754e+002 +1.0501e+000 -2.2259e+000 -1.7314e+000 +7.4818e-001 +1.1284e+000 +2.2014e+000 +6.2117e-001 +2.1120e+000 -1.4059e+000 -2.0054e+000
2302 +5.147959621e+001 +5.147959621e+001 -1.923804038e+002 -1.923804038e+002 +2.2260e+000 -4.9565e-001 -9.7144e-001 +1.2695e+000 +1.5859e+000 +2.2751e+000 -3.0324e+000 +2.9680e+000 -2.9683e-001 -8.9260e-001
16208 +4.384759454e+001 +4.384759454e+001 -2.000124055e+002 -2.000124055e+002 +2.1488e+000 -9.8634e-001 -1.2577e+000 +1.0226e+000 +1.0326e+000 +1.7619e+000 -1.5688e+000 +3.1090e+000 -1.8518e+000 -1.3247e-001
21220 +3.176724889e+001 +3.176724889e+001 -2.120927511e+002 -2.120927511e+002 +9.1439e-001 -1.4024e+000 -1.5571e+000 +1.0546e+000 +1.9945e+000 +2.0787e+000 -6.5143e-001 +1.0941e+000 -1.2692e+000 -9.8274e-001
573246 +3.025618816e+001 +3.025618816e+001 -2.136038118e+002 -2.136038118e+002 +2.3729e+000 -2.1842e+000 -1.1100e+000 +1.6629e+000 +1.1130e+000 +5.7176e-001 -8.8473e-001 +1.4179e+000 -2.0900e+000 -1.2242e+000
1599500 +2.744445900e+001 +2.744445900e+001 -2.164155410e+002 -2.164155410e+002 +9.7699e-001 -1.3334e+000 -1.1545e+000 +1.6463e+000 +2.0849e+000 +1.0529e+000 -1.6240e+000 +1.5459e+000 -2.1140e+000 -1.0583e+000
4998578 +2.629286327e+001 +2.629286327e+001 -2.175671367e+002 -2.175671367e+002 +1.1558e+000 -1.5580e+000 -1.5883e+000 +1.2768e+000 +1.6236e+000 +9.9461e-001 -8.4539e-002 +1.9818e+000 -1.6610e+000 -1.5099e+000
5863314 +2.561829591e+001 +2.561829591e+001 -2.182417041e+002 -2.182417041e+002 +1.7333e+000 -2.0892e+000 -9.5362e-001 +1.8097e+000 +1.8899e+000 +1.1922e+000 -1.8543e+000 +1.0746e+000 -1.8002e+000 -1.3529e+000
6354062 +2.400631643e+001 +2.400631643e+001 -2.198536836e+002 -2.198536836e+002 +2.0874e+000 -1.4532e+000 -1.4359e+000 +1.0175e+000 +1.5114e+000 +1.7838e+000 -1.5443e+000 +1.8154e+000 -3.5243e-001 -1.1493e+000
% function evaluation | noise-free fitness - Fopt (-9.475000000000e+002) | best noise-free fitness - Fopt | measured fitness | best measured fitness | x1 | x2...
1 +4.667584821e+005 +4.667584821e+005 +4.658109821e+005 +4.658109821e+005 +2.9294e+000 +5.5784e+000 +2.1040e+000 -7.4152e+000 -1.3838e+000 +4.7415e+000 -4.7193e+000 +1.1357e+001 +6.5799e-001 +4.2708e+000
2 +1.541299727e+005 +1.541299727e+005 +1.531824727e+005 +1.531824727e+005 +7.6705e+000 +6.6176e+000 +7.3640e+000 -7.6895e-001 -2.4451e-001 +7.6632e-001 -3.2803e+000 +2.9659e+000 +2.7933e+000 +3.0632e+000
5 +3.806617906e+002 +3.806617906e+002 -5.668382094e+002 -5.668382094e+002 +4.6717e-001 +8.7030e-001 +2.5913e+000 +1.2352e+000 -5.5656e-001 +1.4430e+000 -4.1869e+000 +4.8027e+000 -1.4467e-001 +5.0791e+000
68 +2.356040449e+002 +2.356040449e+002 -7.118959551e+002 -7.118959551e+002 +4.2319e+000 +2.4288e+000 +5.6242e-001 -8.0629e-001 -3.8237e+000 +3.1325e+000 -1.7084e+000 +2.2285e+000 +6.3828e-001 +3.2885e+000
98 +1.910495024e+002 +1.910495024e+002 -7.564504976e+002 -7.564504976e+002 +1.1496e+000 +3.4981e+000 +2.6739e+000 -1.4764e+000 -7.3143e-001 +1.8529e+000 -2.4750e+000 +1.1467e+000 -1.1076e-001 +2.1099e+000
317 +1.237412753e+002 +1.237412753e+002 -8.237587247e+002 -8.237587247e+002 +1.1185e+000 +1.1687e+000 +1.0208e+000 -2.2505e+000 -7.7296e-001 +2.7957e+000 -4.6678e-001 +3.7136e-001 +4.5017e-001 +1.8842e+000
473 +1.173648161e+002 +1.173648161e+002 -8.301351839e+002 -8.301351839e+002 +1.4661e+000 -3.9342e-001 +1.1997e+000 -1.0453e-002 -6.9998e-001 +1.2937e+000 -1.9688e+000 +5.0010e-001 +3.7327e-001 +2.0027e+000
485 +1.047645869e+002 +1.047645869e+002 -8.427354131e+002 -8.427354131e+002 +1.2903e+000 +8.8592e-001 +1.1344e+000 -2.0718e-001 +3.8412e-001 +1.2503e+000 -1.2524e+000 -1.6279e-001 +4.5858e-001 +1.6789e+000
507 +8.556950749e+001 +8.556950749e+001 -8.619304925e+002 -8.619304925e+002 +1.6569e+000 +5.0642e-001 -3.7105e-001 -1.3797e+000 -1.5127e+000 +1.1977e+000 -1.6133e+000 +4.9671e-001 +1.0659e+000 +1.8524e+000
689 +8.187026126e+001 +8.187026126e+001 -8.656297387e+002 -8.656297387e+002 +1.1920e+000 +3.2111e-001 -2.3489e-001 +1.8973e-001 -1.2833e+000 +9.1456e-001 -7.3014e-001 +1.5905e+000 +3.6870e-001 +1.3024e+000
692 +6.567390333e+001 +6.567390333e+001 -8.818260967e+002 -8.818260967e+002 +7.8638e-001 +1.0655e+000 -2.1154e+000 -7.2622e-001 -8.9597e-001 +1.9022e+000 +3.8639e-001 +1.1189e+000 +3.5599e-001 +8.1834e-001
1176 +6.328247324e+001 +6.328247324e+001 -8.842175268e+002 -8.842175268e+002 +1.3145e+000 +2.5708e-001 -1.0823e+000 -3.8302e-001 -1.2132e+000 +1.1835e+000 -9.8497e-001 +2.1073e+000 +8.9442e-001 +1.3200e+000
1337 +5.954878515e+001 +5.954878515e+001 -8.879512148e+002 -8.879512148e+002 +1.7119e+000 +2.8003e-001 -1.4627e+000 -1.7357e+000 -1.4093e+000 +1.1518e+000 -7.8586e-001 +2.1598e+000 +8.4523e-001 +1.2558e+000
2155 +5.313511352e+001 +5.313511352e+001 -8.943648865e+002 -8.943648865e+002 +1.2622e+000 +7.7940e-001 -1.5819e+000 -1.2045e+000 -1.7714e+000 +1.5952e+000 -1.0086e+000 -1.4665e-001 +2.2042e+000 +1.6431e+000
2340 +4.965911103e+001 +4.965911103e+001 -8.978408890e+002 -8.978408890e+002 +7.8387e-001 +1.3721e+000 -2.2007e+000 -1.4068e+000 -2.0394e-001 +1.8975e+000 -1.1897e+000 +2.9532e+000 +1.3857e+000 +1.2202e+000
7098 +4.678096073e+001 +4.678096073e+001 -9.007190393e+002 -9.007190393e+002 +1.1743e+000 +2.0495e-001 -8.2907e-001 -1.2516e+000 -1.5433e+000 +1.6459e+000 -1.2681e+000 +1.4071e+000 +1.6213e+000 +1.1221e+000
7103 +4.433030283e+001 +4.433030283e+001 -9.031696972e+002 -9.031696972e+002 +3.3171e-002 +1.3002e+000 -1.0876e+000 -9.8584e-001 -1.4591e+000 +1.2733e+000 -1.1221e+000 +1.4291e+000 +1.9720e+000 +1.5322e+000
8823 +2.504299787e+001 +2.504299787e+001 -9.224570021e+002 -9.224570021e+002 +5.9424e-001 +1.1653e+000 -2.1657e+000 -1.4120e+000 -1.8375e+000 +1.2664e+000 -1.5032e+000 +1.6251e+000 +3.4245e-001 +6.4631e-001
129494 +2.412458924e+001 +2.412458924e+001 -9.233754108e+002 -9.233754108e+002 +1.3808e+000 +1.1052e+000 -1.6426e+000 -1.1317e+000 -8.1132e-001 +1.9734e+000 -6.8001e-001 +8.7455e-001 +1.4852e+000 +1.2596e+000
597544 +2.297697717e+001 +2.297697717e+001 -9.245230228e+002 -9.245230228e+002 +1.2374e+000 +1.2616e+000 -5.5850e-001 -1.6699e+000 -2.2301e+000 +9.6113e-001 -9.6409e-001 +1.1518e+000 +1.3377e+000 +2.1801e+000
1065211 +1.819662232e+001 +1.819662232e+001 -9.293033777e+002 -9.293033777e+002 +5.1796e-001 +1.6766e+000 -1.0955e+000 -6.8871e-001 -1.4276e+000 +1.4208e+000 -1.0459e+000 +1.7037e+000 +2.1838e+000 +1.0278e+000
2773683 +1.413999572e+001 +1.413999572e+001 -9.333600043e+002 -9.333600043e+002 +9.2063e-001 +5.6779e-001 -1.1332e+000 -1.1132e+000 -1.9408e-001 +1.4378e+000 -1.5645e+000 +1.2517e+000 +1.2935e+000 +8.8348e-001
3312293 +1.267576109e+001 +1.267576109e+001 -9.348242389e+002 -9.348242389e+002 +1.6953e+000 +7.3291e-001 -1.2920e+000 -9.1845e-001 -1.5188e+000 +1.1615e+000 -8.7218e-001 +1.1184e+000 +1.4888e+000 +1.6380e+000
9391746 +1.114850585e+001 +1.114850585e+001 -9.363514941e+002 -9.363514941e+002 +1.6141e+000 +1.0468e+000 -1.4332e+000 -1.2472e+000 -1.3266e+000 +1.5256e+000 -8.3903e-001 +7.3219e-001 +1.0081e+000 +1.3188e+000
