% function evaluation | noise-free fitness - Fopt (1.026100000000e+002) | best noise-free fitness - Fopt | measured fitness | best measured fitness | x1 | x2...
1 +1.593927089e+006 +1.593927089e+006 +1.594029699e+006 +1.594029699e+006 +6.5277e+000 -2.3909e+000 +3.4778e+000 +1.7530e+001 +3.3971e+000
2 +1.449343208e+002 +1.449343208e+002 +2.475443208e+002 +2.475443208e+002 -1.4254e+000 +9.8044e-001 +4.3020e+000 -2.6677e+000 +3.0744e+000
8 +6.024784253e+001 +6.024784253e+001 +1.628578425e+002 +1.628578425e+002 -1.6280e-002 -3.6531e+000 +3.1550e+000 -2.2297e-001 +3.3741e+000
38 +3.924373645e+001 +3.924373645e+001 +1.418537365e+002 +1.418537365e+002 -1.6983e+000 -1.9191e+000 +2.2635e+000 +4.0708e-002 +2.9175e+000
77 +3.444105253e+001 +3.444105253e+001 +1.370510525e+002 +1.370510525e+002 -1.8300e+000 -2.4493e+000 +2.2433e+000 +6.6263e-001 +3.6439e+000
178 +2.188221196e+001 +2.188221196e+001 +1.244922120e+002 +1.244922120e+002 -2.7339e+000 -1.6048e+000 +2.0651e+000 +4.9670e-001 +3.2643e+000
373 +2.149095734e+001 +2.149095734e+001 +1.241009573e+002 +1.241009573e+002 -2.5606e+000 -1.1864e+000 +1.5459e+000 +2.0956e+000 +2.9294e+000
816 +2.111272223e+001 +2.111272223e+001 +1.237227222e+002 +1.237227222e+002 -1.7151e+000 -1.5657e+000 +1.8596e+000 +1.0264e+000 +1.4764e+000
1529 +1.994055628e+001 +1.994055628e+001 +1.225505563e+002 +1.225505563e+002 -7.7520e-001 -1.4518e+000 +9.9464e-001 +1.5860e+000 +1.5274e+000
2488 +1.336660032e+001 +1.336660032e+001 +1.159766003e+002 +1.159766003e+002 -1.7250e+000 -2.8735e+000 +1.3125e+000 +3.7284e-001 +1.4501e+000
9938 +9.892033698e+000 +9.892033698e+000 +1.125020337e+002 +1.125020337e+002 -1.8253e+000 -2.2259e+000 +5.7674e-001 +1.2858e+000 +1.6573e+000
24456 +8.258969044e+000 +8.258969044e+000 +1.108689690e+002 +1.108689690e+002 -2.0465e+000 -1.8993e+000 +2.2633e+000 +1.5277e+000 +2.0577e+000
361571 +7.953822349e+000 +7.953822349e+000 +1.105638223e+002 +1.105638223e+002 -2.2021e+000 -1.2891e+000 +1.1656e+000 +1.4281e+000 +2.0243e+000
633922 +7.593819339e+000 +7.593819339e+000 +1.102038193e+002 +1.102038193e+002 -1.6014e+000 -1.7340e+000 +1.6680e+000 +1.8932e+000 +2.0257e+000
1436699 +7.332960843e+000 +7.332960843e+000 +1.099429608e+002 +1.099429608e+002 -2.0946e+000 -1.8103e+000 +1.8972e+000 +1.8074e+000 +1.7391e+000
1568292 +6.838705444e+000 +6.838705444e+000 +1.094487054e+002 +1.094487054e+002 -1.3122e+000 -2.2337e+000 +1.5768e+000 +1.5711e+000 +2.2166e+000
% function evaluation | noise-free fitness - Fopt (9.330000000000e+001) | best noise-free fitness - Fopt | measured fitness | best measured fitness | x1 | x2...
1 +7.191973308e+005 +7.191973308e+005 +7.192906308e+005 +7.192906308e+005 +1.9129e+000 +4.6639e+000 +1.2224e+001 +1.7780e+000 +9.4356e+000
2 +1.064102408e+002 +1.064102408e+002 +1.997102408e+002 +1.997102408e+002 +1.7640e+000 +3.4937e+000 +1.2097e+000 -1.9117e+000 +3.5232e+000
27 +9.449642991e+001 +9.449642991e+001 +1.877964299e+002 +1.877964299e+002 +3.4269e+000 +8.4590e-001 +1.9187e+000 -7.7775e-001 -8.5663e-001
57 +8.433691072e+001 +8.433691072e+001 +1.776369107e+002 +1.776369107e+002 +1.5918e+000 +9.0463e-001 +2.7880e+000 +2.7194e+000 +2.3417e+000
59 +6.077667233e+001 +6.077667233e+001 +1.540766723e+002 +1.540766723e+002 -2.4908e+000 +2.5553e+000 +1.3183e+000 -1.3672e+000 +1.5494e+000
85 +6.011836340e+001 +6.011836340e+001 +1.534183634e+002 +1.534183634e+002 +4.5229e-001 +9.7502e-001 -1.0761e-003 -1.5174e-001 +3.7713e+000
95 +5.205988019e+001 +5.205988019e+001 +1.453598802e+002 +1.453598802e+002 +5.3926e-001 +5.3502e-001 +6.5092e-001 +2.3217e-001 -1.6512e-001
111 +5.021438189e+001 +5.021438189e+001 +1.435143819e+002 +1.435143819e+002 -3.1122e+000 +1.3952e+000 +6.4249e-001 -8.2255e-002 +1.7782e+000
132 +2.255491722e+001 +2.255491722e+001 +1.158549172e+002 +1.158549172e+002 -7.2804e-001 +1.2874e+000 +1.1214e-001 +1.2647e+000 +1.3635e+000
1443 +2.083132718e+001 +2.083132718e+001 +1.141313272e+002 +1.141313272e+002 -1.4342e+000 +2.6903e+000 -2.5004e+000 +9.8543e-001 +1.8804e+000
1548 +1.719053277e+001 +1.719053277e+001 +1.104905328e+002 +1.104905328e+002 -6.0440e-001 +1.7829e+000 -1.1519e+000 +1.4714e+000 +1.8898e+000
2270 +1.228151326e+001 +1.228151326e+001 +1.055815133e+002 +1.055815133e+002 -1.7533e+000 +1.9586e+000 -2.0017e+000 +1.9586e+000 +7.3938e-001
2392 +1.160883427e+001 +1.160883427e+001 +1.049088343e+002 +1.049088343e+002 -2.1788e+000 +1.1024e+000 -1.2267e+000 +1.8414e+000 +1.2944e+000
12923 +1.006873883e+001 +1.006873883e+001 +1.033687388e+002 +1.033687388e+002 -2.0708e+000 +2.3605e+000 -1.6793e+000 +2.2158e+000 +2.1658e+000
29035 +9.781427343e+000 +9.781427343e+000 +1.030814273e+002 +1.030814273e+002 -1.8571e+000 +1.4906e+000 -2.2153e+000 +1.4512e+000 +2.1022e+000
47360 +8.471932514e+000 +8.471932514e+000 +1.017719325e+002 +1.017719325e+002 -2.6402e+000 +1.4805e+000 -1.4531e+000 +2.3485e+000 +1.8687e+000
151252 +7.801241377e+000 +7.801241377e+000 +1.011012414e+002 +1.011012414e+002 -1.7641e+000 +1.4129e+000 -2.0683e+000 +1.8998e+000 +1.7746e+000
396246 +7.531311884e+000 +7.531311884e+000 +1.008313119e+002 +1.008313119e+002 -1.5299e+000 +1.4124e+000 -1.9247e+000 +1.5463e+000 +2.0753e+000
2287656 +6.626099493e+000 +6.626099493e+000 +9.992609949e+001 +9.992609949e+001 -1.5400e+000 +1.3666e+000 -1.9160e+000 +1.7000e+000 +1.4407e+000
3362127 +5.066441837e+000 +5.066441837e+000 +9.836644184e+001 +9.836644184e+001 +1.0204e+000 -1.2658e+000 +1.3383e+000 -1.5745e+000 -1.0411e+000
3407554 +4.922995197e+000 +4.922995197e+000 +9.822299520e+001 +9.822299520e+001 +1.7815e+000 -9.3798e-001 +1.7207e+000 -1.0756e+000 -1.2324e+000
3414694 +3.418282415e+000 +3.418282415e+000 +9.671828241e+001 +9.671828241e+001 +1.0472e+000 -1.5324e+000 +1.4117e+000 -1.4891e+000 -1.4143e+000
% function evaluation | noise-free fitness - Fopt (1.364000000000e+001) | best noise-free fitness - Fopt | measured fitness | best measured fitness | x1 | x2...
1 +2.429086912e+003 +2.429086912e+003 +2.442726912e+003 +2.442726912e+003 -4.8300e+000 -5.4795e+000 +2.9898e+000 +1.4043e+000 -3.0185e+000
9 +1.106131399e+003 +1.106131399e+003 +1.119771399e+003 +1.119771399e+003 -2.6480e+000 -1.8535e+000 +5.3057e+000 +9.8216e-001 -3.2242e+000
10 +1.136468387e+002 +1.136468387e+002 +1.272868387e+002 +1.272868387e+002 -4.1342e+000 -2.8722e+000 +4.1187e+000 +2.8991e+000 -2.3952e+000
17 +8.294235278e+001 +8.294235278e+001 +9.658235278e+001 +9.658235278e+001 -3.7347e+000 -2.4152e-001 +2.2495e+000 +3.3278e+000 -3.6804e+000
41 +7.238456964e+001 +7.238456964e+001 +8.602456964e+001 +8.602456964e+001 -2.7476e+000 -2.9253e+000 +2.0067e+000 +3.0281e+000 -3.3613e+000
68 +5.758846242e+001 +5.758846242e+001 +7.122846242e+001 +7.122846242e+001 -4.5642e-001 -3.0144e+000 -2.2692e-001 +8.7457e-001 -1.7233e+000
82 +5.019111836e+001 +5.019111836e+001 +6.383111836e+001 +6.383111836e+001 -1.7005e+000 -3.1179e+000 -9.2986e-001 -1.1755e-001 -2.0543e+000
89 +4.986647105e+001 +4.986647105e+001 +6.350647105e+001 +6.350647105e+001 -2.2179e+000 -2.0750e+000 -1.8301e+000 +1.1159e+000 +2.9661e-001
114 +1.984602738e+001 +1.984602738e+001 +3.348602738e+001 +3.348602738e+001 -9.8391e-001 -2.1715e+000 -9.9562e-001 +1.1639e+000 -3.0385e+000
935 +1.427843281e+001 +1.427843281e+001 +2.791843281e+001 +2.791843281e+001 -1.4416e+000 -2.0829e+000 -1.5670e+000 +2.4367e+000 -1.9628e+000
4480 +1.384058222e+001 +1.384058222e+001 +2.748058222e+001 +2.748058222e+001 -1.1539e+000 -2.7285e+000 -2.0552e+000 +2.0287e+000 -1.8641e+000
6338 +1.317726231e+001 +1.317726231e+001 +2.681726231e+001 +2.681726231e+001 -1.7557e+000 -1.1167e+000 -5.5350e-001 +1.7813e+000 -1.1876e+000
7521 +1.237589759e+001 +1.237589759e+001 +2.601589759e+001 +2.601589759e+001 -2.0761e+000 -1.7639e+000 -1.2173e+000 +1.5307e+000 -2.4694e+000
14413 +1.185093165e+001 +1.185093165e+001 +2.549093165e+001 +2.549093165e+001 -7.7204e-001 -1.7440e+000 -1.8746e+000 +2.3516e+000 -2.4252e+000
22707 +1.153045684e+001 +1.153045684e+001 +2.517045684e+001 +2.517045684e+001 -1.5145e+000 -2.3112e+000 -1.9008e+000 +1.5916e+000 -1.4598e+000
40354 +1.036491686e+001 +1.036491686e+001 +2.400491686e+001 +2.400491686e+001 -1.7259e+000 -1.7401e+000 -1.0676e+000 +1.2133e+000 -1.6546e+000
57078 +9.035225882e+000 +9.035225882e+000 +2.267522588e+001 +2.267522588e+001 -1.5560e+000 -2.5554e+000 -1.8961e+000 +1.6022e+000 -1.9629e+000
152253 +8.368688040e+000 +8.368688040e+000 +2.200868804e+001 +2.200868804e+001 -1.3027e+000 -1.1546e+000 -1.5444e+000 +1.6465e+000 -1.8219e+000
319570 +6.577626503e+000 +6.577626503e+000 +2.021762650e+001 +2.021762650e+001 -1.8747e+000 -2.0900e+000 -1.5154e+000 +1.7330e+000 -1.2296e+000
% function evaluation | noise-free fitness - Fopt (1.948000000000e+002) | best noise-free fitness - Fopt | measured fitness | best measured fitness | x1 | x2...
1 +5.737692858e+005 +5.737692858e+005 +5.739640858e+005 +5.739640858e+005 +1.1810e+001 +6.3824e+000 -7.7809e+000 -6.1432e+000 -1.6559e+000
2 +1.734308707e+005 +1.734308707e+005 +1.736256707e+005 +1.736256707e+005 -1.6716e+000 +1.1705e+000 +4.8240e+000 -9.0418e+000 +5.9879e+000
3 +7.029335897e+002 +7.029335897e+002 +8.977335897e+002 +8.977335897e+002 -1.4511e+000 +4.4465e+000 -5.2166e+000 -4.5823e+000 +4.9740e+000
8 +1.337297733e+002 +1.337297733e+002 +3.285297733e+002 +3.285297733e+002 -1.7256e+000 +3.9754e+000 -4.2311e+000 -1.4585e+000 -2.7271e-001
22 +1.125265967e+002 +1.125265967e+002 +3.073265967e+002 +3.073265967e+002 +1.3127e-001 +3.6380e+000 -1.5280e+000 -4.2159e+000 -3.0216e+000
48 +1.119917593e+002 +1.119917593e+002 +3.067917593e+002 +3.067917593e+002 -9.9776e-001 +4.0540e+000 -3.7682e+000 -3.3163e+000 +1.3501e-001
60 +8.355783146e+001 +8.355783146e+001 +2.783578315e+002 +2.783578315e+002 -2.3460e-001 +4.6802e-001 -2.5306e+000 +1.6231e+000 +2.9169e-001
98 +8.019931676e+001 +8.019931676e+001 +2.749993168e+002 +2.749993168e+002 -5.9026e-001 -5.3987e-001 -2.1095e+000 -1.8495e+000 -3.2285e-001
114 +7.692230814e+001 +7.692230814e+001 +2.717223081e+002 +2.717223081e+002 +1.5971e-001 +2.7148e+000 -2.2929e+000 -1.0603e+000 -3.4299e-003
131 +7.520382121e+001 +7.520382121e+001 +2.700038212e+002 +2.700038212e+002 +1.1033e+000 +4.8030e-001 +2.6318e+000 -3.4420e+000 +5.5518e-001
143 +6.788309114e+001 +6.788309114e+001 +2.626830911e+002 +2.626830911e+002 +1.1975e-002 +3.0664e+000 -2.0772e+000 -1.3463e+000 -1.0797e+000
156 +4.667248491e+001 +4.667248491e+001 +2.414724849e+002 +2.414724849e+002 +8.5943e-001 +4.9508e-001 +2.4710e-001 -2.0020e+000 -3.5396e+000
345 +3.533501138e+001 +3.533501138e+001 +2.301350114e+002 +2.301350114e+002 +1.6790e+000 +6.7191e-001 +1.8182e+000 -1.1793e+000 +1.5354e+000
580 +3.028100240e+001 +3.028100240e+001 +2.250810024e+002 +2.250810024e+002 +2.1973e+000 +6.0313e-001 +1.7892e+000 -5.7790e-001 -1.3248e+000
853 +2.693248288e+001 +2.693248288e+001 +2.217324829e+002 +2.217324829e+002 +1.2719e+000 +4.0749e-001 +1.4974e+000 -1.6644e+000 -1.4515e+000
870 +1.705846561e+001 +1.705846561e+001 +2.118584656e+002 +2.118584656e+002 +1.4523e+000 +2.1496e-002 +1.2384e+000 -1.4075e+000 -1.5387e+000
6680 +1.178375379e+001 +1.178375379e+001 +2.065837538e+002 +2.065837538e+002 +2.1225e+000 +1.2374e+000 +1.3019e+000 -2.6642e+000 -2.4298e+000
9461 +1.090226821e+001 +1.090226821e+001 +2.057022682e+002 +2.057022682e+002 +1.3375e+000 +1.8004e+000 +2.1171e+000 -1.9648e+000 -2.2462e+000
46859 +8.838310042e+000 +8.838310042e+000 +2.036383100e+002 +2.036383100e+002 +1.6076e+000 +1.4656e+000 +1.9180e+000 -1.4723e+000 -1.4753e+000
204368 +7.867574316e+000 +7.867574316e+000 +2.026675743e+002 +2.026675743e+002 +1.3891e+000 +1.5588e+000 +1.8230e+000 -1.2123e+000 -1.3790e+000
204380 +6.972043215e+000 +6.972043215e+000 +2.017720432e+002 +2.017720432e+002 +1.2429e+000 +1.5339e+000 +1.6099e+000 -1.7249e+000 -1.2823e+000
2104188 +6.239123736e+000 +6.239123736e+000 +2.010391237e+002 +2.010391237e+002 -1.8700e+000 -1.0206e+000 -1.1407e+000 +1.4885e+000 +1.5440e+000
2104413 +2.647807642e+000 +2.647807642e+000 +1.974478076e+002 +1.974478076e+002 -1.2909e+000 -1.1026e+000 -1.2493e+000 +1.3344e+000 +1.0283e+000
% function evaluation | noise-free fitness - Fopt (-1.335900000000e+002) | best noise-free fitness - Fopt | measured fitness | best measured fitness | x1 | x2...
1 +1.615673092e+002 +1.615673092e+002 +2.797730918e+001 +2.797730918e+001 -5.2108e-001 -3.5977e+000 +4.1972e+000 +3.5717e+000 -1.2475e+000
4 +1.290554901e+002 +1.290554901e+002 -4.534509915e+000 -4.534509915e+000 -5.6534e-001 +2.1719e+000 +4.7043e+000 -3.0231e-001 -1.3172e+000
8 +8.770922629e+001 +8.770922629e+001 -4.588077371e+001 -4.588077371e+001 +1.3488e-001 +2.8986e+000 +1.1171e+000 -1.8007e-001 -3.4232e+000
54 +5.249238085e+001 +5.249238085e+001 -8.109761915e+001 -8.109761915e+001 -6.8404e-001 +4.3349e+000 -3.5524e-001 -1.9445e+000 +5.4750e-001
77 +3.889993978e+001 +3.889993978e+001 -9.469006022e+001 -9.469006022e+001 -3.0190e-001 +3.1262e+000 -4.2264e-001 -1.7412e+000 -8.5615e-001
131 +2.424404359e+001 +2.424404359e+001 -1.093459564e+002 -1.093459564e+002 -1.1087e+000 +1.8741e+000 -7.2870e-001 -1.2253e+000 -2.7465e-001
329 +2.307470118e+001 +2.307470118e+001 -1.105152988e+002 -1.105152988e+002 -9.5063e-001 +1.1535e+000 -7.3275e-001 -1.9025e+000 -3.8316e-001
2037 +2.109061487e+001 +2.109061487e+001 -1.124993851e+002 -1.124993851e+002 -1.3799e+000 +3.1676e+000 -1.7708e+000 -2.1802e+000 -2.3524e+000
2820 +1.886027655e+001 +1.886027655e+001 -1.147297234e+002 -1.147297234e+002 -2.0278e+000 +1.7433e+000 -2.1087e+000 -7.2603e-001 -2.7455e+000
3610 +1.649259387e+001 +1.649259387e+001 -1.170974061e+002 -1.170974061e+002 -1.5107e+000 +1.2653e+000 -1.4721e+000 -1.7653e+000 -1.9048e+000
7449 +1.558767656e+001 +1.558767656e+001 -1.180023234e+002 -1.180023234e+002 -1.2218e+000 +1.2833e+000 -1.5121e+000 -1.4418e+000 -1.5388e+000
8061 +1.345098946e+001 +1.345098946e+001 -1.201390105e+002 -1.201390105e+002 -1.4304e+000 +1.2223e+000 -1.0382e+000 -2.4115e+000 -2.3645e+000
12081 +9.041314550e+000 +9.041314550e+000 -1.245486855e+002 -1.245486855e+002 -8.7007e-001 +1.7118e+000 -2.0306e+000 -1.8609e+000 -1.0430e+000
156759 +8.207378558e+000 +8.207378558e+000 -1.253826214e+002 -1.253826214e+002 -2.4084e+000 +9.8345e-001 -1.9325e+000 -1.3387e+000 -1.7034e+000
190257 +7.986657642e+000 +7.986657642e+000 -1.256033424e+002 -1.256033424e+002 -1.6646e+000 +1.6510e+000 -1.5896e+000 -1.3088e+000 -1.4890e+000
299322 +7.431301894e+000 +7.431301894e+000 -1.261586981e+002 -1.261586981e+002 -2.0766e+000 +1.4823e+000 -1.6931e+000 -1.8757e+000 -2.4000e+000
3448839 +6.825116711e+000 +6.825116711e+000 -1.267648833e+002 -1.267648833e+002 -1.9937e+000 +2.0356e+000 -1.2345e+000 -1.7779e+000 -1.5538e+000
% function evaluation | noise-free fitness - Fopt (1.955000000000e+001) | best noise-free fitness - Fopt | measured fitness | best measured fitness | x1 | x2...
1 +1.286516879e+002 +1.286516879e+002 +1.482016879e+002 +1.482016879e+002 +4.0188e+000 -7.1820e-001 +5.0523e+000 -2.8564e+000 +1.3415e+000
8 +4.376822175e+001 +4.376822175e+001 +6.331822175e+001 +6.331822175e+001 +2.3018e+000 +1.2370e+000 +9.4955e-001 -4.9132e+000 -8.6940e-001
89 +3.814773595e+001 +3.814773595e+001 +5.769773595e+001 +5.769773595e+001 +9.5142e-001 +1.1599e+000 -5.1897e-001 -2.1760e+000 +4.3144e-001
227 +3.253479101e+001 +3.253479101e+001 +5.208479101e+001 +5.208479101e+001 +3.3919e+000 +2.1350e+000 +4.7211e-002 -1.2827e-001 +2.2641e+000
298 +3.028521450e+001 +3.028521450e+001 +4.983521450e+001 +4.983521450e+001 +1.1058e+000 +1.5644e+000 +5.4972e-001 -2.4544e+000 +1.9834e+000
562 +2.939225512e+001 +2.939225512e+001 +4.894225512e+001 +4.894225512e+001 +1.7872e+000 +1.1783e+000 -1.1991e-001 -2.1995e+000 +4.4154e-001
629 +2.656006071e+001 +2.656006071e+001 +4.611006071e+001 +4.611006071e+001 +3.0394e+000 +1.5853e+000 +2.3657e+000 -1.0353e+000 +2.5469e+000
635 +2.619575210e+001 +2.619575210e+001 +4.574575210e+001 +4.574575210e+001 +2.7549e+000 +1.9617e+000 +1.4999e+000 -1.3600e+000 +2.5397e+000
654 +2.425861687e+001 +2.425861687e+001 +4.380861687e+001 +4.380861687e+001 +2.2607e+000 +1.6578e+000 +1.2843e+000 -1.1253e+000 +1.8784e+000
737 +1.539793149e+001 +1.539793149e+001 +3.494793149e+001 +3.494793149e+001 +1.3853e+000 +9.2297e-001 +9.6376e-001 -2.0721e+000 +1.4469e+000
4925 +1.285443428e+001 +1.285443428e+001 +3.240443428e+001 +3.240443428e+001 +2.6580e+000 +1.5580e+000 +2.1788e+000 -1.8132e+000 +2.4993e-001
8180 +1.072585844e+001 +1.072585844e+001 +3.027585844e+001 +3.027585844e+001 +1.5967e+000 +1.3334e+000 +1.9968e+000 -1.4698e+000 +5.7479e-001
8907 +9.618266066e+000 +9.618266066e+000 +2.916826607e+001 +2.916826607e+001 +2.2167e+000 +1.5656e+000 +2.5724e+000 -1.9999e+000 +1.8884e+000
116997 +8.179826557e+000 +8.179826557e+000 +2.772982656e+001 +2.772982656e+001 +1.3446e+000 +2.2635e+000 +1.8249e+000 -2.1125e+000 +1.3436e+000
1000052 +7.214117674e+000 +7.214117674e+000 +2.676411767e+001 +2.676411767e+001 +1.7974e+000 +2.1174e+000 +2.0271e+000 -1.9272e+000 +1.1824e+000
2580950 +6.998216025e+000 +6.998216025e+000 +2.654821603e+001 +2.654821603e+001 +1.8618e+000 +1.6801e+000 +1.8637e+000 -2.2052e+000 +1.8084e+000
% function evaluation | noise-free fitness - Fopt (-1.307000000000e+001) | best noise-free fitness - Fopt | measured fitness | best measured fitness | x1 | x2...
1 +1.736072213e+005 +1.736072213e+005 +1.735941513e+005 +1.735941513e+005 +9.1040e+000 +3.3295e+000 -9.6692e-001 +5.6980e+000 -7.4422e-001
2 +1.148175081e+005 +1.148175081e+005 +1.148044381e+005 +1.148044381e+005 +3.4532e+000 +3.4052e+000 -3.7535e+000 +7.6095e+000 -7.1548e+000
3 +1.064016528e+002 +1.064016528e+002 +9.333165284e+001 +9.333165284e+001 +4.1698e+000 -3.1811e-001 +8.0102e-002 +1.2524e+000 +2.0027e+000
8 +9.303708833e+001 +9.303708833e+001 +7.996708833e+001 +7.996708833e+001 -2.7152e+000 +1.1813e+000 +8.0208e-002 +9.1558e-001 -2.8523e+000
43 +8.915366361e+001 +8.915366361e+001 +7.608366361e+001 +7.608366361e+001 +1.7059e+000 -4.1696e+000 +1.0925e+000 +9.3022e-001 -1.1553e+000
54 +7.612324056e+001 +7.612324056e+001 +6.305324056e+001 +6.305324056e+001 -1.9925e+000 -9.0606e-001 +1.4691e+000 +8.8555e-001 -1.3289e+000
79 +7.164561798e+001 +7.164561798e+001 +5.857561798e+001 +5.857561798e+001 +1.7945e+000 +4.4567e-001 +5.7598e-001 -4.4437e-001 -1.2406e+000
107 +5.602737862e+001 +5.602737862e+001 +4.295737862e+001 +4.295737862e+001 -1.9864e+000 +2.1022e+000 +1.8929e+000 +1.3999e+000 +1.6983e+000
172 +4.754221859e+001 +4.754221859e+001 +3.447221859e+001 +3.447221859e+001 +9.6985e-001 -2.6878e+000 -1.2229e-001 -1.4253e+000 -5.0431e-001
176 +4.433162257e+001 +4.433162257e+001 +3.126162257e+001 +3.126162257e+001 +8.3464e-001 -2.9532e+000 -2.2886e-001 -1.4845e+000 -1.2211e+000
232 +3.910728469e+001 +3.910728469e+001 +2.603728469e+001 +2.603728469e+001 +3.3708e-001 -2.3327e+000 -3.6426e-001 -2.0183e-001 -9.4406e-001
331 +3.496828263e+001 +3.496828263e+001 +2.189828263e+001 +2.189828263e+001 +1.9934e+000 -5.0390e-001 +6.2380e-001 -1.6470e+000 -1.0695e+000
477 +2.733390566e+001 +2.733390566e+001 +1.426390566e+001 +1.426390566e+001 +1.3603e+000 -1.5479e+000 -2.0948e-001 -1.6435e+000 -2.3989e+000
753 +2.251371036e+001 +2.251371036e+001 +9.443710361e+000 +9.443710361e+000 +1.8232e+000 -2.3993e+000 -7.4036e-001 -1.7307e+000 -2.7740e+000
819 +1.631886043e+001 +1.631886043e+001 +3.248860427e+000 +3.248860427e+000 +1.9448e+000 -1.4950e+000 -4.9664e-001 -1.7645e+000 -3.2357e+000
1629 +1.498268458e+001 +1.498268458e+001 +1.912684577e+000 +1.912684577e+000 +1.1532e+000 -1.5219e+000 -2.7471e+000 -2.4050e+000 -9.9101e-001
5385 +1.421980285e+001 +1.421980285e+001 +1.149802847e+000 +1.149802847e+000 +1.3734e+000 -1.8472e+000 -8.3144e-001 -1.8114e+000 -1.3273e+000
7145 +1.377542163e+001 +1.377542163e+001 +7.054216288e-001 +7.054216288e-001 +1.2751e+000 -1.6190e+000 -5.4301e-001 -1.1264e+000 -1.7450e+000
12796 +1.136638632e+001 +1.136638632e+001 -1.703613679e+000 -1.703613679e+000 +1.6827e+000 -1.7494e+000 -1.7310e+000 -1.8856e+000 -1.9967e+000
36610 +1.032425637e+001 +1.032425637e+001 -2.745743628e+000 -2.745743628e+000 +1.5719e+000 -2.3709e+000 -1.6791e+000 -1.5811e+000 -2.3260e+000
46327 +9.939577103e+000 +9.939577103e+000 -3.130422897e+000 -3.130422897e+000 +2.0831e+000 -1.7975e+000 -2.3499e+000 -1.9150e+000 -1.7527e+000
125546 +9.537915153e+000 +9.537915153e+000 -3.532084847e+000 -3.532084847e+000 +8.7669e-001 -1.7008e+000 -1.5316e+000 -1.5477e+000 -1.9451e+000
142186 +8.148987743e+000 +8.148987743e+000 -4.921012257e+000 -4.921012257e+000 +1.9375e+000 -1.9679e+000 -1.5940e+000 -1.8397e+000 -1.1922e+000
148684 +7.382046743e+000 +7.382046743e+000 -5.687953257e+000 -5.687953257e+000 +1.8153e+000 -9.5356e-001 -1.5164e+000 -1.5480e+000 -2.0203e+000
785083 +7.123873273e+000 +7.123873273e+000 -5.946126727e+000 -5.946126727e+000 +1.5225e+000 -1.4672e+000 -2.3916e+000 -2.0737e+000 -1.5673e+000
1686666 +7.046043348e+000 +7.046043348e+000 -6.023956652e+000 -6.023956652e+000 +1.6335e+000 -2.2331e+000 -1.3650e+000 -1.7325e+000 -2.3706e+000
3128100 +6.007379418e+000 +6.007379418e+000 -7.062620582e+000 -7.062620582e+000 +1.9195e+000 -1.6175e+000 -1.4816e+000 -1.7585e+000 -2.0034e+000
% function evaluation | noise-free fitness - Fopt (7.965000000000e+001) | best noise-free fitness - Fopt | measured fitness | best measured fitness | x1 | x2...
1 +4.798032097e+005 +4.798032097e+005 +4.798828597e+005 +4.798828597e+005 -2.6491e+000 +1.1924e+001 -1.3573e+000 +3.5186e-001 +2.3865e+000
2 +1.298225172e+005 +1.298225172e+005 +1.299021672e+005 +1.299021672e+005 -7.6993e+000 +7.3813e+000 -4.7526e-001 +1.4498e+000 +2.2074e-001
3 +2.149348891e+004 +2.149348891e+004 +2.157313891e+004 +2.157313891e+004 -2.7254e+000 -2.9361e+000 +6.4588e+000 +8.5744e-001 +1.4844e+000
6 +1.149690500e+003 +1.149690500e+003 +1.229340500e+003 +1.229340500e+003 -2.2777e+000 +5.3128e+000 +2.8417e+000 +1.6032e+000 +3.3775e+000
7 +1.457953976e+002 +1.457953976e+002 +2.254453976e+002 +2.254453976e+002 -3.9557e+000 +3.5498e+000 +3.2590e+000 +2.2681e+000 +1.2484e+000
26 +1.357042800e+002 +1.357042800e+002 +2.153542800e+002 +2.153542800e+002 -5.2521e-001 +2.1096e+000 +3.1789e+000 +1.1545e-001 +2.0458e+000
52 +9.414679075e+001 +9.414679075e+001 +1.737967907e+002 +1.737967907e+002 -2.3225e+000 +9.7735e-002 +2.0837e+000 -2.7084e+000 -1.6119e+000
53 +8.976629560e+001 +8.976629560e+001 +1.694162956e+002 +1.694162956e+002 -5.8295e-001 -4.8388e-001 +2.7479e+000 +1.1511e+000 +2.8729e+000
68 +8.656840985e+001 +8.656840985e+001 +1.662184099e+002 +1.662184099e+002 -5.4811e-001 +2.4461e+000 +2.5031e+000 +3.7959e+000 -1.5303e+000
79 +8.032839968e+001 +8.032839968e+001 +1.599783997e+002 +1.599783997e+002 -1.6583e+000 +9.2376e-001 +2.2138e+000 +7.2611e-001 +1.1649e+000
94 +7.162227364e+001 +7.162227364e+001 +1.512722736e+002 +1.512722736e+002 -7.7787e-001 +6.7127e-001 +1.1604e+000 -8.7065e-001 +5.0196e-001
99 +6.222703545e+001 +6.222703545e+001 +1.418770354e+002 +1.418770354e+002 -9.6648e-001 +4.3632e-001 +1.8667e+000 +1.1823e+000 +7.6926e-001
115 +5.917756081e+001 +5.917756081e+001 +1.388275608e+002 +1.388275608e+002 -9.3543e-001 +4.0418e-001 +1.6266e+000 -1.7273e+000 +2.3751e-001
155 +5.867064547e+001 +5.867064547e+001 +1.383206455e+002 +1.383206455e+002 -5.4751e-001 +6.5539e-001 +1.9470e+000 -2.0704e+000 +1.7429e+000
181 +3.980787945e+001 +3.980787945e+001 +1.194578795e+002 +1.194578795e+002 -1.6957e+000 -9.5901e-001 +2.0589e+000 -1.0079e+000 +9.0012e-001
262 +3.406936460e+001 +3.406936460e+001 +1.137193646e+002 +1.137193646e+002 +1.3268e-001 -2.7697e+000 +2.3144e+000 -1.1103e+000 +5.3231e-001
433 +3.202997825e+001 +3.202997825e+001 +1.116799782e+002 +1.116799782e+002 -5.3730e-001 -1.7731e+000 +9.0635e-001 -2.0448e+000 +8.3460e-001
434 +1.962693137e+001 +1.962693137e+001 +9.927693137e+001 +9.927693137e+001 -8.1635e-001 -1.6954e+000 +1.0628e+000 -4.2767e-001 +1.1239e+000
614 +1.941993985e+001 +1.941993985e+001 +9.906993985e+001 +9.906993985e+001 -1.2336e+000 -1.7417e+000 +3.7588e-001 -1.6247e+000 +1.2922e+000
946 +1.558434790e+001 +1.558434790e+001 +9.523434790e+001 +9.523434790e+001 -1.4373e+000 -8.4849e-001 +1.2228e+000 -1.4809e+000 +1.0082e+000
1052 +1.395869489e+001 +1.395869489e+001 +9.360869489e+001 +9.360869489e+001 -1.7989e+000 -1.2673e+000 +6.8436e-001 -9.8069e-001 +7.3651e-001
1231 +1.126770486e+001 +1.126770486e+001 +9.091770486e+001 +9.091770486e+001 -1.6443e+000 -9.5327e-001 +1.4377e+000 -1.9364e+000 +8.9467e-001
1823 +8.985796055e+000 +8.985796055e+000 +8.863579605e+001 +8.863579605e+001 -1.1164e+000 -1.6473e+000 +1.2822e+000 -1.8320e+000 +8.7605e-001
2676 +6.758252839e+000 +6.758252839e+000 +8.640825284e+001 +8.640825284e+001 -9.2275e-001 -1.2864e+000 +1.7371e+000 -9.3293e-001 +1.4188e+000
8475 +3.403072443e+000 +3.403072443e+000 +8.305307244e+001 +8.305307244e+001 -1.3194e+000 -1.3987e+000 +9.6204e-001 -1.4941e+000 +1.2418e+000
% function evaluation | noise-free fitness - Fopt (1.160000000000e+000) | best noise-free fitness - Fopt | measured fitness | best measured fitness | x1 | x2...
1 +1.860324238e+004 +1.860324238e+004 +1.860440238e+004 +1.860440238e+004 -2.6049e+000 +3.3276e+000 -6.3564e+000 +4.6854e+000 -9.9553e-001
2 +2.020582431e+002 +2.020582431e+002 +2.032182431e+002 +2.032182431e+002 +4.6547e+000 +2.2636e+000 -1.5128e+000 +2.5381e+000 +4.2871e+000
10 +1.366431668e+002 +1.366431668e+002 +1.378031668e+002 +1.378031668e+002 -9.3643e-001 +1.3176e+000 -4.0732e+000 +3.7553e+000 -2.0881e+000
16 +1.133498745e+002 +1.133498745e+002 +1.145098745e+002 +1.145098745e+002 -1.4021e+000 +1.0161e-001 -2.8466e+000 +3.5719e+000 -2.0494e+000
53 +9.980277493e+001 +9.980277493e+001 +1.009627749e+002 +1.009627749e+002 +2.0527e+000 +5.4893e-001 -3.0129e+000 +2.9632e+000 -1.1928e+000
65 +8.543076130e+001 +8.543076130e+001 +8.659076130e+001 +8.659076130e+001 +1.3553e+000 -3.4734e+000 -1.0308e-001 -1.5398e+000 +6.3590e-001
81 +7.142518145e+001 +7.142518145e+001 +7.258518145e+001 +7.258518145e+001 +7.2459e-001 -4.9882e-001 -7.4260e-001 +1.9481e+000 -4.1975e-001
101 +5.637589849e+001 +5.637589849e+001 +5.753589849e+001 +5.753589849e+001 -1.4335e+000 -7.5767e-001 -1.1415e+000 -1.3852e+000 +6.0811e-001
111 +4.443034792e+001 +4.443034792e+001 +4.559034792e+001 +4.559034792e+001 -1.4409e+000 -1.3344e+000 +1.2329e-001 +3.9667e-002 -2.7543e-001
131 +2.767184431e+001 +2.767184431e+001 +2.883184431e+001 +2.883184431e+001 -6.5279e-001 -6.6765e-002 -1.8376e+000 +3.2259e-001 -1.6511e+000
265 +1.942429002e+001 +1.942429002e+001 +2.058429002e+001 +2.058429002e+001 -2.0988e+000 -9.3534e-001 -1.2032e+000 -1.8117e+000 -2.1849e+000
663 +1.885228765e+001 +1.885228765e+001 +2.001228765e+001 +2.001228765e+001 -1.2938e+000 -2.0662e+000 -1.6523e+000 -1.8309e+000 -2.6054e+000
1623 +1.782825973e+001 +1.782825973e+001 +1.898825973e+001 +1.898825973e+001 -2.0006e+000 -1.7164e+000 -1.9621e+000 -1.0799e+000 -9.3120e-001
1647 +1.579928058e+001 +1.579928058e+001 +1.695928058e+001 +1.695928058e+001 -1.9757e+000 -1.6316e+000 -2.3465e+000 -1.9720e+000 -1.5884e+000
1798 +1.189328614e+001 +1.189328614e+001 +1.305328614e+001 +1.305328614e+001 -1.8191e+000 -2.2014e+000 -1.6071e+000 -1.1709e+000 -1.3569e+000
11518 +1.153428539e+001 +1.153428539e+001 +1.269428539e+001 +1.269428539e+001 -2.1819e+000 -1.4209e+000 -1.7058e+000 -2.2400e+000 -7.7937e-001
13533 +8.950639018e+000 +8.950639018e+000 +1.011063902e+001 +1.011063902e+001 -1.6469e+000 -1.2597e+000 -1.5341e+000 -1.7688e+000 -1.5038e+000
17349 +7.711172360e+000 +7.711172360e+000 +8.871172360e+000 +8.871172360e+000 -1.6340e+000 -1.7901e+000 -1.7998e+000 -1.4130e+000 -1.5599e+000
80778 +7.363119218e+000 +7.363119218e+000 +8.523119218e+000 +8.523119218e+000 -1.7799e+000 -1.3262e+000 -1.5296e+000 -1.0923e+000 -1.0806e+000
115191 +6.616239755e+000 +6.616239755e+000 +7.776239755e+000 +7.776239755e+000 -1.8302e+000 -1.9131e+000 -2.0869e+000 -1.6913e+000 -1.8291e+000
968163 +6.349877889e+000 +6.349877889e+000 +7.509877889e+000 +7.509877889e+000 -1.6536e+000 -2.1140e+000 -1.5656e+000 -1.2884e+000 -2.0759e+000
1782609 +6.127380536e+000 +6.127380536e+000 +7.287380536e+000 +7.287380536e+000 -1.5227e+000 -1.5258e+000 -1.3076e+000 -1.8952e+000 -1.6769e+000
% function evaluation | noise-free fitness - Fopt (2.407100000000e+002) | best noise-free fitness - Fopt | measured fitness | best measured fitness | x1 | x2...
1 +1.009381642e+002 +1.009381642e+002 +3.416481642e+002 +3.416481642e+002 +2.2199e-001 -1.2169e+000 +1.5167e+000 +3.1857e-002 -2.4804e+000
24 +7.151607490e+001 +7.151607490e+001 +3.122260749e+002 +3.122260749e+002 +8.9185e-001 -2.6463e+000 +1.3119e+000 -1.2325e+000 +8.9380e-001
75 +6.568948279e+001 +6.568948279e+001 +3.063994828e+002 +3.063994828e+002 +1.5634e+000 -1.8952e+000 +1.3376e+000 +2.5908e-001 -1.3331e+000
88 +6.165376509e+001 +6.165376509e+001 +3.023637651e+002 +3.023637651e+002 +1.5795e+000 -2.8163e+000 +1.8062e-001 +1.1348e+000 -1.8152e+000
111 +5.743654467e+001 +5.743654467e+001 +2.981465447e+002 +2.981465447e+002 +2.0180e+000 -2.5191e+000 +1.4181e-001 +6.1536e-001 -1.2678e+000
112 +5.620899084e+001 +5.620899084e+001 +2.969189908e+002 +2.969189908e+002 +9.5026e-001 -4.0299e+000 +4.7392e-001 +4.3870e-001 +3.6342e+000
189 +5.295967421e+001 +5.295967421e+001 +2.936696742e+002 +2.936696742e+002 +7.9698e-001 -2.9589e+000 -8.2252e-002 +1.2197e+000 -6.1619e-001
190 +5.075547723e+001 +5.075547723e+001 +2.914654772e+002 +2.914654772e+002 +4.3940e-001 -2.1460e+000 -3.1896e-001 +7.3949e-001 -6.3389e-001
191 +4.369897347e+001 +4.369897347e+001 +2.844089735e+002 +2.844089735e+002 +1.1057e+000 -2.4256e+000 -6.9054e-001 +6.6969e-001 +2.7693e+000
256 +4.347990058e+001 +4.347990058e+001 +2.841899006e+002 +2.841899006e+002 +1.0982e+000 -3.0832e+000 -1.5311e+000 +3.4290e-001 +2.0476e+000
264 +2.782697579e+001 +2.782697579e+001 +2.685369758e+002 +2.685369758e+002 +1.0369e+000 -2.7353e+000 -1.0448e+000 +4.2826e-001 +2.0750e+000
332 +2.587417375e+001 +2.587417375e+001 +2.665841737e+002 +2.665841737e+002 +1.7896e+000 -1.6464e+000 -9.5393e-001 -1.0906e-002 +1.8836e+000
537 +2.560992213e+001 +2.560992213e+001 +2.663199221e+002 +2.663199221e+002 +7.3054e-001 -2.1367e+000 -1.6881e+000 +1.0183e+000 +3.6012e+000
583 +1.831473200e+001 +1.831473200e+001 +2.590247320e+002 +2.590247320e+002 +2.0227e+000 -1.7807e+000 -1.3148e+000 +1.4809e+000 +1.3141e+000
2699 +1.731788463e+001 +1.731788463e+001 +2.580278846e+002 +2.580278846e+002 +2.5542e+000 -2.9287e+000 -1.1285e+000 +1.6206e+000 +1.7309e+000
4692 +1.208592834e+001 +1.208592834e+001 +2.527959283e+002 +2.527959283e+002 +1.8486e+000 -1.8457e+000 -1.8094e+000 +1.3349e+000 +1.5405e+000
9016 +1.081247751e+001 +1.081247751e+001 +2.515224775e+002 +2.515224775e+002 +2.1182e+000 -1.8798e+000 -1.1932e+000 +9.4161e-001 +1.6855e+000
29667 +8.246751875e+000 +8.246751875e+000 +2.489567519e+002 +2.489567519e+002 +1.9887e+000 -1.3829e+000 -1.3379e+000 +1.5221e+000 +2.4367e+000
413463 +7.418359590e+000 +7.418359590e+000 +2.481283596e+002 +2.481283596e+002 +1.8992e+000 -2.2996e+000 -1.5109e+000 +2.1675e+000 +1.8615e+000
660211 +7.343935446e+000 +7.343935446e+000 +2.480539354e+002 +2.480539354e+002 +1.5075e+000 -1.5556e+000 -1.6503e+000 +1.2496e+000 +1.4596e+000
3011545 +7.121862383e+000 +7.121862383e+000 +2.478318624e+002 +2.478318624e+002 +1.9057e+000 -1.8640e+000 -1.9764e+000 +1.6988e+000 +2.1513e+000
3632709 +4.794803802e+000 +4.794803802e+000 +2.455048038e+002 +2.455048038e+002 -1.5095e+000 +1.1069e+000 +1.5315e+000 -1.0905e+000 -1.1267e+000
3642755 +4.194872143e+000 +4.194872143e+000 +2.449048721e+002 +2.449048721e+002 -1.6080e+000 +1.1608e+000 +1.3967e+000 -1.7695e+000 -1.4137e+000
3676606 +4.010033258e+000 +4.010033258e+000 +2.447200333e+002 +2.447200333e+002 -9.0714e-001 +7.9330e-001 +1.5042e+000 -1.5867e+000 -1.3582e+000
3789042 +3.765897304e+000 +3.765897304e+000 +2.444758973e+002 +2.444758973e+002 -1.7148e+000 +1.2109e+000 +9.5457e-001 -1.4237e+000 -6.9431e-001
% function evaluation | noise-free fitness - Fopt (-2.707900000000e+002) | best noise-free fitness - Fopt | measured fitness | best measured fitness | x1 | x2...
1 +1.221868613e+006 +1.221868613e+006 +1.221597823e+006 +1.221597823e+006 +5.3323e+000 +1.5542e+001 -5.6608e-001 -1.4875e+000 +8.2968e+000
2 +1.241160776e+003 +1.241160776e+003 +9.703707759e+002 +9.703707759e+002 +5.3250e+000 -3.9299e+000 +4.6429e+000 -7.7264e-001 +8.9708e-001
10 +2.375139468e+002 +2.375139468e+002 -3.327605322e+001 -3.327605322e+001 +4.0460e+000 -2.2029e+000 +5.0930e+000 +9.6764e-001 +3.0342e+000
11 +1.196688887e+002 +1.196688887e+002 -1.511211113e+002 -1.511211113e+002 +3.4389e+000 -1.2228e-001 +3.9369e+000 -3.6931e+000 +9.4390e-001
14 +9.674228835e+001 +9.674228835e+001 -1.740477116e+002 -1.740477116e+002 +4.9322e+000 -2.5562e+000 +1.9218e+000 -1.8094e+000 +3.0345e-001
15 +7.604638386e+001 +7.604638386e+001 -1.947436161e+002 -1.947436161e+002 +1.7032e+000 -1.9673e+000 +1.8720e+000 +9.4968e-001 -5.0850e-001
30 +5.247270014e+001 +5.247270014e+001 -2.183172999e+002 -2.183172999e+002 +2.0720e-001 -1.6579e+000 +8.5282e-001 -2.4764e+000 +1.1258e+000
60 +4.982519510e+001 +4.982519510e+001 -2.209648049e+002 -2.209648049e+002 +1.2066e+000 -1.7175e+000 +9.5647e-001 -2.0285e+000 +2.9323e+000
80 +4.425319127e+001 +4.425319127e+001 -2.265368087e+002 -2.265368087e+002 +7.9196e-001 -1.8541e+000 +2.8036e-001 -2.1385e+000 +3.0583e-001
121 +4.024488999e+001 +4.024488999e+001 -2.305451100e+002 -2.305451100e+002 +1.9716e+000 -1.3991e+000 +1.4182e+000 -2.7002e-001 +3.0790e-001
155 +3.195774997e+001 +3.195774997e+001 -2.388322500e+002 -2.388322500e+002 +1.3745e+000 -1.4308e+000 +1.9839e+000 -1.7987e+000 +1.4920e+000
200 +3.127527583e+001 +3.127527583e+001 -2.395147242e+002 -2.395147242e+002 +1.8563e+000 -1.6926e+000 +1.4279e+000 -1.1796e+000 +1.0139e+000
247 +2.734430534e+001 +2.734430534e+001 -2.434456947e+002 -2.434456947e+002 +1.8917e+000 -1.6097e+000 +1.6200e+000 -1.3528e+000 +9.2494e-001
349 +1.729298041e+001 +1.729298041e+001 -2.534970196e+002 -2.534970196e+002 +1.3018e+000 -1.9750e+000 +1.5560e+000 -1.1985e+000 +5.7382e-001
666 +6.404587090e+000 +6.404587090e+000 -2.643854129e+002 -2.643854129e+002 +6.1187e-001 -1.2936e+000 +1.6079e+000 -1.4132e+000 +1.0281e+000
2060 +4.349917487e+000 +4.349917487e+000 -2.664400825e+002 -2.664400825e+002 +1.0261e+000 -1.0677e+000 +9.8808e-001 -7.3475e-001 +1.2992e+000
88560 +3.693209634e+000 +3.693209634e+000 -2.670967904e+002 -2.670967904e+002 +9.9404e-001 -9.0080e-001 +1.4315e+000 -1.4939e+000 +1.2434e+000
202695 +2.801093187e+000 +2.801093187e+000 -2.679889068e+002 -2.679889068e+002 +1.2732e+000 -6.9560e-001 +1.4139e+000 -1.4849e+000 +1.6007e+000
% function evaluation | noise-free fitness - Fopt (2.612000000000e+001) | best noise-free fitness - Fopt | measured fitness | best measured fitness | x1 | x2...
1 +6.391652827e+001 +6.391652827e+001 +9.003652827e+001 +9.003652827e+001 -1.7308e+000 +2.1178e+000 -1.2214e+000 +3.1018e+000 -6.3064e-001
4 +5.310492837e+001 +5.310492837e+001 +7.922492837e+001 +7.922492837e+001 -3.3193e+000 +1.1635e+000 -4.8542e-001 +4.3310e+000 -3.6998e-001
29 +4.851460774e+001 +4.851460774e+001 +7.463460774e+001 +7.463460774e+001 -4.3495e-001 +1.4977e+000 -1.4755e+000 +4.4407e+000 +1.3690e+000
113 +3.571244106e+001 +3.571244106e+001 +6.183244106e+001 +6.183244106e+001 -2.3498e+000 +1.8255e+000 -1.1719e+000 +3.5862e+000 +1.4454e+000
117 +3.397907231e+001 +3.397907231e+001 +6.009907231e+001 +6.009907231e+001 -1.6776e+000 +1.8345e+000 -1.4566e+000 +7.5496e-001 +1.0425e+000
155 +2.415501396e+001 +2.415501396e+001 +5.027501396e+001 +5.027501396e+001 -1.6202e+000 +1.4493e+000 -1.7901e+000 +1.9394e+000 +1.7178e+000
511 +2.224455030e+001 +2.224455030e+001 +4.836455030e+001 +4.836455030e+001 -1.7205e+000 +1.9068e+000 -2.0317e+000 +2.5708e+000 +2.7932e+000
886 +1.281729486e+001 +1.281729486e+001 +3.893729486e+001 +3.893729486e+001 -2.5705e+000 +1.7848e+000 -7.1219e-001 +1.9743e+000 +1.5728e+000
3726 +1.190374967e+001 +1.190374967e+001 +3.802374967e+001 +3.802374967e+001 -2.6420e+000 +2.3829e+000 -1.9692e+000 +1.6727e+000 +1.6106e+000
17218 +9.187697326e+000 +9.187697326e+000 +3.530769733e+001 +3.530769733e+001 -1.7208e+000 +1.4416e+000 -1.9786e+000 +1.2919e+000 +8.2959e-001
66006 +8.011886628e+000 +8.011886628e+000 +3.413188663e+001 +3.413188663e+001 -1.0847e+000 +1.6347e+000 -1.3339e+000 +1.4674e+000 +1.8909e+000
70492 +7.673365713e+000 +7.673365713e+000 +3.379336571e+001 +3.379336571e+001 -2.3355e+000 +1.6067e+000 -1.3014e+000 +1.9132e+000 +1.6109e+000
249011 +7.271103904e+000 +7.271103904e+000 +3.339110390e+001 +3.339110390e+001 -1.8644e+000 +1.6902e+000 -2.0710e+000 +1.0081e+000 +1.9350e+000
667378 +7.073401192e+000 +7.073401192e+000 +3.319340119e+001 +3.319340119e+001 -1.7402e+000 +8.7357e-001 -1.7679e+000 +1.6502e+000 +2.1483e+000
1695829 +6.420501911e+000 +6.420501911e+000 +3.254050191e+001 +3.254050191e+001 -1.6693e+000 +1.8273e+000 -1.4495e+000 +1.9026e+000 +1.9741e+000
% function evaluation | noise-free fitness - Fopt (-6.252000000000e+001) | best noise-free fitness - Fopt | measured fitness | best measured fitness | x1 | x2...
1 +1.230951064e+005 +1.230951064e+005 +1.230325864e+005 +1.230325864e+005 +2.3220e+000 -5.2018e-001 +4.5797e+000 +3.9695e+000 +8.5052e+000
3 +9.817714294e+004 +9.817714294e+004 +9.811462294e+004 +9.811462294e+004 -2.2175e+000 +4.5983e+000 -3.7617e+000 +8.1295e+000 +5.1538e-001
5 +1.168609405e+002 +1.168609405e+002 +5.434094047e+001 +5.434094047e+001 +2.2449e-001 -3.3366e+000 +3.8482e+000 +2.3452e+000 -1.0041e-001
12 +8.168411514e+001 +8.168411514e+001 +1.916411514e+001 +1.916411514e+001 -7.2764e-001 +4.2449e+000 +7.5220e-001 +5.5485e-001 -7.8200e-001
14 +6.966372273e+001 +6.966372273e+001 +7.143722732e+000 +7.143722732e+000 +4.6076e-002 +1.7718e+000 -2.1900e-001 +1.7526e+000 -4.0106e-001
34 +5.369230698e+001 +5.369230698e+001 -8.827693019e+000 -8.827693019e+000 +1.2967e+000 -1.9537e+000 -2.1621e+000 -8.8006e-001 +3.5093e+000
73 +5.210880172e+001 +5.210880172e+001 -1.041119828e+001 -1.041119828e+001 +7.9921e-001 -1.4670e-001 -7.4359e-001 -2.9733e-003 +2.0374e+000
107 +4.349208747e+001 +4.349208747e+001 -1.902791253e+001 -1.902791253e+001 +1.4986e+000 +1.5016e+000 -2.2359e+000 +3.0006e+000 +1.6231e-001
109 +4.174647117e+001 +4.174647117e+001 -2.077352883e+001 -2.077352883e+001 +1.4307e+000 +1.4444e+000 -1.4340e+000 +1.0070e+000 +1.0689e+000
127 +3.508613938e+001 +3.508613938e+001 -2.743386062e+001 -2.743386062e+001 +7.5912e-001 -9.7839e-001 -1.1531e+000 +1.0540e+000 +1.8606e+000
140 +3.193647993e+001 +3.193647993e+001 -3.058352007e+001 -3.058352007e+001 +1.5130e+000 +9.3285e-001 -1.4113e+000 +4.7996e-001 +1.3902e+000
204 +2.738213923e+001 +2.738213923e+001 -3.513786077e+001 -3.513786077e+001 +4.2451e-001 -8.3849e-001 -1.1392e+000 +2.4078e+000 +2.2029e+000
689 +1.756903767e+001 +1.756903767e+001 -4.495096233e+001 -4.495096233e+001 +1.6382e+000 -1.6641e+000 -1.3213e+000 +2.3869e+000 +1.5595e+000
2754 +1.488856791e+001 +1.488856791e+001 -4.763143209e+001 -4.763143209e+001 +1.5547e+000 -1.1149e+000 -1.3652e+000 +2.4472e+000 +1.8946e+000
3385 +1.371965916e+001 +1.371965916e+001 -4.880034084e+001 -4.880034084e+001 +1.9975e+000 -1.0336e+000 -1.4293e+000 +1.9383e+000 +2.1841e+000
5769 +1.283963182e+001 +1.283963182e+001 -4.968036818e+001 -4.968036818e+001 +2.2070e+000 -1.0538e+000 -1.7918e+000 +1.2948e+000 +1.3387e+000
14399 +1.122251046e+001 +1.122251046e+001 -5.129748954e+001 -5.129748954e+001 +2.3402e+000 -2.0439e+000 -1.4137e+000 +2.1315e+000 +9.1689e-001
35361 +1.005888000e+001 +1.005888000e+001 -5.246112000e+001 -5.246112000e+001 +1.6561e+000 -8.6162e-001 -2.2620e+000 +1.8979e+000 +7.5150e-001
137004 +8.476102078e+000 +8.476102078e+000 -5.404389792e+001 -5.404389792e+001 +7.3186e-001 -1.7097e+000 -1.6900e+000 +1.4492e+000 +1.9065e+000
168180 +8.041452758e+000 +8.041452758e+000 -5.447854724e+001 -5.447854724e+001 +1.6424e+000 -1.8516e+000 -2.2736e+000 +2.3332e+000 +1.0663e+000
365540 +7.708626036e+000 +7.708626036e+000 -5.481137396e+001 -5.481137396e+001 +1.2730e+000 -1.4761e+000 -1.6500e+000 +1.0174e+000 +9.3288e-001
845745 +7.373190507e+000 +7.373190507e+000 -5.514680949e+001 -5.514680949e+001 +1.4275e+000 -2.0388e+000 -1.9696e+000 +1.8112e+000 +1.3463e+000
1502081 +6.512077421e+000 +6.512077421e+000 -5.600792258e+001 -5.600792258e+001 +1.9453e+000 -2.1479e+000 -1.8594e+000 +1.4390e+000 +1.9608e+000
% function evaluation | noise-free fitness - Fopt (-2.438600000000e+002) | best noise-free fitness - Fopt | measured fitness | best measured fitness | x1 | x2...
1 +7.371037839e+003 +7.371037839e+003 +7.127177839e+003 +7.127177839e+003 -2.4812e+000 -2.4444e+000 -5.8501e+000 +3.3424e+000 -4.8027e+000
5 +1.628633416e+002 +1.628633416e+002 -8.099665836e+001 -8.099665836e+001 -4.9160e+000 +2.1406e+000 +1.8328e+000 +2.7918e+000 -9.7486e-001
16 +7.631203109e+001 +7.631203109e+001 -1.675479689e+002 -1.675479689e+002 -3.1238e+000 -3.0686e+000 -3.7230e+000 +1.5281e+000 -4.2320e+000
46 +6.478388211e+001 +6.478388211e+001 -1.790761179e+002 -1.790761179e+002 -1.3074e+000 -2.0324e+000 -1.7407e+000 +6.0505e-001 -1.0036e+000
107 +5.150163110e+001 +5.150163110e+001 -1.923583689e+002 -1.923583689e+002 +6.1700e-001 -1.0512e+000 -2.7322e-001 +1.4899e+000 -4.7106e-001
147 +4.048451623e+001 +4.048451623e+001 -2.033754838e+002 -2.033754838e+002 -1.5392e-001 -1.7757e+000 -3.8105e+000 +1.8797e+000 -1.1396e+000
160 +3.455127806e+001 +3.455127806e+001 -2.093087219e+002 -2.093087219e+002 +1.3559e+000 -3.3222e+000 -3.1600e+000 +1.5094e+000 +4.2193e-002
245 +2.685196984e+001 +2.685196984e+001 -2.170080302e+002 -2.170080302e+002 +2.0010e+000 +2.6245e-001 -9.7655e-001 +1.3338e+000 -1.7931e+000
304 +1.782888525e+001 +1.782888525e+001 -2.260311147e+002 -2.260311147e+002 +7.3377e-001 -1.1314e+000 -2.2498e+000 +1.4858e+000 -2.4253e+000
4190 +1.060322644e+001 +1.060322644e+001 -2.332567736e+002 -2.332567736e+002 +1.8208e+000 -2.0004e+000 -1.0417e+000 +1.8841e+000 -2.2796e+000
38695 +8.539547159e+000 +8.539547159e+000 -2.353204528e+002 -2.353204528e+002 +1.5069e+000 -2.4352e+000 -1.5734e+000 +1.7783e+000 -1.2434e+000
139380 +6.081215703e+000 +6.081215703e+000 -2.377787843e+002 -2.377787843e+002 +2.0639e+000 -1.6605e+000 -1.6267e+000 +1.2835e+000 -2.0026e+000
% function evaluation | noise-free fitness - Fopt (-9.475000000000e+002) | best noise-free fitness - Fopt | measured fitness | best measured fitness | x1 | x2...
1 +2.310553324e+005 +2.310553324e+005 +2.301078324e+005 +2.301078324e+005 +2.1430e+000 -9.6705e+000 -3.2470e+000 +6.1169e+000 +5.0359e+000
2 +1.688743376e+004 +1.688743376e+004 +1.593993376e+004 +1.593993376e+004 +4.3767e+000 -2.5827e+000 -3.4294e+000 +6.2742e+000 +5.1851e+000
8 +1.734311586e+002 +1.734311586e+002 -7.740688414e+002 -7.740688414e+002 +2.2904e+000 -4.4268e+000 -3.7853e+000 +3.7798e+000 -1.7555e-001
19 +9.134343396e+001 +9.134343396e+001 -8.561565660e+002 -8.561565660e+002 -3.1406e-001 -2.7224e+000 -3.2019e-001 -2.5073e+000 +1.9047e+000
60 +5.345865963e+001 +5.345865963e+001 -8.940413404e+002 -8.940413404e+002 +3.8624e-001 -4.0641e-001 -1.9312e+000 +6.2489e-001 +3.2539e+000
158 +4.604131161e+001 +4.604131161e+001 -9.014586884e+002 -9.014586884e+002 -2.6373e-001 +2.0977e-001 -6.0188e-001 -1.1890e+000 +5.2183e-001
238 +3.818022201e+001 +3.818022201e+001 -9.093197780e+002 -9.093197780e+002 -6.7222e-001 +1.6792e+000 -6.9444e-001 -2.4635e+000 +1.2967e+000
241 +3.747869986e+001 +3.747869986e+001 -9.100213001e+002 -9.100213001e+002 -1.8259e+000 +1.9911e+000 -2.0153e+000 -1.5596e+000 +2.1106e+000
249 +3.706082795e+001 +3.706082795e+001 -9.104391721e+002 -9.104391721e+002 -1.0671e+000 +2.3357e+000 -1.0768e+000 -1.0898e+000 +2.2670e+000
272 +3.065416922e+001 +3.065416922e+001 -9.168458308e+002 -9.168458308e+002 -3.9331e+000 +2.1811e+000 -4.2298e-001 -9.4915e-001 +1.5067e+000
326 +2.547742195e+001 +2.547742195e+001 -9.220225780e+002 -9.220225780e+002 -1.5588e+000 +1.5038e+000 -1.2763e+000 -2.0911e+000 +1.7544e+000
389 +2.160937752e+001 +2.160937752e+001 -9.258906225e+002 -9.258906225e+002 -1.6593e+000 +1.5865e+000 -2.7667e+000 -2.4661e+000 +1.4848e+000
433 +1.246088849e+001 +1.246088849e+001 -9.350391115e+002 -9.350391115e+002 -1.3848e+000 +1.3167e+000 -1.3279e+000 -1.6686e+000 +3.5168e+000
851 +1.087541441e+001 +1.087541441e+001 -9.366245856e+002 -9.366245856e+002 -1.9698e+000 +1.8046e+000 -2.5086e+000 -1.8028e+000 +1.6706e+000
43014 +8.251767840e+000 +8.251767840e+000 -9.392482322e+002 -9.392482322e+002 -2.0505e+000 +1.9018e+000 -1.8716e+000 -1.6986e+000 +1.3124e+000
74838 +8.090953399e+000 +8.090953399e+000 -9.394090466e+002 -9.394090466e+002 -2.4132e+000 +2.1925e+000 -2.1426e+000 -1.9236e+000 +1.0435e+000
482551 +7.269816263e+000 +7.269816263e+000 -9.402301837e+002 -9.402301837e+002 -2.3706e+000 +1.5181e+000 -1.2621e+000 -1.7729e+000 +2.0791e+000
1137993 +7.070537426e+000 +7.070537426e+000 -9.404294626e+002 -9.404294626e+002 -1.2962e+000 +1.1106e+000 -2.1609e+000 -2.0033e+000 +1.8486e+000
2592356 +6.359705125e+000 +6.359705125e+000 -9.411402949e+002 -9.411402949e+002 -1.3311e+000 +1.7356e+000 -1.4016e+000 -1.5176e+000 +1.9002e+000
3790786 +5.909467325e+000 +5.909467325e+000 -9.415905327e+002 -9.415905327e+002 -1.6015e+000 +1.5212e+000 -1.4362e+000 -1.4746e+000 +1.6560e+000
