% function evaluation | noise-free fitness - Fopt (6.870000000000e+000) | best noise-free fitness - Fopt | measured fitness | best measured fitness | x1 | x2...
1 +1.844724905e+001 +1.844724905e+001 +2.531724905e+001 +2.531724905e+001 +3.8418e+000 -2.3290e+000 +1.6389e+000 +2.6118e+000 +3.7968e+000
3 +1.380722183e+001 +1.380722183e+001 +2.067722183e+001 +2.067722183e+001 +7.1658e+000 -1.6862e-001 +2.7687e+000 +4.3011e-003 -1.9666e+000
6 +1.172574042e+001 +1.172574042e+001 +1.859574042e+001 +1.859574042e+001 +6.9580e+000 -6.4155e+000 -2.2168e+000 +3.5830e+000 -4.1029e-001
8 +9.621590625e+000 +9.621590625e+000 +1.649159063e+001 +1.649159063e+001 +5.2101e+000 -3.7313e+000 -2.6681e-001 +3.2205e+000 -1.2363e+000
15 +4.638196452e+000 +4.638196452e+000 +1.150819645e+001 +1.150819645e+001 -1.0843e+000 -4.1787e+000 +6.5628e-001 -4.5005e-001 -6.5596e-001
77 +4.268385699e+000 +4.268385699e+000 +1.113838570e+001 +1.113838570e+001 +5.1714e+000 -3.6562e+000 -1.6930e+000 -2.9134e+000 -2.2080e+000
243 +3.520196109e+000 +3.520196109e+000 +1.039019611e+001 +1.039019611e+001 +1.6232e+000 -9.1337e-001 +4.4915e-001 +5.3077e+000 -2.2389e+000
289 +2.811548009e+000 +2.811548009e+000 +9.681548009e+000 +9.681548009e+000 +2.8726e+000 -1.4044e+000 +9.9329e-001 -3.7107e+000 -4.3515e-001
462 +2.454116548e+000 +2.454116548e+000 +9.324116548e+000 +9.324116548e+000 +4.6298e+000 -2.1267e-001 +1.3201e+000 -2.4204e+000 -4.4355e-001
2764 +1.464927149e+000 +1.464927149e+000 +8.334927149e+000 +8.334927149e+000 -4.4108e+000 +4.8135e+000 -4.9164e-001 -1.4488e+000 +1.9962e+000
49351 +1.150197383e+000 +1.150197383e+000 +8.020197383e+000 +8.020197383e+000 +4.3580e-002 +2.9728e+000 +1.1367e+000 +1.8226e-001 +7.5666e-001
69406 +9.689876920e-001 +9.689876920e-001 +7.838987692e+000 +7.838987692e+000 -2.2961e+000 +1.1944e+000 -4.8697e+000 -1.3458e+000 -2.8861e+000
72749 +9.298831628e-001 +9.298831628e-001 +7.799883163e+000 +7.799883163e+000 +7.9850e-001 +7.1306e-001 -1.4459e+000 +3.0270e+000 -3.0570e+000
133431 +6.440453516e-001 +6.440453516e-001 +7.514045352e+000 +7.514045352e+000 +3.7074e+000 -3.3579e+000 +5.0233e+000 -2.7979e+000 -1.3820e+000
1449444 +5.836063812e-001 +5.836063812e-001 +7.453606381e+000 +7.453606381e+000 -2.8373e-001 -7.9056e-001 +1.4213e+000 -2.3035e-001 +4.1385e+000
2503936 +5.695828080e-001 +5.695828080e-001 +7.439582808e+000 +7.439582808e+000 +2.4895e-001 +1.7019e-001 +3.2531e+000 +1.2571e+000 -2.2332e+000
4307218 +5.023288311e-001 +5.023288311e-001 +7.372328831e+000 +7.372328831e+000 -4.2324e-001 -1.6328e-002 +4.4613e-001 -1.3712e+000 +6.9435e-001
% function evaluation | noise-free fitness - Fopt (1.000000000000e-002) | best noise-free fitness - Fopt | measured fitness | best measured fitness | x1 | x2...
1 +1.749041178e+001 +1.749041178e+001 +1.750041178e+001 +1.750041178e+001 -2.2014e+000 -9.9573e-002 +2.8102e-001 -3.3591e+000 +3.6289e-001
3 +1.066289967e+001 +1.066289967e+001 +1.067289967e+001 +1.067289967e+001 -6.5539e+000 -2.4579e+000 +1.6273e+000 -1.7532e+000 +7.0579e-001
30 +1.018707252e+001 +1.018707252e+001 +1.019707252e+001 +1.019707252e+001 -4.3047e+000 -9.9568e-001 +2.8141e+000 -3.9991e+000 -3.4386e+000
72 +7.579751767e+000 +7.579751767e+000 +7.589751767e+000 +7.589751767e+000 -4.3939e+000 +2.1630e+000 +2.3029e+000 -4.9587e+000 -9.9601e-001
87 +5.168023295e+000 +5.168023295e+000 +5.178023295e+000 +5.178023295e+000 -1.4254e+000 -4.1711e+000 +3.7760e+000 -2.0461e+000 +8.1867e-001
207 +4.354876838e+000 +4.354876838e+000 +4.364876838e+000 +4.364876838e+000 -1.7298e+000 +6.5971e-001 +4.2454e+000 -2.5083e+000 -2.9729e+000
309 +3.338804804e+000 +3.338804804e+000 +3.348804804e+000 +3.348804804e+000 -3.0619e-001 +1.7484e+000 -7.5129e-001 -5.5979e+000 +1.1661e-001
2704 +2.413396436e+000 +2.413396436e+000 +2.423396436e+000 +2.423396436e+000 +3.1964e+000 +2.0354e+000 +4.2447e+000 +3.1989e+000 -2.1813e+000
5531 +1.038404196e+000 +1.038404196e+000 +1.048404196e+000 +1.048404196e+000 -2.1975e+000 +3.0542e+000 -9.6971e-001 -7.4598e-001 -1.7574e+000
101365 +8.554807438e-001 +8.554807438e-001 +8.654807438e-001 +8.654807438e-001 +3.9230e+000 +3.8420e+000 +1.6793e+000 +2.0779e+000 -2.4649e+000
402314 +5.363367603e-001 +5.363367603e-001 +5.463367603e-001 +5.463367603e-001 -8.2963e-001 +1.8270e+000 -5.6947e-001 -1.4821e+000 +1.8306e-001
3823833 +4.498555323e-001 +4.498555323e-001 +4.598555323e-001 +4.598555323e-001 +1.7586e+000 -2.6170e-001 +2.2963e+000 +3.7262e-001 +2.9646e+000
% function evaluation | noise-free fitness - Fopt (-1.306100000000e+002) | best noise-free fitness - Fopt | measured fitness | best measured fitness | x1 | x2...
1 +3.810320218e+001 +3.810320218e+001 -9.250679782e+001 -9.250679782e+001 -1.9243e+000 +5.5535e+000 +5.1630e+000 +2.5617e+000 +6.9943e+000
3 +2.050793063e+001 +2.050793063e+001 -1.101020694e+002 -1.101020694e+002 -1.8926e+000 +2.0920e-001 +4.0977e+000 +2.9447e+000 +1.9264e+000
13 +1.202745163e+001 +1.202745163e+001 -1.185825484e+002 -1.185825484e+002 +1.7517e+000 +5.5215e+000 +2.3008e+000 +1.4316e+000 +7.1456e+000
16 +4.715452743e+000 +4.715452743e+000 -1.258945473e+002 -1.258945473e+002 -1.9485e+000 -3.8980e+000 -2.9622e+000 +3.0459e+000 +2.3266e+000
51 +3.524112741e+000 +3.524112741e+000 -1.270858873e+002 -1.270858873e+002 -5.7256e+000 +1.7888e+000 +2.7543e+000 -2.4768e+000 +2.9305e+000
118 +3.022936412e+000 +3.022936412e+000 -1.275870636e+002 -1.275870636e+002 -2.3040e+000 -2.6099e+000 +3.2295e+000 +1.8119e+000 +1.9621e+000
1495 +2.183678763e+000 +2.183678763e+000 -1.284263212e+002 -1.284263212e+002 -1.1291e+000 -1.8412e+000 -1.0116e+000 -3.0693e+000 +9.4010e-001
2535 +1.282821217e+000 +1.282821217e+000 -1.293271788e+002 -1.293271788e+002 -3.3198e+000 +2.1697e+000 +4.7104e-001 -7.8018e-002 -1.0340e+000
3762 +1.063210867e+000 +1.063210867e+000 -1.295467891e+002 -1.295467891e+002 -2.3634e+000 +3.4198e+000 -1.2758e+000 -3.4637e+000 -1.8306e+000
21045 +8.956618542e-001 +8.956618542e-001 -1.297143381e+002 -1.297143381e+002 +3.9488e+000 +5.0591e+000 +1.4054e+000 -6.1657e-002 +2.4208e+000
297991 +6.300339308e-001 +6.300339308e-001 -1.299799661e+002 -1.299799661e+002 +1.8061e+000 -2.9328e+000 -2.3263e+000 -4.5329e-002 +8.8791e-001
591504 +5.732462386e-001 +5.732462386e-001 -1.300367538e+002 -1.300367538e+002 +3.2388e+000 -3.5631e+000 +2.5388e+000 +1.5924e-001 -1.1563e+000
1906001 +5.264729053e-001 +5.264729053e-001 -1.300835271e+002 -1.300835271e+002 -1.9489e+000 -4.9800e-001 -4.5624e-001 +3.3314e+000 +1.6393e+000
1958165 +4.990356854e-001 +4.990356854e-001 -1.301109643e+002 -1.301109643e+002 +3.1661e+000 +3.2302e+000 +8.1214e-001 -2.7784e+000 +3.2472e+000
2105339 +4.664504911e-001 +4.664504911e-001 -1.301435495e+002 -1.301435495e+002 -2.5268e+000 -3.2398e+000 +6.1701e-001 +2.8699e+000 +3.3944e-001
% function evaluation | noise-free fitness - Fopt (-2.231200000000e+002) | best noise-free fitness - Fopt | measured fitness | best measured fitness | x1 | x2...
1 +2.790816151e+001 +2.790816151e+001 -1.952118385e+002 -1.952118385e+002 -2.4224e+000 -6.6217e+000 -1.1514e+000 +4.9780e+000 -3.2818e+000
3 +7.301434115e+000 +7.301434115e+000 -2.158185659e+002 -2.158185659e+002 -5.2051e-001 -3.2759e+000 +2.2593e+000 +3.3041e+000 -1.8326e-001
13 +6.722969561e+000 +6.722969561e+000 -2.163970304e+002 -2.163970304e+002 +1.0976e+000 -5.5196e-001 +1.0647e-001 +2.8237e+000 +3.8640e+000
18 +5.950591208e+000 +5.950591208e+000 -2.171694088e+002 -2.171694088e+002 -5.9694e-001 -2.9603e+000 +1.9405e+000 +1.5705e+000 +2.0471e+000
45 +5.405622940e+000 +5.405622940e+000 -2.177143771e+002 -2.177143771e+002 -8.3968e-001 -9.1483e-001 +9.6865e-001 +2.9527e-001 +1.0507e+000
168 +4.685674255e+000 +4.685674255e+000 -2.184343257e+002 -2.184343257e+002 -5.1153e+000 -1.7284e+000 -1.8924e+000 -1.7784e-001 -5.6431e+000
202 +4.256660547e+000 +4.256660547e+000 -2.188633395e+002 -2.188633395e+002 -5.1818e+000 -4.5695e+000 +9.5250e-001 +1.2322e+000 -1.5044e+000
252 +3.457462795e+000 +3.457462795e+000 -2.196625372e+002 -2.196625372e+002 -3.2365e+000 -4.9593e+000 +2.6287e+000 +2.3965e+000 -2.5072e+000
331 +2.752758275e+000 +2.752758275e+000 -2.203672417e+002 -2.203672417e+002 -3.6660e+000 -2.0181e+000 +2.0602e+000 -1.3658e+000 -8.7649e-001
818 +2.079534159e+000 +2.079534159e+000 -2.210404658e+002 -2.210404658e+002 -8.8671e-001 +1.4302e-001 +2.2953e+000 -1.6917e+000 -7.4237e-001
2160 +1.565429157e+000 +1.565429157e+000 -2.215545708e+002 -2.215545708e+002 -3.2583e+000 +1.3821e+000 +4.5002e+000 +2.1980e+000 -3.0860e+000
9645 +1.412874386e+000 +1.412874386e+000 -2.217071256e+002 -2.217071256e+002 -2.2295e+000 -5.6284e+000 -2.6821e+000 +8.3662e-001 -4.2655e-001
11792 +7.862927243e-001 +7.862927243e-001 -2.223337073e+002 -2.223337073e+002 -5.8443e-001 +2.0253e+000 +2.6567e+000 -4.4770e-001 -2.2640e+000
113302 +7.137774806e-001 +7.137774806e-001 -2.224062225e+002 -2.224062225e+002 -3.6818e+000 -6.1196e-003 -4.0444e+000 -3.8992e+000 +2.3167e+000
584796 +5.432056296e-001 +5.432056296e-001 -2.225767944e+002 -2.225767944e+002 -1.5221e+000 -1.1756e+000 +1.5987e+000 +4.2667e-001 +2.0836e+000
2614365 +5.215585176e-001 +5.215585176e-001 -2.225984415e+002 -2.225984415e+002 +1.4630e+000 +2.3663e-001 -1.6456e-001 +1.7182e+000 -1.3878e+000
3278803 +5.075296390e-001 +5.075296390e-001 -2.226124704e+002 -2.226124704e+002 +3.7299e-001 +3.5592e+000 +4.9234e-001 +5.4922e-001 -1.6998e+000
4515631 +4.554898213e-001 +4.554898213e-001 -2.226645102e+002 -2.226645102e+002 -1.6189e-001 +3.4836e+000 +1.7930e-001 +4.2877e+000 -3.8341e+000
% function evaluation | noise-free fitness - Fopt (-4.443000000000e+001) | best noise-free fitness - Fopt | measured fitness | best measured fitness | x1 | x2...
1 +1.825821668e+001 +1.825821668e+001 -2.617178332e+001 -2.617178332e+001 -2.1818e+000 -5.3521e+000 -4.2285e+000 -6.1119e+000 -8.7980e+000
3 +1.291228871e+001 +1.291228871e+001 -3.151771129e+001 -3.151771129e+001 +4.3309e+000 -1.3713e+000 -3.8269e+000 +2.9757e+000 +5.3809e-002
4 +1.062118840e+001 +1.062118840e+001 -3.380881160e+001 -3.380881160e+001 -8.9125e-001 -4.1728e+000 -4.9787e+000 -1.6922e+000 -2.5582e-001
24 +8.940567949e+000 +8.940567949e+000 -3.548943205e+001 -3.548943205e+001 -2.5204e+000 -3.1361e+000 -3.3378e+000 -3.3260e+000 -1.6035e-001
35 +7.118723227e+000 +7.118723227e+000 -3.731127677e+001 -3.731127677e+001 -9.1110e-001 -2.9448e+000 -2.8952e+000 -2.7163e+000 -1.0823e+000
55 +5.024156517e+000 +5.024156517e+000 -3.940584348e+001 -3.940584348e+001 +5.5817e-001 +6.9616e-001 -3.8683e+000 -1.1573e+000 -1.6212e+000
126 +3.477995086e+000 +3.477995086e+000 -4.095200491e+001 -4.095200491e+001 +6.1301e-002 -1.6294e+000 +1.7528e+000 -3.5056e+000 -7.6384e-001
591 +3.413028384e+000 +3.413028384e+000 -4.101697162e+001 -4.101697162e+001 +2.8220e-001 +6.4982e-001 +8.7909e-001 -1.4483e+000 +3.8658e+000
1168 +2.713419652e+000 +2.713419652e+000 -4.171658035e+001 -4.171658035e+001 +1.1325e+000 -2.4089e+000 +7.4906e-002 -3.3685e+000 -3.3840e+000
2234 +2.001541827e+000 +2.001541827e+000 -4.242845817e+001 -4.242845817e+001 +1.9186e+000 +1.1662e+000 -2.0636e+000 +5.5576e+000 -1.9602e+000
2826 +1.477091873e+000 +1.477091873e+000 -4.295290813e+001 -4.295290813e+001 -2.6836e+000 -3.5243e+000 -1.0118e+000 +3.1191e+000 -1.5976e+000
4382 +1.235712778e+000 +1.235712778e+000 -4.319428722e+001 -4.319428722e+001 -1.5769e+000 -4.8840e+000 -1.8748e+000 -2.6749e+000 -2.0847e+000
4958 +1.090920664e+000 +1.090920664e+000 -4.333907934e+001 -4.333907934e+001 +1.3452e+000 +2.3592e-001 -4.6859e-002 -8.8700e-002 -1.6243e+000
46672 +7.088646108e-001 +7.088646108e-001 -4.372113539e+001 -4.372113539e+001 +2.4086e-002 -2.4931e+000 +1.8924e+000 +2.6250e-001 +2.2212e+000
160546 +5.607305063e-001 +5.607305063e-001 -4.386926949e+001 -4.386926949e+001 -2.7522e+000 -1.3319e-001 +4.6976e-001 -4.4143e+000 +1.0367e+000
2350205 +3.944368387e-001 +3.944368387e-001 -4.403556316e+001 -4.403556316e+001 -2.3908e+000 +3.6256e-001 +1.4778e+000 -2.4109e+000 +3.9505e+000
2837425 +3.099333470e-001 +3.099333470e-001 -4.412006665e+001 -4.412006665e+001 -2.4744e+000 -2.8078e+000 -2.7456e-001 +1.7245e+000 +1.6657e+000
% function evaluation | noise-free fitness - Fopt (-3.845400000000e+002) | best noise-free fitness - Fopt | measured fitness | best measured fitness | x1 | x2...
1 +4.578184835e+001 +4.578184835e+001 -3.387581517e+002 -3.387581517e+002 +2.1389e+000 +3.3405e+000 +2.7018e+000 +3.2181e+000 +9.3042e+000
3 +3.337261754e+001 +3.337261754e+001 -3.511673825e+002 -3.511673825e+002 +2.3595e+000 +4.3393e+000 +2.3555e+000 +3.0571e+000 -1.9225e-001
4 +3.275459402e+001 +3.275459402e+001 -3.517854060e+002 -3.517854060e+002 +8.2737e+000 +5.0679e+000 +4.5076e+000 +3.5465e+000 +5.3079e-001
6 +2.458324723e+001 +2.458324723e+001 -3.599567528e+002 -3.599567528e+002 -5.8463e+000 +3.3325e+000 +2.4009e+000 +4.1661e+000 -1.1411e+000
7 +2.236041495e+001 +2.236041495e+001 -3.621795850e+002 -3.621795850e+002 -4.0986e+000 -5.8623e-002 -1.2501e+000 -9.3493e-002 +9.8434e-002
12 +6.690776630e+000 +6.690776630e+000 -3.778492234e+002 -3.778492234e+002 -1.2242e+000 +3.7029e+000 +3.1182e+000 +4.5800e+000 +2.3630e+000
34 +6.250460857e+000 +6.250460857e+000 -3.782895391e+002 -3.782895391e+002 -1.0147e+000 +1.3108e+000 +2.4855e+000 +2.4408e-001 -5.3324e-001
239 +5.480463356e+000 +5.480463356e+000 -3.790595366e+002 -3.790595366e+002 -1.5464e+000 +3.3941e+000 +3.4259e-001 +4.6617e-002 +2.3390e+000
260 +3.188119667e+000 +3.188119667e+000 -3.813518803e+002 -3.813518803e+002 -6.7964e-001 +7.8371e-001 +3.5443e+000 +2.9654e-001 -3.4439e-001
694 +3.080720542e+000 +3.080720542e+000 -3.814592795e+002 -3.814592795e+002 +1.3071e-001 -1.6822e+000 +4.6444e+000 -2.4627e+000 -5.3778e-001
842 +1.862918994e+000 +1.862918994e+000 -3.826770810e+002 -3.826770810e+002 -7.0133e-001 -4.5999e+000 -1.9385e-001 +2.0659e+000 +3.0251e-001
2597 +1.727564705e+000 +1.727564705e+000 -3.828124353e+002 -3.828124353e+002 -3.3542e+000 -1.1527e+000 +3.2237e-001 -1.4510e+000 -2.1573e+000
7796 +1.358261260e+000 +1.358261260e+000 -3.831817387e+002 -3.831817387e+002 +3.5741e+000 -9.8912e-001 +2.0364e+000 +2.5561e-001 -2.2016e+000
12679 +1.116383422e+000 +1.116383422e+000 -3.834236166e+002 -3.834236166e+002 +3.9246e+000 -2.7498e-001 -1.8664e-002 -1.3484e+000 +2.5881e+000
84092 +6.982245526e-001 +6.982245526e-001 -3.838417754e+002 -3.838417754e+002 -1.3658e+000 +1.6953e+000 +1.2626e+000 -3.8024e+000 +1.0347e+000
691556 +5.940364412e-001 +5.940364412e-001 -3.839459636e+002 -3.839459636e+002 +4.8359e-001 -5.5448e-001 +1.0073e+000 -1.0457e+000 -8.6120e-001
1008776 +4.937362560e-001 +4.937362560e-001 -3.840462637e+002 -3.840462637e+002 -2.4505e+000 +2.8849e+000 -2.8226e+000 +9.5576e-001 -5.0894e+000
1146704 +4.804694384e-001 +4.804694384e-001 -3.840595306e+002 -3.840595306e+002 +1.2320e+000 -1.3618e+000 -5.8108e-001 +7.5656e-002 +1.4279e+000
% function evaluation | noise-free fitness - Fopt (-6.071200000000e+002) | best noise-free fitness - Fopt | measured fitness | best measured fitness | x1 | x2...
1 +1.815936197e+001 +1.815936197e+001 -5.889606380e+002 -5.889606380e+002 -5.3371e+000 +4.3366e+000 -8.1788e+000 +2.0016e+000 +1.0534e+000
5 +1.700883536e+001 +1.700883536e+001 -5.901111646e+002 -5.901111646e+002 -3.0672e+000 +3.6195e+000 +3.3978e+000 +7.8876e+000 -2.8756e-001
12 +8.847225048e+000 +8.847225048e+000 -5.982727750e+002 -5.982727750e+002 -4.2381e+000 +4.6364e+000 -4.0052e+000 +3.6014e+000 -2.7638e-001
30 +7.561057092e+000 +7.561057092e+000 -5.995589429e+002 -5.995589429e+002 -4.5924e+000 +4.1048e+000 -2.6435e+000 +4.7177e+000 +5.7724e-001
42 +7.310824470e+000 +7.310824470e+000 -5.998091755e+002 -5.998091755e+002 -2.5842e+000 +3.1629e+000 +4.3786e-001 +4.6321e+000 +1.7218e+000
53 +2.006529073e+000 +2.006529073e+000 -6.051134709e+002 -6.051134709e+002 -2.7602e+000 +4.9621e+000 -6.2062e-002 +3.4131e+000 +1.6789e+000
716 +1.978399604e+000 +1.978399604e+000 -6.051416004e+002 -6.051416004e+002 -1.5121e-001 -2.2719e+000 +4.2348e+000 -1.6084e+000 +1.2133e+000
3424 +1.887684588e+000 +1.887684588e+000 -6.052323154e+002 -6.052323154e+002 -4.0905e-001 +2.9449e-001 -1.2275e+000 -1.2177e+000 +1.4106e-001
3462 +1.507902002e+000 +1.507902002e+000 -6.056120980e+002 -6.056120980e+002 +8.9722e-001 +8.1542e-001 -7.3052e-001 -2.5477e+000 -1.5041e+000
9422 +1.120789055e+000 +1.120789055e+000 -6.059992109e+002 -6.059992109e+002 -1.2744e+000 +2.4360e-001 +1.9215e+000 -2.2808e+000 -2.7717e+000
21558 +9.217485585e-001 +9.217485585e-001 -6.061982514e+002 -6.061982514e+002 +1.4041e+000 -1.5771e+000 +1.3235e+000 -3.9843e+000 -3.0628e+000
117283 +7.480339794e-001 +7.480339794e-001 -6.063719660e+002 -6.063719660e+002 +8.6308e-001 +3.9477e-001 -3.5501e+000 +2.4464e+000 +1.8565e-002
189565 +6.528287588e-001 +6.528287588e-001 -6.064671712e+002 -6.064671712e+002 +1.9637e+000 -2.8297e+000 -2.5488e+000 +1.1807e+000 +4.0796e+000
431745 +6.058683974e-001 +6.058683974e-001 -6.065141316e+002 -6.065141316e+002 +2.9547e+000 +2.6605e+000 +1.6550e+000 +3.5266e+000 -3.8445e+000
866371 +5.160082730e-001 +5.160082730e-001 -6.066039917e+002 -6.066039917e+002 -3.8643e-001 -2.4465e+000 -1.1754e+000 +2.0948e-001 +2.4049e+000
2741804 +5.036940067e-001 +5.036940067e-001 -6.066163060e+002 -6.066163060e+002 -1.7763e+000 +5.3842e-001 +4.5632e+000 +3.1199e+000 +4.8844e+000
3172578 +3.556900672e-001 +3.556900672e-001 -6.067643099e+002 -6.067643099e+002 -2.7209e+000 -4.8576e+000 +3.2064e+000 -1.9786e+000 +1.6369e+000
% function evaluation | noise-free fitness - Fopt (-2.955000000000e+001) | best noise-free fitness - Fopt | measured fitness | best measured fitness | x1 | x2...
1 +1.304845909e+001 +1.304845909e+001 -1.650154091e+001 -1.650154091e+001 -7.5701e+000 -2.4694e+000 -1.7401e+000 -3.9568e+000 +4.1506e+000
2 +9.255233097e+000 +9.255233097e+000 -2.029476690e+001 -2.029476690e+001 -1.6207e+000 -4.4263e+000 -1.5775e+000 -4.0580e+000 +2.3805e+000
11 +7.706869759e+000 +7.706869759e+000 -2.184313024e+001 -2.184313024e+001 +3.2055e+000 -4.9628e-001 +3.6241e-001 -2.9524e+000 +2.3526e+000
107 +6.877938343e+000 +6.877938343e+000 -2.267206166e+001 -2.267206166e+001 -1.7761e+000 -2.5135e+000 +4.5206e-001 -4.2509e+000 +3.4631e+000
138 +6.153058080e+000 +6.153058080e+000 -2.339694192e+001 -2.339694192e+001 +1.2017e+000 -5.7793e-001 +4.0138e+000 -8.4441e-001 -2.6008e-001
151 +2.847143984e+000 +2.847143984e+000 -2.670285602e+001 -2.670285602e+001 -9.3320e-001 -3.2426e+000 -4.8333e-001 -1.5536e+000 +3.7533e+000
170 +2.401107550e+000 +2.401107550e+000 -2.714889245e+001 -2.714889245e+001 -6.7111e-001 -3.1161e+000 +2.5785e+000 -3.6240e+000 +2.9272e+000
242 +2.203660901e+000 +2.203660901e+000 -2.734633910e+001 -2.734633910e+001 +3.2607e+000 +1.2133e+000 -4.3166e+000 -3.6529e+000 +3.5196e+000
1264 +2.063764449e+000 +2.063764449e+000 -2.748623555e+001 -2.748623555e+001 +5.9614e-001 -1.7363e+000 -5.5101e-001 +1.1746e+000 -3.2567e-001
6390 +1.911680114e+000 +1.911680114e+000 -2.763831989e+001 -2.763831989e+001 -3.8884e+000 -4.8290e+000 +3.5196e+000 -2.6389e+000 -1.2957e+000
7150 +1.029700577e+000 +1.029700577e+000 -2.852029942e+001 -2.852029942e+001 -4.7349e+000 -1.5897e+000 -2.1152e+000 -1.5665e+000 +6.0523e-001
34350 +9.164871495e-001 +9.164871495e-001 -2.863351285e+001 -2.863351285e+001 +1.4563e+000 +2.3140e+000 -4.3497e+000 -1.4924e+000 +1.6982e+000
107361 +8.574682542e-001 +8.574682542e-001 -2.869253175e+001 -2.869253175e+001 +4.6659e+000 +2.2617e+000 +5.8491e-001 -2.1577e+000 +4.1028e+000
134662 +5.097839661e-001 +5.097839661e-001 -2.904021603e+001 -2.904021603e+001 -2.4355e+000 -4.1799e+000 -1.0922e+000 +8.7235e-001 -4.6691e-001
316445 +3.640707131e-001 +3.640707131e-001 -2.918592929e+001 -2.918592929e+001 -8.7258e-001 +2.1823e+000 +8.7128e-001 -1.4277e+000 -2.4436e+000
% function evaluation | noise-free fitness - Fopt (1.000000000000e+003) | best noise-free fitness - Fopt | measured fitness | best measured fitness | x1 | x2...
1 +5.780626636e+001 +5.780626636e+001 +1.057806266e+003 +1.057806266e+003 +1.5455e+000 +1.0593e+001 +3.0498e+000 -7.3786e+000 -4.3377e+000
2 +1.769884080e+001 +1.769884080e+001 +1.017698841e+003 +1.017698841e+003 +3.4796e+000 +6.6568e+000 -4.4673e+000 -3.0684e-001 -4.8804e+000
3 +1.106718387e+001 +1.106718387e+001 +1.011067184e+003 +1.011067184e+003 +1.8104e+000 +2.8508e+000 +3.5602e+000 -4.3003e+000 -3.8225e+000
55 +1.081796847e+001 +1.081796847e+001 +1.010817968e+003 +1.010817968e+003 +3.0343e+000 +3.0099e+000 +6.6186e-001 +9.5505e-002 -3.4104e+000
57 +1.048775103e+001 +1.048775103e+001 +1.010487751e+003 +1.010487751e+003 +1.5983e+000 +3.1080e+000 +1.5543e+000 -4.4677e+000 -3.3029e+000
58 +7.250942337e+000 +7.250942337e+000 +1.007250942e+003 +1.007250942e+003 +3.4170e+000 +5.2172e+000 +4.0893e+000 -2.4655e+000 +3.6539e+000
61 +6.058593223e+000 +6.058593223e+000 +1.006058593e+003 +1.006058593e+003 +1.8051e+000 +2.8156e+000 +1.7755e+000 -2.2167e+000 -3.4292e+000
64 +4.963996659e+000 +4.963996659e+000 +1.004963997e+003 +1.004963997e+003 +2.8326e+000 -1.9343e+000 +3.2643e+000 -1.2585e+000 -3.3573e+000
161 +4.404682343e+000 +4.404682343e+000 +1.004404682e+003 +1.004404682e+003 -6.5237e-001 +3.2863e+000 +6.7624e-001 -2.2539e+000 +7.6598e-001
176 +2.874307688e+000 +2.874307688e+000 +1.002874308e+003 +1.002874308e+003 -9.2806e-001 +1.0455e+000 -2.6644e-002 -1.3607e+000 +5.2383e+000
243 +2.312966874e+000 +2.312966874e+000 +1.002312967e+003 +1.002312967e+003 +1.0100e+000 -1.5457e+000 +1.7752e+000 -2.7908e+000 +9.6172e-002
2835 +2.029871854e+000 +2.029871854e+000 +1.002029872e+003 +1.002029872e+003 -2.3133e+000 +2.3961e+000 -9.1885e-001 -2.2704e-001 +5.6618e+000
4565 +1.196311873e+000 +1.196311873e+000 +1.001196312e+003 +1.001196312e+003 -1.0779e+000 +3.2356e+000 -6.4840e-001 +3.7500e-001 -1.0219e-001
31734 +1.064025077e+000 +1.064025077e+000 +1.001064025e+003 +1.001064025e+003 +1.8395e-001 +2.8907e+000 +5.8287e-001 -3.8404e-001 +1.8530e+000
106476 +5.241810176e-001 +5.241810176e-001 +1.000524181e+003 +1.000524181e+003 -4.7195e+000 -2.9407e+000 +4.9117e+000 +1.2059e-001 -8.3614e-001
284886 +3.553199210e-001 +3.553199210e-001 +1.000355320e+003 +1.000355320e+003 -3.4180e-001 -3.3976e+000 -4.8704e+000 +2.1257e+000 -2.9367e+000
745976 +2.226563807e-001 +2.226563807e-001 +1.000222656e+003 +1.000222656e+003 +3.7626e+000 +1.4176e+000 -4.0567e+000 +1.9606e+000 +9.6899e-001
% function evaluation | noise-free fitness - Fopt (-4.456000000000e+001) | best noise-free fitness - Fopt | measured fitness | best measured fitness | x1 | x2...
1 +2.035833288e+001 +2.035833288e+001 -2.420166712e+001 -2.420166712e+001 +1.0144e-001 -2.4802e+000 -3.9642e+000 +4.1608e-001 +2.9958e+000
2 +1.628803137e+001 +1.628803137e+001 -2.827196863e+001 -2.827196863e+001 +7.9849e-001 -2.7956e+000 -2.8742e+000 -8.8189e-001 +5.9438e+000
3 +1.380461191e+001 +1.380461191e+001 -3.075538809e+001 -3.075538809e+001 +1.3539e+000 -4.4361e+000 -1.9201e+000 -4.8470e-001 +5.7904e+000
6 +9.396125725e+000 +9.396125725e+000 -3.516387427e+001 -3.516387427e+001 -3.1806e-001 +1.7212e+000 +2.6040e+000 +3.4791e+000 +2.9659e+000
7 +9.204348096e+000 +9.204348096e+000 -3.535565190e+001 -3.535565190e+001 -4.1038e+000 -4.0199e+000 -5.2186e+000 +2.5818e+000 +4.4749e+000
10 +7.302227740e+000 +7.302227740e+000 -3.725777226e+001 -3.725777226e+001 +3.2035e+000 -2.7932e+000 -5.3537e+000 +1.1145e+000 +1.2677e+000
11 +7.204279648e+000 +7.204279648e+000 -3.735572035e+001 -3.735572035e+001 +2.6048e-001 -3.5094e+000 -8.4454e-002 -3.8538e+000 +2.8410e+000
29 +6.723334881e+000 +6.723334881e+000 -3.783666512e+001 -3.783666512e+001 +1.5529e-001 -3.5549e+000 -3.2130e+000 -1.4401e+000 +5.3516e-001
101 +4.487587204e+000 +4.487587204e+000 -4.007241280e+001 -4.007241280e+001 +5.1102e-001 -3.5609e+000 +8.8113e-001 +3.8581e-001 -5.2039e-001
109 +3.703046432e+000 +3.703046432e+000 -4.085695357e+001 -4.085695357e+001 -5.2248e+000 -5.8614e+000 +3.1328e+000 +3.5798e-002 +4.3422e+000
377 +2.607869136e+000 +2.607869136e+000 -4.195213086e+001 -4.195213086e+001 -5.1502e-001 -7.7665e-001 +2.2702e+000 -5.3908e+000 -4.9037e-001
560 +1.909222633e+000 +1.909222633e+000 -4.265077737e+001 -4.265077737e+001 +4.1322e+000 -2.9180e+000 -2.6458e-001 -7.0856e-002 -2.2227e+000
1305 +1.429922898e+000 +1.429922898e+000 -4.313007710e+001 -4.313007710e+001 -4.8396e+000 +3.4044e+000 -1.7244e+000 -5.2283e+000 +4.8064e+000
22069 +1.134547144e+000 +1.134547144e+000 -4.342545286e+001 -4.342545286e+001 -3.8047e-001 +3.5185e+000 +2.7194e+000 +4.0125e+000 -3.1763e+000
75030 +1.059691287e+000 +1.059691287e+000 -4.350030871e+001 -4.350030871e+001 -2.8986e+000 +3.8441e+000 +2.1131e+000 +3.8307e+000 -4.0645e+000
103161 +9.539662839e-001 +9.539662839e-001 -4.360603372e+001 -4.360603372e+001 -1.0520e+000 -1.4873e+000 +1.2713e+000 +6.8780e-001 -5.4303e-002
131533 +7.542853224e-001 +7.542853224e-001 -4.380571468e+001 -4.380571468e+001 -2.2795e+000 +1.4107e-001 -5.0576e-001 -1.5197e+000 +3.3598e+000
472661 +5.767924097e-001 +5.767924097e-001 -4.398320759e+001 -4.398320759e+001 +3.1289e+000 +2.8680e-001 +6.9652e-002 -1.4321e+000 -1.0399e+000
3385376 +3.658609236e-001 +3.658609236e-001 -4.419413908e+001 -4.419413908e+001 +2.2682e-001 -1.9510e+000 +4.5139e-001 -3.5896e+000 +2.3988e+000
% function evaluation | noise-free fitness - Fopt (6.442000000000e+001) | best noise-free fitness - Fopt | measured fitness | best measured fitness | x1 | x2...
1 +3.736717053e+000 +3.736717053e+000 +6.815671705e+001 +6.815671705e+001 -3.2561e+000 -5.8242e-001 +6.4040e+000 -1.4431e+000 +1.0434e+000
289 +3.519582045e+000 +3.519582045e+000 +6.793958205e+001 +6.793958205e+001 +9.5254e-001 +9.7286e-001 -3.8536e+000 +6.1427e-002 -2.9275e+000
514 +2.258497084e+000 +2.258497084e+000 +6.667849708e+001 +6.667849708e+001 -4.7490e+000 -4.8290e+000 +5.0996e-001 +2.3420e-001 -3.1214e+000
1434 +1.951186438e+000 +1.951186438e+000 +6.637118644e+001 +6.637118644e+001 +1.2601e+000 +2.4312e+000 +3.8435e+000 +1.7054e+000 -4.4225e+000
6137 +1.938466033e+000 +1.938466033e+000 +6.635846603e+001 +6.635846603e+001 -2.0263e+000 -3.3876e+000 +2.9918e+000 -4.0480e+000 +3.6395e-003
6613 +1.586327954e+000 +1.586327954e+000 +6.600632795e+001 +6.600632795e+001 +4.5056e-001 +7.6632e-001 -1.7808e+000 -6.7729e-001 +1.8282e+000
25918 +1.255419380e+000 +1.255419380e+000 +6.567541938e+001 +6.567541938e+001 +2.3618e+000 -4.2006e+000 +3.0673e+000 -4.3718e-001 -3.5388e+000
34606 +1.063419294e+000 +1.063419294e+000 +6.548341929e+001 +6.548341929e+001 +1.9943e+000 -7.3285e-001 +1.9968e+000 -2.0390e+000 -1.3844e+000
90846 +1.046429107e+000 +1.046429107e+000 +6.546642911e+001 +6.546642911e+001 -5.2228e+000 -1.2358e+000 -2.2377e+000 +6.2068e-002 +3.4050e+000
275640 +5.784743999e-001 +5.784743999e-001 +6.499847440e+001 +6.499847440e+001 -1.7995e+000 +2.6746e-001 -1.0239e+000 +2.9989e+000 +4.9260e+000
1266745 +5.031263338e-001 +5.031263338e-001 +6.492312633e+001 +6.492312633e+001 +2.1542e+000 +4.3970e+000 -9.8291e-002 -1.0066e+000 -2.4913e+000
% function evaluation | noise-free fitness - Fopt (7.514000000000e+001) | best noise-free fitness - Fopt | measured fitness | best measured fitness | x1 | x2...
1 +4.024186699e+001 +4.024186699e+001 +1.153818670e+002 +1.153818670e+002 -7.0684e+000 +4.0492e+000 -7.6102e+000 +8.6779e-001 -2.6963e+000
2 +1.809605217e+001 +1.809605217e+001 +9.323605217e+001 +9.323605217e+001 -7.0355e+000 +2.2615e+000 +1.5584e+000 -4.1468e-001 -3.0324e+000
3 +8.844848195e+000 +8.844848195e+000 +8.398484819e+001 +8.398484819e+001 -3.1432e+000 +4.0550e+000 -9.3045e-001 -9.9472e-001 -9.1521e-001
6 +4.889069395e+000 +4.889069395e+000 +8.002906939e+001 +8.002906939e+001 -3.8713e+000 +2.8705e+000 +1.7670e+000 -1.2467e+000 +8.7792e-002
258 +3.613831255e+000 +3.613831255e+000 +7.875383125e+001 +7.875383125e+001 +2.4995e-001 +2.4676e-001 +2.4558e-001 -5.6086e+000 +1.4407e+000
550 +3.438004941e+000 +3.438004941e+000 +7.857800494e+001 +7.857800494e+001 -3.8030e-001 -1.0859e+000 -3.2672e+000 -3.3688e+000 +4.3253e+000
634 +2.349058881e+000 +2.349058881e+000 +7.748905888e+001 +7.748905888e+001 +3.3436e+000 +1.8625e-001 +1.8637e+000 -1.8513e-001 -1.1047e+000
994 +2.096637013e+000 +2.096637013e+000 +7.723663701e+001 +7.723663701e+001 +1.3514e+000 +5.5245e+000 -4.3796e+000 +3.6133e+000 -2.5637e+000
1302 +2.059000395e+000 +2.059000395e+000 +7.719900039e+001 +7.719900039e+001 +2.0484e+000 +5.6041e+000 -3.7117e-002 -8.8655e-001 +3.0007e-001
9801 +1.820996224e+000 +1.820996224e+000 +7.696099622e+001 +7.696099622e+001 -1.1141e+000 -1.6278e+000 -2.8650e+000 +2.2826e+000 +2.6161e+000
16992 +1.653992070e+000 +1.653992070e+000 +7.679399207e+001 +7.679399207e+001 -2.1475e+000 -1.3547e+000 +1.2808e+000 -2.3782e+000 -3.1719e-001
18713 +1.335094800e+000 +1.335094800e+000 +7.647509480e+001 +7.647509480e+001 -3.8618e+000 -1.1422e+000 -4.3622e-002 +8.0352e-001 -5.5294e-001
58541 +1.096492321e+000 +1.096492321e+000 +7.623649232e+001 +7.623649232e+001 -1.4758e+000 +3.7598e+000 -2.2138e+000 -4.2224e+000 -2.3895e+000
152024 +1.046936247e+000 +1.046936247e+000 +7.618693625e+001 +7.618693625e+001 -7.9821e-001 -4.4688e+000 -1.6171e+000 +2.5669e+000 -1.4945e+000
157350 +1.013421323e+000 +1.013421323e+000 +7.615342132e+001 +7.615342132e+001 -5.9105e-001 +2.1414e+000 -4.4111e+000 +1.9407e+000 +2.0473e+000
191562 +6.857094055e-001 +6.857094055e-001 +7.582570941e+001 +7.582570941e+001 -2.4570e+000 -1.7222e+000 +1.9270e+000 +1.0950e+000 -9.7829e-001
368684 +5.854257578e-001 +5.854257578e-001 +7.572542576e+001 +7.572542576e+001 +6.8090e-002 -1.9292e+000 -3.1808e+000 -4.0914e+000 +8.6663e-001
618290 +5.482356534e-001 +5.482356534e-001 +7.568823565e+001 +7.568823565e+001 +9.4034e-001 +4.1424e+000 -2.0815e+000 -3.0552e+000 -5.1906e+000
2687855 +4.617035076e-001 +4.617035076e-001 +7.560170351e+001 +7.560170351e+001 +7.9139e-001 +1.5105e+000 +1.3558e+000 -2.1217e+000 -4.5064e+000
4250305 +4.161712101e-001 +4.161712101e-001 +7.555617121e+001 +7.555617121e+001 +2.2347e+000 -1.1752e+000 -8.2294e-001 -3.3571e+000 +9.6087e-002
% function evaluation | noise-free fitness - Fopt (1.042500000000e+002) | best noise-free fitness - Fopt | measured fitness | best measured fitness | x1 | x2...
1 +3.557021285e+001 +3.557021285e+001 +1.398202129e+002 +1.398202129e+002 -3.4065e+000 +7.4552e-001 +3.3458e+000 +1.9859e+000 +9.1706e+000
2 +3.241571526e+001 +3.241571526e+001 +1.366657153e+002 +1.366657153e+002 -2.5693e+000 -8.3329e+000 +4.5517e+000 +2.2695e+000 +4.4809e+000
5 +2.037813324e+001 +2.037813324e+001 +1.246281332e+002 +1.246281332e+002 +2.0044e+000 -7.7315e+000 +2.2923e+000 +3.6934e+000 +9.2478e-001
14 +1.416188244e+001 +1.416188244e+001 +1.184118824e+002 +1.184118824e+002 -2.2493e+000 -3.8540e+000 +3.9043e+000 +3.4479e+000 +2.8405e+000
20 +9.324160899e+000 +9.324160899e+000 +1.135741609e+002 +1.135741609e+002 -5.9211e+000 -4.6868e+000 +3.6619e+000 +2.1982e+000 +4.2356e+000
32 +8.162316646e+000 +8.162316646e+000 +1.124123166e+002 +1.124123166e+002 -3.5064e+000 +7.4086e-001 +4.7428e+000 +1.4760e+000 +5.0897e+000
94 +4.506489610e+000 +4.506489610e+000 +1.087564896e+002 +1.087564896e+002 +4.5736e+000 +3.9531e-001 +3.6588e+000 +3.6880e-001 +1.5947e+000
189 +3.826732347e+000 +3.826732347e+000 +1.080767323e+002 +1.080767323e+002 -3.4315e+000 -1.7478e+000 +3.7329e+000 -5.1602e-001 -2.2068e+000
480 +3.794633597e+000 +3.794633597e+000 +1.080446336e+002 +1.080446336e+002 +2.4710e+000 -2.8490e+000 +3.5363e+000 +1.9335e-001 -1.1661e+000
558 +2.926533113e+000 +2.926533113e+000 +1.071765331e+002 +1.071765331e+002 +2.1113e+000 +7.4404e-001 +4.2726e+000 +1.2922e+000 -2.3962e-001
741 +2.845929432e+000 +2.845929432e+000 +1.070959294e+002 +1.070959294e+002 +5.0189e+000 +5.7151e-001 -1.2926e+000 -4.7180e-001 -3.4478e+000
1265 +2.478753649e+000 +2.478753649e+000 +1.067287536e+002 +1.067287536e+002 +2.5393e+000 -7.3501e-001 -4.6299e+000 -7.8167e-001 +4.1317e+000
3384 +2.289767660e+000 +2.289767660e+000 +1.065397677e+002 +1.065397677e+002 +4.1345e+000 -5.5470e-001 -8.7220e-001 -4.3572e+000 -1.5097e-001
6357 +1.911935088e+000 +1.911935088e+000 +1.061619351e+002 +1.061619351e+002 +4.7809e+000 +3.0827e+000 -4.7625e+000 -9.1608e-001 -7.0802e-001
10708 +1.717673665e+000 +1.717673665e+000 +1.059676737e+002 +1.059676737e+002 +3.6743e+000 +3.4312e+000 +2.1681e-001 -2.6434e+000 +2.3404e-001
10760 +1.238128622e+000 +1.238128622e+000 +1.054881286e+002 +1.054881286e+002 +3.2426e+000 +4.2696e+000 +3.2212e-001 +9.4549e-002 -1.1151e+000
64340 +9.732581122e-001 +9.732581122e-001 +1.052232581e+002 +1.052232581e+002 +9.6388e-001 -3.3341e+000 +5.5885e+000 -2.1588e+000 -7.6619e-001
149384 +4.752783121e-001 +4.752783121e-001 +1.047252783e+002 +1.047252783e+002 -1.7000e+000 -1.1973e+000 -3.4521e+000 -5.4577e+000 -6.3945e-001
933379 +4.456323272e-001 +4.456323272e-001 +1.046956323e+002 +1.046956323e+002 +1.2160e+000 -2.3404e+000 -1.1352e+000 -1.9095e+000 +1.2439e+000
3268875 +4.325815970e-001 +4.325815970e-001 +1.046825816e+002 +1.046825816e+002 +1.9724e+000 -3.4013e+000 -1.0489e+000 +1.1653e+000 -2.1294e+000
4692037 +3.223021117e-001 +3.223021117e-001 +1.045723021e+002 +1.045723021e+002 -2.7035e+000 -5.2856e+000 +2.2416e+000 +1.3621e+000 -8.0555e-002
% function evaluation | noise-free fitness - Fopt (-8.550000000000e+000) | best noise-free fitness - Fopt | measured fitness | best measured fitness | x1 | x2...
1 +2.004421466e+001 +2.004421466e+001 +1.149421466e+001 +1.149421466e+001 -1.1850e+000 -2.8087e+000 +3.9948e-001 +5.1779e+000 -1.7224e+000
5 +1.913241621e+001 +1.913241621e+001 +1.058241621e+001 +1.058241621e+001 -3.5534e+000 -1.8652e+000 +2.3262e+000 +5.3039e+000 -1.6609e+000
12 +5.076879944e+000 +5.076879944e+000 -3.473120056e+000 -3.473120056e+000 +1.5660e+000 -6.3544e+000 -4.2074e-001 +2.9790e+000 +7.0444e-002
149 +3.946168759e+000 +3.946168759e+000 -4.603831241e+000 -4.603831241e+000 +1.9139e+000 -1.6121e+000 -3.3956e-002 -1.2710e+000 +3.3008e+000
964 +3.865529840e+000 +3.865529840e+000 -4.684470160e+000 -4.684470160e+000 +2.7893e+000 -7.1189e-001 +2.0542e+000 -3.8745e+000 +2.1075e+000
1262 +3.332999851e+000 +3.332999851e+000 -5.217000149e+000 -5.217000149e+000 +9.4811e-001 +1.9773e+000 +3.0981e+000 +4.0589e+000 -1.6913e+000
2159 +2.834230446e+000 +2.834230446e+000 -5.715769554e+000 -5.715769554e+000 +4.6033e+000 -4.3000e+000 +6.1171e-001 +1.4605e-001 -1.6196e+000
3375 +2.044674478e+000 +2.044674478e+000 -6.505325522e+000 -6.505325522e+000 -2.4694e+000 -2.4199e-001 -2.2404e+000 -2.1488e+000 +1.4544e+000
3460 +1.613788979e+000 +1.613788979e+000 -6.936211021e+000 -6.936211021e+000 -4.3963e-001 +1.8954e+000 -1.3203e+000 -4.6248e+000 +2.4255e-001
5285 +1.504930933e+000 +1.504930933e+000 -7.045069067e+000 -7.045069067e+000 -4.1666e+000 -2.9441e+000 +7.4825e-001 +3.7785e+000 -7.9486e-001
18985 +1.143074083e+000 +1.143074083e+000 -7.406925917e+000 -7.406925917e+000 -8.7814e-001 -7.6618e-001 -4.6417e+000 -2.5199e-001 +4.2375e-001
23796 +1.116569395e+000 +1.116569395e+000 -7.433430605e+000 -7.433430605e+000 +2.2144e+000 +4.7983e+000 -2.0341e+000 -1.4354e+000 +1.5115e+000
32344 +8.981626397e-001 +8.981626397e-001 -7.651837360e+000 -7.651837360e+000 -2.1695e+000 +1.3016e+000 +3.8058e+000 -3.5746e+000 +4.5816e+000
55074 +3.300533322e-001 +3.300533322e-001 -8.219946668e+000 -8.219946668e+000 -9.9540e-001 -1.0227e+000 -3.9589e+000 +1.0459e-001 +1.9458e-001
% function evaluation | noise-free fitness - Fopt (-1.014500000000e+002) | best noise-free fitness - Fopt | measured fitness | best measured fitness | x1 | x2...
1 +1.150996678e+001 +1.150996678e+001 -8.994003322e+001 -8.994003322e+001 +1.7474e-001 -5.5038e+000 -2.5716e+000 +2.8808e+000 -1.8350e+000
23 +9.491378007e+000 +9.491378007e+000 -9.195862199e+001 -9.195862199e+001 -1.0008e+000 +1.2414e+000 -1.9855e+000 +2.0132e+000 -3.5754e+000
29 +6.150929743e+000 +6.150929743e+000 -9.529907026e+001 -9.529907026e+001 -1.5918e+000 -6.1451e+000 -3.6139e+000 +2.7478e+000 -1.1050e+000
30 +5.674944253e+000 +5.674944253e+000 -9.577505575e+001 -9.577505575e+001 -1.9334e+000 -2.2134e+000 -2.8654e+000 -1.0363e+000 +5.5695e-001
40 +3.206049988e+000 +3.206049988e+000 -9.824395001e+001 -9.824395001e+001 +1.2373e+000 -4.2398e+000 -3.5197e-001 +3.8549e+000 +1.2872e+000
547 +2.829863122e+000 +2.829863122e+000 -9.862013688e+001 -9.862013688e+001 +9.5370e-002 +6.8103e-001 +7.3795e-001 -2.6010e+000 +1.4675e-001
554 +2.758016306e+000 +2.758016306e+000 -9.869198369e+001 -9.869198369e+001 +4.4002e+000 +3.1559e+000 +3.6566e-001 -2.7900e+000 -2.7647e-001
1302 +2.494602112e+000 +2.494602112e+000 -9.895539789e+001 -9.895539789e+001 -1.0213e+000 -3.2134e-001 +1.9975e+000 -1.6659e+000 +1.4659e+000
5484 +1.982044667e+000 +1.982044667e+000 -9.946795533e+001 -9.946795533e+001 -8.0777e-001 -3.9000e+000 -4.5210e+000 -4.2403e+000 -1.4177e+000
6448 +1.877547920e+000 +1.877547920e+000 -9.957245208e+001 -9.957245208e+001 -1.1587e+000 -3.3908e+000 +1.6019e+000 -1.4249e+000 +4.5417e+000
8641 +1.339923317e+000 +1.339923317e+000 -1.001100767e+002 -1.001100767e+002 +3.4312e-002 +1.7691e+000 -1.8915e+000 -3.1168e-001 +5.6292e+000
44028 +1.096003462e+000 +1.096003462e+000 -1.003539965e+002 -1.003539965e+002 -5.0164e+000 -3.4190e+000 -4.2826e+000 -1.0620e+000 -2.2385e+000
63866 +7.426181114e-001 +7.426181114e-001 -1.007073819e+002 -1.007073819e+002 +2.1914e+000 +2.7117e+000 -1.5985e+000 +3.8691e+000 +6.7467e-001
220935 +7.328114007e-001 +7.328114007e-001 -1.007171886e+002 -1.007171886e+002 +1.5826e+000 +1.9450e+000 -8.2859e-001 -2.3711e+000 -2.2420e+000
876057 +7.014964305e-001 +7.014964305e-001 -1.007485036e+002 -1.007485036e+002 +1.7278e+000 -3.0019e+000 +2.2549e+000 +3.0495e+000 -2.6813e+000
1260281 +4.263678936e-001 +4.263678936e-001 -1.010236321e+002 -1.010236321e+002 +4.6945e+000 +2.4309e+000 +2.1374e+000 -1.2828e+000 +1.6608e+000
3231660 +3.341770260e-001 +3.341770260e-001 -1.011158230e+002 -1.011158230e+002 +2.0565e+000 +3.2313e+000 -2.7125e+000 +2.3322e+000 -2.7585e-001
