% function evaluation | noise-free fitness - Fopt (6.870000000000e+000) | best noise-free fitness - Fopt | measured fitness | best measured fitness | x1 | x2...
1 +2.299676218e+001 +2.299676218e+001 +2.986676218e+001 +2.986676218e+001 +7.0199e+000 +1.6365e+000 +2.4623e+000 +6.7220e+000 +7.1830e+000 -1.7323e+000 -2.7081e-001 -2.4977e+000 -5.4692e-001 +4.4581e+000
3 +1.787571390e+001 +1.787571390e+001 +2.474571390e+001 +2.474571390e+001 +2.5401e+000 +2.1633e+000 +2.7649e+000 +3.1867e+000 +6.3905e+000 -3.8912e-001 +1.1749e+000 -6.3570e+000 -2.8027e+000 -5.4248e-001
4 +1.452560037e+001 +1.452560037e+001 +2.139560037e+001 +2.139560037e+001 +3.9590e+000 -3.4402e+000 -3.1987e+000 -7.0931e+000 +6.5810e+000 +1.8651e+000 +1.2200e-001 -3.8992e+000 -3.0047e+000 -1.1507e+000
5 +1.174216444e+001 +1.174216444e+001 +1.861216444e+001 +1.861216444e+001 +2.6527e+000 +5.4663e+000 +1.8412e+000 +3.5114e+000 +3.7342e+000 +6.3319e-002 +2.2189e+000 -3.0133e+000 -4.1496e+000 +8.0603e-001
24 +1.008918863e+001 +1.008918863e+001 +1.695918863e+001 +1.695918863e+001 +1.2697e+000 +6.2016e+000 +7.3867e-001 +4.8976e+000 +4.6117e+000 -1.4769e+000 -4.8533e-001 -7.7285e-001 -3.5956e+000 +3.4550e+000
60 +7.848721584e+000 +7.848721584e+000 +1.471872158e+001 +1.471872158e+001 +1.5646e+000 +4.4224e+000 +1.4161e+000 +3.5164e+000 +4.6958e+000 +2.4934e+000 +2.1291e+000 +1.9957e+000 -3.3649e+000 +5.8288e+000
119 +7.318718057e+000 +7.318718057e+000 +1.418871806e+001 +1.418871806e+001 +2.6778e+000 +4.9165e+000 +3.8637e+000 +6.0825e-001 +6.4750e+000 -2.1297e-001 +1.8068e+000 -1.6619e+000 -4.3695e+000 -2.8303e+000
128 +5.801525361e+000 +5.801525361e+000 +1.267152536e+001 +1.267152536e+001 +2.8620e+000 +6.5825e+000 -2.3777e+000 +5.8066e+000 +2.7919e+000 -4.6282e-001 +9.8469e-001 +1.5355e+000 -2.1401e+000 +1.1429e+000
220 +5.329941051e+000 +5.329941051e+000 +1.219994105e+001 +1.219994105e+001 +2.4632e+000 +3.4726e+000 +4.3703e-001 -2.8664e+000 +3.2690e+000 -2.5794e+000 +2.0703e+000 -1.3528e+000 -4.0157e+000 +5.9014e-001
300 +4.315180469e+000 +4.315180469e+000 +1.118518047e+001 +1.118518047e+001 +4.6974e+000 -2.0993e-002 -4.7673e-001 +7.5729e-001 +3.0715e+000 +2.4168e+000 +7.6556e-001 -1.2135e+000 -2.5135e+000 +1.8840e-001
358 +3.253731254e+000 +3.253731254e+000 +1.012373125e+001 +1.012373125e+001 +1.4280e+000 +5.1948e+000 -7.0172e-001 +6.3899e-001 +3.2046e+000 -2.9124e+000 +4.1321e+000 +7.0662e-001 +3.2769e+000 +8.0907e-001
1095 +2.950247118e+000 +2.950247118e+000 +9.820247118e+000 +9.820247118e+000 -4.1045e-001 -1.3375e+000 +4.5217e+000 -1.8710e+000 +1.1386e+000 -1.2489e+000 +1.7362e+000 -6.1321e-001 +1.9667e-001 +1.8517e+000
3179 +2.376281242e+000 +2.376281242e+000 +9.246281242e+000 +9.246281242e+000 -5.3268e-001 +8.1830e-001 +4.6150e+000 +1.1400e+000 -2.9993e+000 -1.8778e+000 +8.1994e-001 +1.0516e+000 +2.4913e-002 -3.2436e+000
3889 +1.675648075e+000 +1.675648075e+000 +8.545648075e+000 +8.545648075e+000 -3.4705e+000 +1.5747e-002 -2.3389e+000 -3.0105e+000 -1.6295e+000 +1.9776e+000 +8.3655e-001 +3.4613e+000 +1.5532e+000 +1.7392e+000
15583 +1.304143465e+000 +1.304143465e+000 +8.174143465e+000 +8.174143465e+000 +2.4319e+000 -5.1217e+000 -8.8752e-001 -3.1468e+000 -1.8193e+000 -3.4451e+000 -1.3246e+000 -1.0371e+000 +4.9468e+000 +7.5093e-001
661656 +9.636573088e-001 +9.636573088e-001 +7.833657309e+000 +7.833657309e+000 +1.3352e+000 -1.0074e+000 -2.5424e+000 -9.7318e-001 +2.2508e-001 +6.7398e-001 +9.4884e-001 -3.1939e+000 -1.5196e+000 +4.0768e+000
9118273 +7.352965990e-001 +7.352965990e-001 +7.605296599e+000 +7.605296599e+000 -7.4287e-001 -2.4050e+000 -2.9064e+000 -2.1668e+000 +2.0994e+000 -1.1438e+000 +6.7766e-001 -7.2165e-002 -1.6132e+000 -2.3008e+000
% function evaluation | noise-free fitness - Fopt (1.000000000000e-002) | best noise-free fitness - Fopt | measured fitness | best measured fitness | x1 | x2...
1 +1.774699610e+001 +1.774699610e+001 +1.775699610e+001 +1.775699610e+001 -3.0016e+000 -1.4736e+000 +3.9181e+000 -5.4895e+000 -8.4008e-001 +2.4852e+000 +1.5780e+000 +4.3269e+000 +3.4227e+000 -6.6108e+000
5 +1.461580673e+001 +1.461580673e+001 +1.462580673e+001 +1.462580673e+001 -6.1608e+000 -1.3684e+000 -2.0427e+000 +1.2120e+000 +7.8958e-001 +3.9241e+000 -3.4568e+000 +3.8270e+000 +2.2058e+000 -6.9174e+000
14 +5.189694273e+000 +5.189694273e+000 +5.199694273e+000 +5.199694273e+000 -3.5997e+000 -2.7550e+000 +2.4879e+000 +2.0539e+000 -3.2895e-001 -9.6154e-001 -5.3429e+000 +3.7190e+000 +3.0266e+000 -3.4859e+000
172 +4.444670318e+000 +4.444670318e+000 +4.454670318e+000 +4.454670318e+000 +1.6458e+000 -1.7284e+000 +2.5348e+000 -3.1865e+000 +2.0964e+000 +3.7311e+000 -2.9410e+000 -5.0468e-001 -1.2703e+000 +5.5539e-001
232 +4.342052444e+000 +4.342052444e+000 +4.352052444e+000 +4.352052444e+000 -1.9873e+000 -2.6666e+000 -4.5653e+000 -2.1962e+000 -4.3311e-002 -3.4729e-001 -3.6433e+000 +8.9363e-001 -8.6650e-001 -4.0196e+000
686 +3.840178840e+000 +3.840178840e+000 +3.850178840e+000 +3.850178840e+000 -1.3054e+000 -2.7647e+000 +4.2214e+000 -1.2427e+000 -3.4485e+000 -1.0102e+000 -3.2630e+000 -5.8212e+000 -1.3833e+000 -1.0869e+000
924 +2.527321901e+000 +2.527321901e+000 +2.537321901e+000 +2.537321901e+000 -3.6455e+000 +1.5047e+000 +7.8085e-001 +3.2695e+000 -1.2878e+000 -1.0916e+000 -2.8366e+000 +1.6374e-003 +3.8937e+000 -5.1028e-001
3405 +2.415142567e+000 +2.415142567e+000 +2.425142567e+000 +2.425142567e+000 +1.2305e+000 +1.2973e+000 -5.1162e+000 -7.6977e-001 -2.9649e-002 +2.9945e+000 -1.6045e+000 +2.7337e+000 +2.0037e+000 -4.0838e+000
4710 +2.356035692e+000 +2.356035692e+000 +2.366035692e+000 +2.366035692e+000 -4.2129e+000 +3.1986e-001 -4.1362e+000 +3.5061e+000 -8.1044e-001 -2.4951e+000 +6.8672e-001 -3.6362e-002 +2.8232e+000 +3.1943e+000
10416 +1.886132335e+000 +1.886132335e+000 +1.896132335e+000 +1.896132335e+000 -2.8024e+000 +1.7807e+000 +2.9765e+000 +6.7977e-003 +6.0736e-001 +7.1656e-001 +1.3565e+000 +2.7221e+000 -2.4746e+000 +1.2230e+000
27531 +1.261000483e+000 +1.261000483e+000 +1.271000483e+000 +1.271000483e+000 -6.6166e-001 +4.8553e+000 -1.4189e+000 +9.2953e-001 +2.2476e+000 +1.6267e+000 -8.8690e-001 -5.1328e+000 -4.6855e+000 +2.8006e+000
173229 +1.193605551e+000 +1.193605551e+000 +1.203605551e+000 +1.203605551e+000 +4.4379e-001 +3.8460e-001 -1.5999e-001 -3.9345e+000 -3.0341e+000 +2.0177e+000 -1.5087e+000 -1.0811e+000 -2.1793e+000 +7.7104e-001
349480 +1.121495077e+000 +1.121495077e+000 +1.131495077e+000 +1.131495077e+000 -3.5014e-001 +2.1791e-001 +2.9216e+000 +3.5247e+000 -2.1505e+000 +1.1227e+000 -2.7504e+000 -3.5656e+000 -8.6741e-001 -1.7730e+000
381555 +1.075167097e+000 +1.075167097e+000 +1.085167097e+000 +1.085167097e+000 -5.3638e-001 +2.5606e+000 +7.5255e-001 -2.7333e-001 +2.1119e+000 +2.1010e+000 -2.1654e+000 -1.2553e+000 +1.5996e+000 +1.3875e+000
742764 +1.015582579e+000 +1.015582579e+000 +1.025582579e+000 +1.025582579e+000 +2.4288e+000 +2.0527e+000 -1.6943e+000 -2.3085e+000 +5.5974e-001 +1.3908e+000 +2.0950e-002 -1.6917e+000 -4.2841e+000 +3.0679e-001
2793779 +6.972587883e-001 +6.972587883e-001 +7.072587883e-001 +7.072587883e-001 -1.8254e+000 +2.3887e+000 -1.9487e+000 +9.0880e-001 -2.5738e+000 +8.2159e-001 +2.3196e+000 -2.3369e+000 +8.9763e-001 -4.6379e-004
% function evaluation | noise-free fitness - Fopt (-1.306100000000e+002) | best noise-free fitness - Fopt | measured fitness | best measured fitness | x1 | x2...
1 +6.322234811e+000 +6.322234811e+000 -1.242877652e+002 -1.242877652e+002 -4.0866e+000 -5.0138e+000 +1.3669e+000 +1.9882e+000 -4.8966e-001 -1.5417e+000 -3.2092e+000 +4.7312e+000 -4.2616e+000 +3.2804e+000
4 +4.447329333e+000 +4.447329333e+000 -1.261626707e+002 -1.261626707e+002 -3.8207e+000 -4.4130e+000 -3.7180e+000 -5.9127e-002 -8.7928e-001 +3.5637e+000 -3.6305e+000 +4.8431e+000 -5.3154e+000 +1.4176e+000
130 +3.035597820e+000 +3.035597820e+000 -1.275744022e+002 -1.275744022e+002 -3.1178e+000 -2.3343e+000 -1.1390e+000 +1.1804e+000 -3.0443e+000 -6.5989e-001 -3.5491e+000 -1.1282e+000 -1.7214e+000 +2.0271e+000
154 +2.916824385e+000 +2.916824385e+000 -1.276931756e+002 -1.276931756e+002 -1.6167e+000 -4.3682e+000 -5.2821e+000 +6.9843e-001 -2.4389e-001 -2.1591e+000 -2.1204e+000 +2.3022e+000 -2.8451e+000 +4.2037e+000
2393 +2.677867285e+000 +2.677867285e+000 -1.279321327e+002 -1.279321327e+002 +1.4962e+000 +2.4445e+000 +1.6900e+000 +6.0554e-001 +1.0793e+000 +1.8007e+000 -6.0944e-002 -8.1822e-001 -8.4195e-001 -1.1228e+000
3124 +2.540091157e+000 +2.540091157e+000 -1.280699088e+002 -1.280699088e+002 +3.6541e+000 +1.4147e+000 -3.1865e-001 -1.8831e+000 -1.3437e+000 -2.0553e+000 +1.5268e+000 -3.7530e+000 +2.8426e+000 -3.5584e-001
9053 +2.308227116e+000 +2.308227116e+000 -1.283017729e+002 -1.283017729e+002 +3.1090e+000 -2.7412e+000 -7.6236e-002 -1.0378e+000 -2.5351e+000 +1.9296e+000 +2.2561e+000 -5.1405e+000 -3.0132e+000 +2.3616e+000
24178 +8.943341772e-001 +8.943341772e-001 -1.297156658e+002 -1.297156658e+002 -1.4377e+000 +3.5316e+000 -1.8802e+000 +1.1746e+000 -4.1748e+000 +2.0503e+000 -9.3588e-001 +1.7657e+000 +3.2538e-001 +4.0088e-001
2009570 +8.629940731e-001 +8.629940731e-001 -1.297470059e+002 -1.297470059e+002 -9.3363e-001 -3.8582e-001 +3.2851e+000 -9.0640e-001 +3.4609e+000 +7.0984e-001 -8.0834e-001 +5.6407e-003 -1.8758e+000 -1.2721e+000
2329867 +7.403755114e-001 +7.403755114e-001 -1.298696245e+002 -1.298696245e+002 -2.6328e+000 +2.0592e+000 -4.4915e-001 +5.9311e-002 +3.9672e-001 -1.5347e+000 +3.8374e-001 -1.8625e+000 +3.8928e-001 -2.0175e+000
5352933 +6.338534292e-001 +6.338534292e-001 -1.299761466e+002 -1.299761466e+002 +8.5277e-001 +4.5029e-001 -1.4628e+000 +4.3746e+000 +2.6180e+000 +9.6874e-001 +9.1689e-001 +6.0265e-001 -2.5889e+000 -3.4079e+000
% function evaluation | noise-free fitness - Fopt (-2.231200000000e+002) | best noise-free fitness - Fopt | measured fitness | best measured fitness | x1 | x2...
1 +4.704857141e+001 +4.704857141e+001 -1.760714286e+002 -1.760714286e+002 +5.7515e+000 -2.7999e+000 -1.0276e+000 +1.0312e+001 -2.1671e+000 +4.1675e+000 +6.1316e+000 -4.2163e+000 -3.1521e+000 +9.4314e-002
2 +1.801879848e+001 +1.801879848e+001 -2.051012015e+002 -2.051012015e+002 +3.4205e+000 -3.3724e+000 -2.0574e-001 +2.5698e+000 -4.2255e+000 -9.0434e-001 +6.1095e+000 -6.4075e-001 -2.8037e+000 +1.1302e+000
3 +1.384200978e+001 +1.384200978e+001 -2.092779902e+002 -2.092779902e+002 +3.9406e+000 -7.7321e-001 +2.9116e-002 +1.7603e+000 -3.9528e+000 +3.4010e+000 +3.2742e+000 -1.5009e+000 -3.4408e+000 +1.6810e+000
5 +7.599334746e+000 +7.599334746e+000 -2.155206653e+002 -2.155206653e+002 +3.3065e+000 -4.0290e+000 -1.9101e+000 +4.4054e+000 -5.8990e+000 +2.8335e-001 +2.2353e+000 -4.1696e-001 -1.7921e+000 -6.2019e-001
16 +4.984643594e+000 +4.984643594e+000 -2.181353564e+002 -2.181353564e+002 +2.7922e+000 -2.8075e+000 -1.2238e+000 +1.5273e+000 -4.4884e+000 +5.3090e+000 +5.8694e+000 -2.7578e-001 -2.1842e+000 +2.5283e+000
77 +3.703320795e+000 +3.703320795e+000 -2.194166792e+002 -2.194166792e+002 +5.6741e+000 -4.0115e+000 +1.0934e+000 +4.5157e+000 -4.5506e+000 +4.6350e+000 +5.2664e+000 -4.9774e-001 -2.6508e+000 +3.2212e+000
384 +3.462913958e+000 +3.462913958e+000 -2.196570860e+002 -2.196570860e+002 +2.8404e+000 +1.7091e+000 -1.5519e+000 -5.0522e+000 +1.4905e+000 +2.2889e+000 +2.5490e+000 +2.8171e+000 -3.5619e-001 -5.3359e-001
1741 +3.097575597e+000 +3.097575597e+000 -2.200224244e+002 -2.200224244e+002 +4.5385e-001 +4.6539e+000 -2.1567e+000 +6.9134e-001 +9.6383e-002 +2.3784e+000 -5.5699e-001 -1.3226e+000 -1.1842e+000 +3.7087e-001
3402 +2.393444132e+000 +2.393444132e+000 -2.207265559e+002 -2.207265559e+002 +1.5253e+000 -2.2133e-001 +6.4779e-001 +2.2975e+000 -1.4660e+000 -5.8691e-002 -8.1880e-001 +3.4280e+000 -2.4461e-001 -2.3229e+000
17241 +1.420160523e+000 +1.420160523e+000 -2.216998395e+002 -2.216998395e+002 -5.2913e+000 +2.9539e-001 -2.7634e+000 -2.5880e+000 +2.4998e+000 +1.0713e+000 -1.0869e-001 -2.2323e+000 -8.7436e-001 +3.8268e+000
24090 +1.220674677e+000 +1.220674677e+000 -2.218993253e+002 -2.218993253e+002 +9.4226e-001 +4.0435e+000 +2.2753e+000 +3.0795e+000 -8.7047e-001 -6.2964e-001 +5.9817e-001 +3.3718e-001 +2.7512e+000 +1.7825e+000
338744 +1.147261618e+000 +1.147261618e+000 -2.219727384e+002 -2.219727384e+002 -2.2709e+000 -4.1022e+000 +7.9569e-001 -3.6106e+000 -9.9667e-001 -3.4543e+000 +3.9064e-001 +1.1776e+000 +3.3167e+000 -2.1251e-001
1535349 +1.022595903e+000 +1.022595903e+000 -2.220974041e+002 -2.220974041e+002 -1.6401e+000 +1.5314e+000 +1.5040e+000 -1.1922e+000 -2.1223e+000 -1.7438e+000 +3.1024e+000 +4.0225e+000 -8.1308e-001 -9.5797e-001
2099783 +9.845378158e-001 +9.845378158e-001 -2.221354622e+002 -2.221354622e+002 +2.1150e+000 +4.9177e-001 +2.0722e+000 -8.2443e-001 -5.0669e+000 +3.7885e+000 -2.7095e+000 +3.2878e-001 -1.0013e+000 +6.5653e-001
2914285 +8.143440021e-001 +8.143440021e-001 -2.223056560e+002 -2.223056560e+002 -3.1017e-001 +2.7020e+000 -2.1809e-001 -4.7233e+000 -2.5523e-001 -4.4213e+000 -1.7063e+000 -3.5001e+000 -1.8071e+000 +3.1752e+000
3402327 +6.316202816e-001 +6.316202816e-001 -2.224883797e+002 -2.224883797e+002 +3.5690e-001 -5.8415e-001 +9.5413e-002 +2.6763e+000 +3.1290e+000 +3.3330e-001 -2.9517e+000 -1.9022e+000 -1.8272e+000 -1.1143e+000
% function evaluation | noise-free fitness - Fopt (-4.443000000000e+001) | best noise-free fitness - Fopt | measured fitness | best measured fitness | x1 | x2...
1 +2.376478663e+001 +2.376478663e+001 -2.066521337e+001 -2.066521337e+001 +8.2981e+000 +5.8436e+000 -6.5440e-001 +4.0648e+000 -9.5449e-001 +2.9824e+000 +4.4044e-001 +4.0183e+000 -1.3514e+000 -2.2399e+000
5 +1.139329365e+001 +1.139329365e+001 -3.303670635e+001 -3.303670635e+001 -1.4972e-002 +2.1680e+000 -4.1263e+000 +1.3543e+000 -5.9539e+000 +4.0112e+000 -4.8985e+000 +2.8128e+000 +8.8580e-001 -1.3816e-001
8 +6.824199594e+000 +6.824199594e+000 -3.760580041e+001 -3.760580041e+001 +6.9958e-001 +4.2010e+000 -4.0702e+000 +8.6217e-002 +3.5033e-001 +5.0804e+000 -1.4269e+000 +4.3855e+000 +8.5954e-001 +2.2857e-001
79 +4.265319901e+000 +4.265319901e+000 -4.016468010e+001 -4.016468010e+001 +7.4206e-001 +1.1686e+000 -2.5557e+000 -5.5123e-001 -3.4607e+000 +2.0999e+000 -2.2558e+000 +2.2259e+000 +1.8684e+000 -1.7686e+000
261 +3.944029476e+000 +3.944029476e+000 -4.048597052e+001 -4.048597052e+001 +2.9575e-002 +1.5756e+000 -1.5652e+000 +4.9644e+000 -9.7219e-001 -1.6553e+000 -1.8372e-001 +1.8871e+000 +2.9296e+000 -6.9123e-001
782 +3.449608747e+000 +3.449608747e+000 -4.098039125e+001 -4.098039125e+001 +4.5580e+000 -2.4324e-001 -2.0973e+000 -1.1027e+000 -1.2812e+000 -2.6866e+000 +4.3584e+000 +5.2177e+000 +3.4400e+000 -7.0132e-001
1644 +2.650991438e+000 +2.650991438e+000 -4.177900856e+001 -4.177900856e+001 -2.7828e+000 +7.4101e-001 -8.9627e-001 -9.1718e-001 +1.9640e+000 +2.3983e+000 +3.4220e-001 +5.2233e+000 +1.0235e+000 -2.0279e+000
2633 +2.600091223e+000 +2.600091223e+000 -4.182990878e+001 -4.182990878e+001 +3.5119e+000 -2.9914e-001 +1.8662e+000 +8.6784e-001 -2.9505e+000 -3.4460e+000 +5.0609e-001 +3.7169e+000 -2.8486e+000 -1.5650e+000
14291 +1.778058244e+000 +1.778058244e+000 -4.265194176e+001 -4.265194176e+001 -9.3733e-001 -2.4555e+000 -3.5000e+000 -3.0444e+000 -3.0882e-001 +2.2473e+000 -9.3509e-001 -3.9528e-001 -1.8755e+000 -9.9233e-001
32304 +1.607495523e+000 +1.607495523e+000 -4.282250448e+001 -4.282250448e+001 +3.5543e+000 +1.5430e+000 +3.2054e+000 +3.6473e+000 +2.2673e+000 -6.0450e-001 +2.3041e+000 +3.7219e+000 -2.1827e+000 +1.9452e+000
138894 +1.315401928e+000 +1.315401928e+000 -4.311459807e+001 -4.311459807e+001 -3.3528e+000 +1.4660e+000 +2.0397e+000 +2.5229e+000 +1.8476e-001 -1.1250e+000 +1.4732e+000 +2.0533e+000 -7.4765e-001 -3.3319e-001
228008 +9.169752068e-001 +9.169752068e-001 -4.351302479e+001 -4.351302479e+001 -1.6219e-001 +4.4731e+000 +2.0663e+000 +1.5211e+000 +3.8680e+000 +2.3926e+000 +1.8921e+000 +9.7865e-001 +5.0209e-001 -3.5417e-001
5990013 +8.629195328e-001 +8.629195328e-001 -4.356708047e+001 -4.356708047e+001 -2.7590e+000 -3.8158e+000 -1.9820e+000 +3.2012e+000 -1.8119e+000 +5.3159e+000 -4.3974e-001 -6.9903e-001 +3.7128e+000 +3.0729e+000
6019059 +7.085116336e-001 +7.085116336e-001 -4.372148837e+001 -4.372148837e+001 +6.3380e-001 -4.4406e+000 -3.9758e+000 -2.5773e+000 -7.2435e-001 +4.1082e+000 +4.4499e-001 -1.6736e+000 -2.5869e+000 +1.4004e+000
% function evaluation | noise-free fitness - Fopt (-3.845400000000e+002) | best noise-free fitness - Fopt | measured fitness | best measured fitness | x1 | x2...
1 +1.141214405e+001 +1.141214405e+001 -3.731278560e+002 -3.731278560e+002 +3.1102e+000 +4.2784e+000 +4.7217e-001 +3.5630e+000 -1.9137e+000 +3.5666e+000 -1.1623e+000 -1.1009e+000 -9.8541e-001 +1.7462e+000
8 +8.269176247e+000 +8.269176247e+000 -3.762708238e+002 -3.762708238e+002 -1.0594e+000 +2.3065e+000 -8.6850e-001 +3.5319e+000 -2.1974e+000 +2.6947e+000 +6.8179e-001 -2.9851e+000 -1.4960e+000 -2.5063e+000
41 +4.672187960e+000 +4.672187960e+000 -3.798678120e+002 -3.798678120e+002 +1.3608e+000 +4.9474e+000 +7.5666e-001 +4.0081e+000 -4.0096e-001 +4.4209e+000 +9.2478e-001 -3.5722e+000 -3.1335e+000 +6.8768e-001
60 +1.955971503e+000 +1.955971503e+000 -3.825840285e+002 -3.825840285e+002 -1.5990e+000 +3.1338e+000 +1.1351e+000 +4.6886e+000 -1.3532e+000 +2.8683e+000 +1.8480e-001 -3.1890e+000 +9.5314e-001 -2.8409e+000
11917 +1.845043315e+000 +1.845043315e+000 -3.826949567e+002 -3.826949567e+002 -4.5484e+000 -1.5735e+000 -1.6233e+000 -2.3253e+000 +1.9033e+000 +1.4309e+000 +5.0150e+000 -3.5306e+000 +3.9000e+000 +3.3419e+000
48365 +1.468176833e+000 +1.468176833e+000 -3.830718232e+002 -3.830718232e+002 -3.5907e+000 -3.6100e+000 +2.0157e+000 +5.6510e-001 -6.4437e-001 +1.4227e+000 +3.3140e+000 +1.0608e+000 -6.1357e-001 -7.1571e-001
65565 +1.367491223e+000 +1.367491223e+000 -3.831725088e+002 -3.831725088e+002 +1.7770e+000 +2.6561e+000 +4.1565e+000 +6.0790e-001 +4.1050e+000 -1.0694e+000 +9.7728e-001 -2.5376e+000 +1.7224e+000 +4.8861e+000
107781 +1.171506943e+000 +1.171506943e+000 -3.833684931e+002 -3.833684931e+002 +2.7525e+000 +2.3728e+000 +1.7819e+000 +2.6719e+000 -2.2697e-001 -2.8919e-001 +6.8392e-001 +3.5219e+000 +1.9070e+000 +4.2374e-001
152785 +1.079659808e+000 +1.079659808e+000 -3.834603402e+002 -3.834603402e+002 +1.0897e+000 -5.2601e+000 -2.2967e+000 -9.0316e-001 +3.7079e+000 +2.3909e+000 +7.8694e-002 +4.9871e-001 -2.0945e+000 -1.2488e+000
2588909 +1.064207232e+000 +1.064207232e+000 -3.834757928e+002 -3.834757928e+002 -5.9291e-001 -9.9378e-001 +4.5162e-001 +1.1894e+000 -1.1725e+000 +2.5747e+000 +2.5013e+000 +1.1940e+000 -2.4861e-001 +3.4324e-001
4317526 +1.017963708e+000 +1.017963708e+000 -3.835220363e+002 -3.835220363e+002 +1.5562e+000 +5.8600e-001 +6.6028e-001 -1.9309e+000 +2.3858e+000 -4.9264e-001 -3.6260e+000 -8.6525e-002 -1.4186e+000 -4.6450e-002
4560728 +8.774430405e-001 +8.774430405e-001 -3.836625570e+002 -3.836625570e+002 +8.6412e-001 +1.6818e+000 -1.2140e+000 -4.8301e+000 +1.8786e+000 -4.8454e-001 +2.3820e+000 +7.4732e-001 +4.3451e-001 +1.1463e+000
6359901 +7.477062361e-001 +7.477062361e-001 -3.837922938e+002 -3.837922938e+002 -1.5207e+000 +1.3469e+000 +4.6332e+000 -1.1870e+000 +1.6919e+000 -1.9848e+000 +1.4416e-002 +3.6146e-001 -3.7086e+000 +3.4684e+000
% function evaluation | noise-free fitness - Fopt (-6.071200000000e+002) | best noise-free fitness - Fopt | measured fitness | best measured fitness | x1 | x2...
1 +5.737093044e+001 +5.737093044e+001 -5.497490696e+002 -5.497490696e+002 +5.5335e+000 -6.0040e+000 -1.1679e+000 -4.0351e+000 +9.6740e-001 +2.1077e+000 +1.0816e+001 -1.0242e+000 -9.1053e-001 +7.8496e+000
2 +6.716685748e+000 +6.716685748e+000 -6.004033143e+002 -6.004033143e+002 +3.9435e+000 -1.2007e+000 +2.1810e+000 -3.2021e+000 +3.5174e+000 +1.7802e+000 +5.8977e+000 +6.1178e+000 -3.1272e+000 +1.5910e+000
199 +3.637627427e+000 +3.637627427e+000 -6.034823726e+002 -6.034823726e+002 -1.5565e-001 -2.6892e-001 -1.2495e+000 -2.3418e+000 +4.7317e-001 -4.9327e-001 +3.7942e+000 +3.0001e+000 -5.0597e+000 +3.5340e+000
614 +3.440601558e+000 +3.440601558e+000 -6.036793984e+002 -6.036793984e+002 +9.6193e-001 +4.9804e+000 +2.1930e+000 -7.9589e-002 -6.5334e-001 +7.3970e-001 +1.9965e+000 +2.4651e+000 +1.5196e+000 -2.2512e+000
1888 +2.899511573e+000 +2.899511573e+000 -6.042204884e+002 -6.042204884e+002 +1.1719e+000 +1.4960e+000 +2.4876e+000 -1.1045e+000 -4.3885e-001 +7.0807e-001 +6.4888e-001 +1.8430e+000 +1.6643e+000 -3.4689e-002
3960 +2.229767802e+000 +2.229767802e+000 -6.048902322e+002 -6.048902322e+002 +4.2913e+000 -3.4966e+000 -1.6169e+000 +1.2421e+000 -1.7843e+000 +5.5710e+000 +2.2272e+000 +2.0039e+000 -1.3636e+000 -6.5502e-001
11559 +1.549905591e+000 +1.549905591e+000 -6.055700944e+002 -6.055700944e+002 +2.3445e+000 +4.7444e+000 -1.6985e+000 -2.3671e+000 +2.4117e+000 +4.2099e-001 -1.9112e+000 +6.1031e-002 +3.3028e+000 +1.0202e+000
75983 +1.198180367e+000 +1.198180367e+000 -6.059218196e+002 -6.059218196e+002 -4.6949e+000 +4.9820e+000 -2.0724e+000 +3.0433e+000 -1.2331e+000 -2.7037e+000 +1.6183e+000 -3.7393e+000 +4.7527e-002 +2.2503e+000
219073 +1.161590354e+000 +1.161590354e+000 -6.059584096e+002 -6.059584096e+002 +4.6255e-001 +4.0114e+000 +2.6944e+000 -5.0983e+000 -7.4365e-001 +2.2967e+000 -4.7382e+000 +2.5667e+000 +2.6954e-001 -8.7501e-002
1917749 +1.078352653e+000 +1.078352653e+000 -6.060416473e+002 -6.060416473e+002 -2.6827e+000 -8.0854e-001 -1.6196e+000 -1.2050e+000 -3.1862e+000 -4.8904e+000 +1.7501e+000 -2.8655e+000 -4.1185e+000 -6.5715e-001
1956291 +9.875841240e-001 +9.875841240e-001 -6.061324159e+002 -6.061324159e+002 +1.1069e+000 -6.5205e-001 -2.6072e-001 -5.2848e+000 +8.6713e-001 +5.3675e-001 +1.1320e+000 -2.1146e+000 +3.7636e+000 +8.0047e-001
2931477 +6.551226933e-001 +6.551226933e-001 -6.064648773e+002 -6.064648773e+002 +1.7325e+000 +2.2186e+000 +4.2250e+000 -4.4236e+000 +9.2172e-001 -3.1102e-001 +3.4520e+000 -7.8967e-001 -2.7011e+000 +4.4230e+000
9157196 +6.364122509e-001 +6.364122509e-001 -6.064835877e+002 -6.064835877e+002 +3.5076e+000 -1.1129e+000 +1.8084e+000 -7.6849e-001 -4.6144e+000 -5.5035e-001 +7.8279e-001 -1.6144e+000 +3.0312e-001 -1.8572e+000
% function evaluation | noise-free fitness - Fopt (-2.955000000000e+001) | best noise-free fitness - Fopt | measured fitness | best measured fitness | x1 | x2...
1 +3.031422124e+001 +3.031422124e+001 +7.642212361e-001 +7.642212361e-001 +6.3355e+000 +3.7707e-001 -4.0463e+000 -7.6922e-001 +8.0274e-001 -3.2298e+000 -7.2750e+000 +2.9388e+000 +5.5686e+000 -6.7579e+000
2 +1.700524636e+001 +1.700524636e+001 -1.254475364e+001 -1.254475364e+001 +2.8465e+000 +2.4666e+000 +4.9850e+000 +1.0439e+000 -3.4689e+000 -2.7723e+000 -4.5002e+000 +2.7964e+000 +1.9878e+000 -2.6928e+000
8 +1.612995653e+001 +1.612995653e+001 -1.342004347e+001 -1.342004347e+001 -1.7921e+000 +1.1937e-001 +1.5302e+000 -3.4824e-002 -4.3828e+000 +1.6837e+000 -6.9580e+000 +3.9213e+000 +5.1811e-001 -5.3503e+000
14 +9.794643425e+000 +9.794643425e+000 -1.975535658e+001 -1.975535658e+001 +2.9230e-001 +5.2367e+000 -1.6808e+000 -1.8789e+000 -1.5600e+000 -1.8821e+000 -6.2225e+000 -5.2301e+000 +4.1572e+000 -2.4947e+000
54 +9.724757590e+000 +9.724757590e+000 -1.982524241e+001 -1.982524241e+001 +3.7257e+000 +4.2029e-001 -8.0511e-001 -3.5276e-001 -2.9003e+000 -2.1098e+000 -4.0372e+000 -4.5061e+000 -1.5323e+000 -2.6617e+000
63 +6.519769631e+000 +6.519769631e+000 -2.303023037e+001 -2.303023037e+001 +7.5711e-001 +5.6835e+000 +3.4254e+000 +3.6607e-001 -3.1131e+000 -2.2669e+000 +1.9282e-001 -9.0636e-001 +1.3286e-001 +5.3053e+000
105 +6.073566955e+000 +6.073566955e+000 -2.347643305e+001 -2.347643305e+001 -1.5061e+000 +1.4185e+000 -5.3018e-001 -1.5500e+000 -2.3539e-001 -1.9183e+000 -6.1936e+000 -1.7967e+000 +2.2551e+000 -2.0251e+000
209 +5.901872116e+000 +5.901872116e+000 -2.364812788e+001 -2.364812788e+001 -1.4269e+000 +3.4604e+000 +4.9855e-002 -1.7062e+000 -5.1568e+000 +5.0001e-001 -1.3697e+000 -3.2525e+000 -1.8821e+000 -2.0192e+000
542 +3.619233590e+000 +3.619233590e+000 -2.593076641e+001 -2.593076641e+001 -3.4530e+000 +1.5613e+000 +3.6088e+000 +1.9692e+000 -8.9882e-001 +5.1949e+000 -1.5025e+000 -4.1870e-001 -1.3229e+000 +4.5145e+000
2660 +3.503214778e+000 +3.503214778e+000 -2.604678522e+001 -2.604678522e+001 +2.6190e+000 +1.7119e+000 -7.7230e-001 +2.1542e+000 +1.0990e-001 -1.1077e+000 +2.0033e-001 -5.2077e+000 -1.6178e+000 +1.2409e+000
2743 +1.834128565e+000 +1.834128565e+000 -2.771587143e+001 -2.771587143e+001 +2.2924e+000 +1.8145e+000 -9.6674e-001 -3.1878e+000 -4.5962e+000 +1.3795e+000 +2.8281e-001 -1.7390e+000 +3.8724e+000 -1.7224e+000
29757 +1.790248193e+000 +1.790248193e+000 -2.775975181e+001 -2.775975181e+001 +1.0086e+000 +4.0001e+000 +1.9604e+000 -1.5135e-001 +1.0317e+000 +4.6942e+000 -4.9883e+000 -2.9827e+000 -5.4169e+000 +3.8050e+000
75318 +1.714955996e+000 +1.714955996e+000 -2.783504400e+001 -2.783504400e+001 -7.7973e-001 +9.7828e-001 -1.1540e+000 -1.7258e+000 -4.9785e+000 -2.5999e+000 -3.8024e+000 +4.8060e-002 -3.6088e-001 -2.9929e+000
79673 +1.363632422e+000 +1.363632422e+000 -2.818636758e+001 -2.818636758e+001 -6.0056e-001 -1.4729e-001 -2.9570e+000 -2.2829e-001 -1.6271e+000 +4.6327e-002 +6.6525e-001 -3.3641e+000 +2.4716e+000 -1.0555e+000
127203 +1.244835677e+000 +1.244835677e+000 -2.830516432e+001 -2.830516432e+001 -5.3008e-001 -4.6513e+000 -1.7049e+000 -1.1782e+000 -7.5243e-001 +1.7850e+000 +2.0592e+000 +2.9139e+000 +1.2289e+000 -2.7966e+000
204421 +1.222863615e+000 +1.222863615e+000 -2.832713638e+001 -2.832713638e+001 -1.8408e+000 -1.8984e+000 -2.8723e+000 +3.6038e+000 +2.5346e+000 -6.3013e-001 -3.8923e+000 -6.7368e-001 -1.5619e+000 +6.5603e-001
1183047 +9.130089077e-001 +9.130089077e-001 -2.863699109e+001 -2.863699109e+001 +1.3660e+000 -2.4321e+000 -2.4178e-001 +9.4668e-001 -1.4419e+000 -9.8701e-001 -2.2672e+000 -1.3465e+000 -6.3184e-001 +2.1174e+000
9245648 +8.485685245e-001 +8.485685245e-001 -2.870143148e+001 -2.870143148e+001 -1.7406e+000 +2.3278e+000 -2.9682e+000 +4.2641e+000 +2.5871e+000 +3.0384e+000 -1.1393e+000 -2.3330e+000 -5.3081e-001 +1.2867e+000
9989070 +7.205789553e-001 +7.205789553e-001 -2.882942104e+001 -2.882942104e+001 -3.3555e+000 -2.3609e+000 +4.6167e-001 +2.6289e+000 -1.4581e+000 -7.1582e-001 +1.1388e+000 +3.1145e+000 -2.6554e-001 -6.4093e-001
% function evaluation | noise-free fitness - Fopt (1.000000000000e+003) | best noise-free fitness - Fopt | measured fitness | best measured fitness | x1 | x2...
1 +3.029163783e+001 +3.029163783e+001 +1.030291638e+003 +1.030291638e+003 -7.0683e+000 +5.7932e-001 +3.1106e-001 +2.6275e+000 -1.8465e+000 +7.7742e+000 -2.5157e+000 +2.2837e-001 +6.7427e+000 +4.0797e+000
2 +2.259507380e+001 +2.259507380e+001 +1.022595074e+003 +1.022595074e+003 -3.0028e+000 +1.5697e+000 -1.2894e+000 +3.2507e+000 -4.5846e+000 +5.3023e+000 +5.2342e-001 +1.3344e+000 +2.6646e-001 +1.1898e+000
4 +2.153033825e+001 +2.153033825e+001 +1.021530338e+003 +1.021530338e+003 -6.8182e+000 -7.7273e-001 +8.0282e-001 +1.3130e+000 +2.5197e-001 +2.8120e+000 -8.9244e-001 -2.2217e+000 +2.5458e+000 +6.4093e+000
14 +1.150270439e+001 +1.150270439e+001 +1.011502704e+003 +1.011502704e+003 -2.2434e+000 -1.9102e+000 -2.4440e+000 +3.3400e+000 +1.5617e+000 +4.3939e+000 +4.8489e+000 -3.9719e+000 +4.7139e-001 +5.5616e+000
18 +5.222917729e+000 +5.222917729e+000 +1.005222918e+003 +1.005222918e+003 -1.0262e+000 -2.7276e+000 -3.6459e-001 +3.1154e+000 -3.5046e+000 +4.8796e+000 -1.3989e+000 +4.2611e-001 -1.3140e+000 +2.7989e+000
195 +5.025484751e+000 +5.025484751e+000 +1.005025485e+003 +1.005025485e+003 -1.5794e+000 -1.1088e+000 -4.2779e+000 +1.0076e+000 +5.5110e+000 +2.3988e+000 +5.7230e+000 -1.3150e+000 +1.4969e+000 +2.1808e+000
390 +4.443108335e+000 +4.443108335e+000 +1.004443108e+003 +1.004443108e+003 -2.1149e+000 -2.9630e+000 -4.7243e+000 +2.3746e+000 +1.7676e-001 +3.6413e+000 +2.2647e+000 +2.5231e+000 +1.4446e+000 +2.8251e-001
490 +3.529635076e+000 +3.529635076e+000 +1.003529635e+003 +1.003529635e+003 +3.5191e+000 -1.7302e-001 -5.5047e+000 +2.2132e-001 -2.1625e+000 +5.1143e+000 -1.9912e+000 +4.0333e+000 -1.5286e-001 +1.3500e+000
536 +3.278802761e+000 +3.278802761e+000 +1.003278803e+003 +1.003278803e+003 +1.1930e+000 -1.9618e+000 -4.0166e+000 -4.9192e+000 -2.4299e-002 +3.4795e+000 -1.4960e+000 +1.0250e+000 +9.9441e-001 +1.8503e+000
599 +2.880065399e+000 +2.880065399e+000 +1.002880065e+003 +1.002880065e+003 +3.1630e+000 -3.3422e+000 -1.4211e+000 -2.8626e+000 +1.2160e+000 +3.4909e+000 -3.1442e+000 -1.9658e+000 +8.5900e-001 +1.0944e+000
1470 +2.493079358e+000 +2.493079358e+000 +1.002493079e+003 +1.002493079e+003 +1.1560e+000 +4.0941e-001 -5.5571e+000 -7.9466e-001 +1.5123e+000 +1.5735e+000 +3.2390e+000 -2.6030e+000 +3.4396e+000 +1.9845e+000
7864 +1.854071157e+000 +1.854071157e+000 +1.001854071e+003 +1.001854071e+003 +1.3686e-001 -8.9101e-002 +1.4133e+000 -2.1562e+000 -2.8889e-001 -4.0664e+000 +2.7799e+000 -1.1018e+000 -4.3361e-001 +1.6410e+000
21731 +1.424121839e+000 +1.424121839e+000 +1.001424122e+003 +1.001424122e+003 +2.0074e+000 -1.3322e+000 -4.3747e-001 -1.5072e+000 +1.6083e+000 -2.6848e+000 -2.6816e+000 +2.0147e+000 +2.1305e+000 -1.9288e-001
105649 +1.218806384e+000 +1.218806384e+000 +1.001218806e+003 +1.001218806e+003 +1.9451e+000 +2.1824e+000 +9.4857e-001 +8.3486e-001 +9.8478e-001 -9.4766e-001 +4.6175e-001 +1.6666e-001 +4.1444e-001 +1.3002e+000
154851 +6.576993496e-001 +6.576993496e-001 +1.000657699e+003 +1.000657699e+003 -4.1348e+000 +1.3904e+000 +1.8439e+000 -1.6208e+000 +3.5667e-001 +7.5728e-001 +4.8903e-001 +2.8807e+000 +8.4587e-001 -8.5813e-001
2813259 +4.664482249e-001 +4.664482249e-001 +1.000466448e+003 +1.000466448e+003 -4.2967e+000 -6.7885e-001 +1.1111e+000 -1.5622e+000 +2.2642e+000 +3.6304e-001 -5.9552e-001 +5.0090e-001 +1.5398e+000 -2.6409e+000
% function evaluation | noise-free fitness - Fopt (-4.456000000000e+001) | best noise-free fitness - Fopt | measured fitness | best measured fitness | x1 | x2...
1 +1.412174482e+002 +1.412174482e+002 +9.665744817e+001 +9.665744817e+001 -6.5481e-002 -3.3230e+000 -2.7700e+000 -6.9803e+000 +1.5796e+001 -7.1083e-001 +3.7301e+000 +6.9006e-001 +6.4404e+000 -4.2375e+000
2 +2.658182090e+001 +2.658182090e+001 -1.797817910e+001 -1.797817910e+001 -9.8956e-001 -7.2312e+000 +3.9386e+000 +3.5128e-002 +4.1242e+000 +4.8909e+000 -1.4819e-001 +7.0514e+000 +7.1354e+000 -6.3664e+000
4 +1.211363181e+001 +1.211363181e+001 -3.244636819e+001 -3.244636819e+001 -3.8581e+000 +1.1179e+000 -2.2157e+000 -2.5337e-001 +4.2183e+000 +9.5888e-002 +2.5392e+000 +5.1887e+000 +3.5365e-001 -4.9527e-001
27 +1.193603533e+001 +1.193603533e+001 -3.262396467e+001 -3.262396467e+001 -2.1493e+000 -1.2373e+000 +1.0448e+000 +7.1173e+000 +1.4292e+000 +3.6072e+000 -2.3247e+000 +2.9694e+000 +6.7186e+000 -1.9502e+000
34 +8.879245926e+000 +8.879245926e+000 -3.568075407e+001 -3.568075407e+001 -3.3272e+000 -5.2197e+000 -3.6212e+000 +8.3638e-001 +2.4193e+000 +3.3929e-001 +1.2876e+000 +2.9317e+000 +3.1983e+000 -9.6569e-001
113 +7.288323710e+000 +7.288323710e+000 -3.727167629e+001 -3.727167629e+001 +3.0569e+000 -6.0727e+000 -1.6912e+000 +3.5920e-001 +4.9418e+000 +9.5557e-001 +1.9891e+000 +1.9344e+000 +4.0708e+000 -9.7972e-001
137 +6.975297549e+000 +6.975297549e+000 -3.758470245e+001 -3.758470245e+001 +3.1429e-001 -1.5557e+000 -2.5993e+000 +3.6465e+000 +1.0039e+000 +2.2089e+000 +2.5591e+000 +2.8286e+000 +2.8578e+000 -8.1327e-001
187 +6.641843414e+000 +6.641843414e+000 -3.791815659e+001 -3.791815659e+001 +3.1408e+000 -3.6788e+000 -5.9895e-001 -1.4072e-001 +1.4328e+000 +2.4026e+000 +3.0040e+000 +5.1850e+000 +4.0476e+000 -3.0104e+000
257 +6.297839122e+000 +6.297839122e+000 -3.826216088e+001 -3.826216088e+001 -3.7772e-002 -1.6128e+000 -4.5592e+000 -1.2137e+000 +3.3042e+000 +7.5750e-001 +3.0751e-001 +2.1660e+000 +6.1743e+000 -2.6010e+000
277 +5.100336830e+000 +5.100336830e+000 -3.945966317e+001 -3.945966317e+001 -2.4931e+000 +1.0407e+000 -3.2396e+000 -8.1052e-001 +1.2237e+000 +2.0086e+000 -4.1188e+000 -2.2935e+000 -2.5290e+000 -2.3298e+000
808 +3.608794672e+000 +3.608794672e+000 -4.095120533e+001 -4.095120533e+001 +1.4005e-001 +2.7716e+000 -2.8980e+000 -3.8967e+000 -1.3082e+000 +2.0072e+000 +2.7621e-001 +3.4825e+000 +3.7006e+000 -4.2257e+000
3708 +2.915063034e+000 +2.915063034e+000 -4.164493697e+001 -4.164493697e+001 +2.3511e-001 -1.4903e+000 +2.7268e+000 +1.8905e+000 -3.5247e+000 -1.8127e+000 +3.5799e+000 +5.3219e-002 +1.6430e+000 -7.2035e-002
5702 +2.531260732e+000 +2.531260732e+000 -4.202873927e+001 -4.202873927e+001 -6.0447e-001 -2.8463e-001 +4.4675e-001 -1.3357e+000 -1.1485e+000 -2.4787e-001 -8.6148e-001 -1.6682e+000 +2.8288e+000 +5.0201e+000
8339 +1.446544151e+000 +1.446544151e+000 -4.311345585e+001 -4.311345585e+001 -4.1859e+000 +3.9889e+000 +1.0557e+000 +7.4392e-001 +2.1445e+000 +3.5249e+000 -1.8401e+000 +3.3217e+000 +1.1275e+000 +6.8914e-001
69198 +1.217358992e+000 +1.217358992e+000 -4.334264101e+001 -4.334264101e+001 +5.3535e-001 -1.6749e+000 +4.4209e-001 -1.6978e+000 -8.9178e-001 +9.1368e-001 +2.1224e+000 +2.8651e+000 -3.3594e-001 +1.0967e+000
443482 +9.117537116e-001 +9.117537116e-001 -4.364824629e+001 -4.364824629e+001 +6.4065e-001 +5.5460e-002 +3.1418e+000 -4.9175e+000 -2.3558e+000 +1.1889e-001 -3.1600e+000 +1.6513e+000 +5.4165e-001 -1.5507e+000
2193446 +7.326157293e-001 +7.326157293e-001 -4.382738427e+001 -4.382738427e+001 +1.7209e+000 -5.1889e-001 -2.8222e+000 -2.5234e+000 +6.4920e-002 +1.2932e+000 -1.1673e+000 +8.8650e-001 +1.5659e-001 +5.3609e-001
% function evaluation | noise-free fitness - Fopt (6.442000000000e+001) | best noise-free fitness - Fopt | measured fitness | best measured fitness | x1 | x2...
1 +1.085172549e+002 +1.085172549e+002 +1.729372549e+002 +1.729372549e+002 +1.3457e+001 +2.3107e+000 -7.5068e-001 -1.0073e+001 -5.2957e+000 +1.6081e+000 +5.1657e+000 -3.1900e-001 +2.4111e+000 +3.4795e+000
2 +1.016745732e+001 +1.016745732e+001 +7.458745732e+001 +7.458745732e+001 +2.2803e+000 +3.8312e+000 +1.2110e+000 -6.2266e+000 -4.1361e+000 +1.0847e+000 +4.8853e+000 -2.9131e+000 -3.8437e+000 +2.9051e+000
4 +8.363203852e+000 +8.363203852e+000 +7.278320385e+001 +7.278320385e+001 +6.0531e+000 +3.9247e+000 +1.0422e+000 -2.8281e+000 -5.7265e+000 +6.7333e-001 +3.0869e+000 -3.1520e+000 -1.8038e+000 +1.8496e+000
65 +7.034903476e+000 +7.034903476e+000 +7.145490348e+001 +7.145490348e+001 +1.1194e+000 +5.4800e+000 -1.6417e+000 -2.0598e+000 -4.6543e+000 -1.5749e+000 +2.3822e+000 -2.4855e+000 -3.5460e+000 +9.4789e-001
69 +5.536249793e+000 +5.536249793e+000 +6.995624979e+001 +6.995624979e+001 +2.0209e+000 +4.7318e+000 +5.0474e-001 -1.7144e+000 -5.5530e+000 +2.8638e+000 +3.2499e+000 -3.9355e+000 -3.8474e+000 -1.5821e+000
132 +3.133100730e+000 +3.133100730e+000 +6.755310073e+001 +6.755310073e+001 +2.1073e+000 +3.5453e+000 +1.9597e+000 -6.5820e-001 +4.9804e-001 -4.5966e+000 +3.8204e+000 -3.1609e+000 -4.3237e-001 +3.9488e+000
2524 +2.811411271e+000 +2.811411271e+000 +6.723141127e+001 +6.723141127e+001 -4.0876e+000 +1.2651e-001 +1.3174e+000 +5.4278e-001 -1.9836e+000 -3.6315e-001 +1.3849e+000 -3.8604e+000 -9.8515e-001 -9.1393e-001
2679 +2.686752117e+000 +2.686752117e+000 +6.710675212e+001 +6.710675212e+001 +6.0995e-001 +1.4191e+000 +2.6412e+000 -1.3077e-001 +1.1316e+000 -2.2715e-001 +1.5032e+000 -3.2142e+000 -5.4014e-001 +5.1356e+000
7923 +2.576177040e+000 +2.576177040e+000 +6.699617704e+001 +6.699617704e+001 -1.3320e+000 +2.2412e+000 -4.7308e+000 +5.5475e+000 -1.4265e+000 -3.7276e+000 -3.0125e+000 -7.9180e-001 -1.1257e+000 -1.1434e+000
8217 +2.332616548e+000 +2.332616548e+000 +6.675261655e+001 +6.675261655e+001 -5.1981e-002 -2.6567e-001 -5.3479e+000 +1.2018e-001 +3.0828e+000 -1.7061e+000 -2.3455e+000 +3.8716e+000 -9.2419e-001 -2.5973e+000
11616 +2.122582896e+000 +2.122582896e+000 +6.654258290e+001 +6.654258290e+001 -3.5443e+000 -4.6701e-001 +1.3483e+000 +5.2626e+000 +2.3648e+000 +2.4030e+000 +7.9622e-001 +2.6864e+000 +8.6981e-001 +1.0824e+000
45713 +1.901906053e+000 +1.901906053e+000 +6.632190605e+001 +6.632190605e+001 -2.5109e+000 +2.3942e+000 -2.1502e+000 +1.0975e+000 +2.3904e+000 +2.0436e-002 -3.7784e+000 -3.4642e-001 +2.7429e+000 +9.2546e-001
56147 +1.527198919e+000 +1.527198919e+000 +6.594719892e+001 +6.594719892e+001 +2.5719e+000 -8.1322e-001 -5.4109e-001 -2.3881e+000 -2.8997e+000 +1.1663e+000 +2.8311e+000 -1.5279e+000 +1.3133e-001 -3.5762e+000
176903 +1.407602224e+000 +1.407602224e+000 +6.582760222e+001 +6.582760222e+001 -2.7536e+000 +9.9343e-001 -2.4564e+000 -2.6574e+000 -6.7306e-001 +6.1567e-002 +1.2364e+000 -1.1510e+000 -2.7189e-001 -6.8043e-001
303356 +1.150837481e+000 +1.150837481e+000 +6.557083748e+001 +6.557083748e+001 +2.5141e+000 -1.1238e+000 -2.5888e-001 -1.3992e+000 +1.6538e-001 -3.4413e-001 +8.2363e-001 -3.2821e-001 -7.5735e-001 -4.3228e+000
547421 +1.083345175e+000 +1.083345175e+000 +6.550334518e+001 +6.550334518e+001 -2.2702e+000 +7.3185e-001 -2.7913e-001 -2.4138e+000 -1.2125e+000 -1.2286e-001 +3.4031e-001 +1.6349e+000 -3.5969e+000 +1.0754e+000
1137727 +5.864774560e-001 +5.864774560e-001 +6.500647746e+001 +6.500647746e+001 -3.6215e-001 -4.4609e+000 +1.2927e+000 +1.2719e+000 -7.6324e-001 -1.0695e+000 -3.4661e-001 +1.9715e+000 -2.3052e+000 -1.7242e+000
% function evaluation | noise-free fitness - Fopt (7.514000000000e+001) | best noise-free fitness - Fopt | measured fitness | best measured fitness | x1 | x2...
1 +1.890181854e+001 +1.890181854e+001 +9.404181854e+001 +9.404181854e+001 +2.1591e+000 -7.1930e+000 +4.8611e-001 -6.4355e-001 +2.4247e+000 +2.8355e+000 +5.1911e-001 +1.7566e+000 +5.1647e+000 +4.3992e+000
2 +1.406611817e+001 +1.406611817e+001 +8.920611817e+001 +8.920611817e+001 +2.6112e+000 -4.1665e+000 -1.9093e+000 -8.0871e-001 +7.4884e+000 +3.8278e+000 -1.4164e+000 +3.4202e+000 +4.1527e+000 +2.6620e+000
5 +1.330328476e+001 +1.330328476e+001 +8.844328476e+001 +8.844328476e+001 +9.2915e-001 -1.7413e+000 -3.3180e+000 -4.2657e-001 +4.9493e+000 +4.0232e+000 -1.6780e+000 +1.6112e-001 +5.5463e+000 +2.8975e+000
9 +9.132631730e+000 +9.132631730e+000 +8.427263173e+001 +8.427263173e+001 +8.8025e-002 -1.1019e+000 +1.4824e-001 +6.8495e+000 -2.3166e+000 +4.2222e+000 +5.2036e+000 -9.1421e-001 +4.3518e+000 +5.3146e+000
26 +6.065578609e+000 +6.065578609e+000 +8.120557861e+001 +8.120557861e+001 -7.8853e-002 -2.6396e+000 -1.1934e+000 -1.4531e-001 +2.3022e+000 -2.3648e+000 +6.1204e+000 +1.6129e+000 +2.0296e+000 +4.1726e+000
203 +5.990375186e+000 +5.990375186e+000 +8.113037519e+001 +8.113037519e+001 -2.6784e+000 +1.8657e+000 +2.2546e+000 -1.4210e+000 +1.1264e+000 +2.5417e+000 -1.0605e+000 +3.3992e-002 +2.3086e+000 +2.9972e+000
239 +4.346744123e+000 +4.346744123e+000 +7.948674412e+001 +7.948674412e+001 +3.4775e-001 -2.0591e+000 +3.5602e+000 -2.6265e-001 -1.1616e+000 +3.6768e+000 +2.8302e+000 +1.4729e+000 -1.3184e+000 +5.7358e+000
371 +2.362671885e+000 +2.362671885e+000 +7.750267188e+001 +7.750267188e+001 +6.6125e-003 +2.6757e+000 -2.3426e-001 +2.7161e+000 +9.2549e-001 +2.9753e+000 +5.6895e+000 +2.5695e+000 +1.9348e+000 -1.7063e+000
1591 +1.919618480e+000 +1.919618480e+000 +7.705961848e+001 +7.705961848e+001 +1.1942e-001 +6.5199e-001 -4.2883e+000 -3.1234e+000 -2.3834e+000 +7.7513e-001 -2.3896e+000 +8.4695e-001 -3.2128e+000 -4.4485e+000
14859 +1.629483106e+000 +1.629483106e+000 +7.676948311e+001 +7.676948311e+001 +2.5675e+000 +4.6638e-001 +4.8310e-002 -1.4711e+000 -4.1316e-001 -1.7551e-001 -3.1504e+000 -4.0918e+000 -3.1271e-001 -1.6044e+000
35850 +1.284569700e+000 +1.284569700e+000 +7.642456970e+001 +7.642456970e+001 +2.7419e+000 +9.2339e-001 +2.1637e+000 +9.9815e-001 +3.3805e+000 +2.2256e+000 -1.5593e+000 -5.1672e+000 +3.5018e-001 -1.3835e+000
103868 +1.184489586e+000 +1.184489586e+000 +7.632448959e+001 +7.632448959e+001 +7.0802e-001 +1.8685e-002 +2.8423e-001 +7.1809e-001 -7.2745e-001 +4.3795e-001 -8.7772e-001 -4.0366e+000 -8.3626e-001 +1.8368e+000
408795 +9.834753371e-001 +9.834753371e-001 +7.612347534e+001 +7.612347534e+001 -2.1727e+000 -3.9985e+000 +2.9969e+000 -4.6107e+000 -3.0161e+000 +4.6980e+000 -2.2959e+000 -1.5037e+000 +1.1101e+000 -1.5440e+000
1522158 +9.391839011e-001 +9.391839011e-001 +7.607918390e+001 +7.607918390e+001 -5.8664e-001 +7.9384e-001 -1.3849e+000 -1.3160e+000 -2.1934e-002 -6.3050e-001 -4.7369e-001 +1.0632e+000 -2.6634e+000 -1.1352e+000
4863715 +9.002529371e-001 +9.002529371e-001 +7.604025294e+001 +7.604025294e+001 +5.2587e-001 -2.9997e+000 -1.8957e+000 +9.6564e-001 +1.6573e+000 +5.9867e-001 -5.3490e-001 +4.3082e+000 -1.6840e+000 -2.2410e+000
9672299 +8.279627236e-001 +8.279627236e-001 +7.596796272e+001 +7.596796272e+001 +2.9688e+000 +1.5441e-001 +4.2717e+000 +7.9440e-001 +2.2983e+000 +3.7099e+000 -1.9972e+000 -1.9516e+000 -5.1477e+000 +1.0850e+000
% function evaluation | noise-free fitness - Fopt (1.042500000000e+002) | best noise-free fitness - Fopt | measured fitness | best measured fitness | x1 | x2...
1 +2.137511684e+001 +2.137511684e+001 +1.256251168e+002 +1.256251168e+002 +1.8687e+000 +5.9238e+000 +3.5365e+000 +1.6118e+000 +2.5524e+000 +7.7073e-001 +7.3655e+000 -1.7818e+000 +5.8425e+000 +2.4587e+000
2 +1.837865360e+001 +1.837865360e+001 +1.226286536e+002 +1.226286536e+002 +3.3711e+000 -1.6471e-001 +5.8760e+000 +3.5842e+000 -1.5131e+000 +1.1395e+000 -3.6564e-002 -6.6371e+000 +5.0471e+000 +1.3012e-001
6 +8.833927993e+000 +8.833927993e+000 +1.130839280e+002 +1.130839280e+002 +2.4977e+000 -1.5614e+000 +1.6776e+000 +1.5339e+000 -3.2872e+000 +3.3903e+000 -2.7325e-001 -2.2476e+000 +3.3807e+000 +1.8070e+000
11 +5.085850038e+000 +5.085850038e+000 +1.093358500e+002 +1.093358500e+002 +4.2991e+000 -9.2992e-001 +2.0078e+000 -1.7032e+000 -6.5132e-001 +2.2419e+000 -1.6779e+000 -3.0295e+000 +4.0175e+000 +6.8690e+000
24 +4.372815670e+000 +4.372815670e+000 +1.086228157e+002 +1.086228157e+002 +5.4360e+000 +4.4565e+000 +2.0653e+000 +2.4999e+000 +3.6739e+000 +1.7838e-001 -2.1256e+000 -1.9035e+000 -2.5206e+000 +4.9415e+000
362 +2.680702831e+000 +2.680702831e+000 +1.069307028e+002 +1.069307028e+002 +4.5834e+000 -1.0028e+000 +2.7450e+000 +1.9243e+000 -3.9281e+000 -2.0523e+000 +1.3473e+000 -1.5454e+000 +8.6666e-002 -2.2817e+000
6247 +2.488349305e+000 +2.488349305e+000 +1.067383493e+002 +1.067383493e+002 +1.2444e+000 +1.3541e+000 +3.4166e+000 +4.1704e+000 -2.0859e+000 -2.5774e+000 +3.1605e+000 -1.8459e+000 +1.0927e+000 +2.2996e+000
8722 +2.082342222e+000 +2.082342222e+000 +1.063323422e+002 +1.063323422e+002 -5.1665e+000 -4.9893e-001 -3.2817e-001 +1.7848e+000 -1.2290e+000 -7.4366e-001 +1.3208e+000 +2.0538e+000 +4.1851e-001 +2.6120e+000
11833 +1.444684826e+000 +1.444684826e+000 +1.056946848e+002 +1.056946848e+002 +5.8798e-001 -2.0460e+000 -1.5810e+000 +5.7156e-001 -1.7771e+000 +1.3798e+000 +3.5894e+000 -1.6642e+000 -1.2134e+000 -2.7089e+000
14386 +8.644100049e-001 +8.644100049e-001 +1.051144100e+002 +1.051144100e+002 +1.8159e-002 +9.2039e-001 -2.9899e+000 -2.2173e+000 +1.5455e+000 +1.9156e+000 +9.1586e-001 -2.3838e+000 +2.3044e+000 +6.1065e-001
494200 +7.877529582e-001 +7.877529582e-001 +1.050377530e+002 +1.050377530e+002 -7.3743e-001 +1.1223e+000 -2.4126e+000 +3.5483e+000 +2.1833e-001 +1.6173e+000 -2.3326e+000 +2.2885e+000 -4.1473e-001 -8.6548e-001
6856695 +7.129403869e-001 +7.129403869e-001 +1.049629404e+002 +1.049629404e+002 +1.2056e+000 +3.2206e+000 +2.9583e+000 +2.3520e+000 +3.6265e+000 +2.2204e-002 -6.5222e-001 -3.2234e+000 +5.4596e-002 -1.1586e+000
% function evaluation | noise-free fitness - Fopt (-8.550000000000e+000) | best noise-free fitness - Fopt | measured fitness | best measured fitness | x1 | x2...
1 +1.949733827e+001 +1.949733827e+001 +1.094733827e+001 +1.094733827e+001 -5.4289e+000 -5.6984e-001 -1.3200e+000 -2.2781e+000 -3.0614e+000 -3.2260e+000 -2.5020e+000 +1.2668e+000 -2.2033e+000 -4.1957e+000
6 +8.830022858e+000 +8.830022858e+000 +2.800228579e-001 +2.800228579e-001 +1.2533e+000 -2.1313e+000 -1.0527e+000 -1.1844e+000 -2.6281e+000 +1.3825e+000 -1.8084e+000 +5.7386e+000 -1.2099e-001 -2.4271e+000
68 +8.468611373e+000 +8.468611373e+000 -8.138862738e-002 -8.138862738e-002 -3.1590e+000 -6.6298e-001 -4.0733e+000 -7.1215e-001 -1.8100e+000 -3.2782e+000 -3.2960e+000 +2.0751e+000 -4.8484e-001 -2.1823e+000
80 +5.870755177e+000 +5.870755177e+000 -2.679244823e+000 -2.679244823e+000 +2.7485e+000 +1.9948e-001 -7.5197e-001 -3.5115e+000 -2.2359e+000 -6.2464e+000 -2.5895e-001 -5.1453e+000 +4.7498e+000 -6.4853e-001
158 +2.182589355e+000 +2.182589355e+000 -6.367410645e+000 -6.367410645e+000 +1.7337e+000 -4.0938e-001 -2.3418e+000 -2.3829e+000 +1.9719e+000 -2.8378e+000 +1.8572e+000 -1.0568e+000 +4.7066e-001 +1.7430e-001
398 +1.408264839e+000 +1.408264839e+000 -7.141735161e+000 -7.141735161e+000 +2.4778e-001 +7.2545e-001 -7.3096e-001 -1.9079e+000 +1.1231e+000 +6.3190e-001 +3.5338e-002 -2.3210e+000 +4.0034e+000 +1.3809e+000
281693 +1.309217754e+000 +1.309217754e+000 -7.240782246e+000 -7.240782246e+000 +3.2178e+000 -1.5546e+000 -1.5073e+000 -2.2183e+000 -3.7772e+000 -2.6080e+000 +8.7340e-001 -1.2197e+000 +4.3038e-001 +3.1137e+000
464668 +1.177384068e+000 +1.177384068e+000 -7.372615932e+000 -7.372615932e+000 -7.2828e-001 +3.3980e+000 +4.8831e-001 +2.4956e+000 +2.9819e+000 +1.9515e+000 +5.2592e-001 +4.7522e-002 -1.2870e+000 -5.5182e-002
555871 +5.120359100e-001 +5.120359100e-001 -8.037964090e+000 -8.037964090e+000 +2.0765e+000 -1.7464e+000 -3.5943e+000 -5.0698e+000 -1.6765e-001 +6.9304e-001 -5.0612e-001 +9.3976e-002 +1.9799e+000 -5.2955e-001
% function evaluation | noise-free fitness - Fopt (-1.014500000000e+002) | best noise-free fitness - Fopt | measured fitness | best measured fitness | x1 | x2...
1 +3.149976399e+001 +3.149976399e+001 -6.995023601e+001 -6.995023601e+001 -2.8655e+000 -1.8496e+000 +4.0741e+000 -4.3336e-001 -7.6041e+000 +7.9869e-001 -2.1425e+000 -4.1522e+000 -4.1401e+000 -3.1842e+000
3 +1.652875850e+001 +1.652875850e+001 -8.492124150e+001 -8.492124150e+001 -2.2825e-002 -4.3333e-001 +4.1333e+000 -1.7748e+000 -2.5859e+000 -1.6343e+000 -4.6713e+000 -3.4413e+000 -3.7232e+000 -1.2812e+000
12 +1.211907026e+001 +1.211907026e+001 -8.933092974e+001 -8.933092974e+001 -2.6475e+000 -2.7317e+000 -2.8258e+000 +4.7667e+000 -1.6466e+000 -3.2679e+000 -3.2384e-002 -6.4594e+000 -3.0681e+000 +4.8850e+000
13 +8.817531791e+000 +8.817531791e+000 -9.263246821e+001 -9.263246821e+001 -1.8296e+000 -8.5837e-001 +6.0622e+000 +3.0560e+000 -5.2378e+000 +3.6840e+000 -5.4577e+000 -5.7933e+000 -2.9206e+000 -1.3494e+000
26 +5.313474312e+000 +5.313474312e+000 -9.613652569e+001 -9.613652569e+001 -3.0671e+000 -9.9566e-001 +3.5853e+000 +1.4023e+000 -2.8362e+000 +5.9565e-001 -4.1326e+000 -2.9160e+000 -3.7097e+000 -1.5929e+000
211 +4.011698549e+000 +4.011698549e+000 -9.743830145e+001 -9.743830145e+001 +1.5350e+000 -2.9340e+000 -9.6909e-001 +2.6855e+000 -1.6584e+000 +7.4600e-001 +3.4208e+000 -3.2436e+000 -4.1169e+000 -3.0835e+000
408 +3.565712411e+000 +3.565712411e+000 -9.788428759e+001 -9.788428759e+001 +4.1684e-001 -4.5812e+000 +1.7583e+000 +5.0733e+000 -2.2634e+000 +1.0426e+000 -5.3320e-001 -2.8071e-001 -3.2170e+000 -6.8718e-001
1761 +2.675734663e+000 +2.675734663e+000 -9.877426534e+001 -9.877426534e+001 +2.7736e+000 +4.3526e-001 +3.0989e+000 -1.2238e+000 -5.1739e+000 -3.7870e+000 +1.3465e-001 +2.8303e-001 -1.6709e+000 -2.3799e+000
5787 +2.250688972e+000 +2.250688972e+000 -9.919931103e+001 -9.919931103e+001 +3.4194e-001 -2.7221e+000 +2.5593e+000 +2.5290e+000 -7.3198e-005 -1.1250e+000 -1.2940e-003 +9.6390e-001 -2.5720e+000 -1.7545e+000
11816 +1.997235489e+000 +1.997235489e+000 -9.945276451e+001 -9.945276451e+001 +2.7771e+000 -1.6150e+000 -3.3775e+000 -4.1128e+000 +8.1259e-001 -1.7928e+000 -1.5880e+000 +3.2332e+000 +2.0363e+000 +5.8731e-001
15509 +1.895966048e+000 +1.895966048e+000 -9.955403395e+001 -9.955403395e+001 +3.6845e+000 +3.0439e+000 +5.9465e-001 -2.0586e+000 -1.6036e+000 -5.8399e-002 -9.5758e-001 -4.5015e-002 -5.0213e-001 -1.8627e-001
76837 +1.398399824e+000 +1.398399824e+000 -1.000516002e+002 -1.000516002e+002 +1.2075e+000 +1.8132e+000 +1.6871e+000 -1.7414e+000 +2.9962e+000 +1.3314e+000 +4.1872e+000 -9.5473e-002 +5.0850e-001 +1.4314e+000
180995 +1.174878015e+000 +1.174878015e+000 -1.002751220e+002 -1.002751220e+002 -7.5232e-001 +1.7677e+000 -2.2741e-001 +1.5429e+000 -1.7262e+000 -7.9393e-001 +2.7019e+000 -1.7666e+000 +2.6013e+000 -2.3577e+000
881270 +1.113905638e+000 +1.113905638e+000 -1.003360944e+002 -1.003360944e+002 -1.7260e-001 -2.0369e-002 -1.1474e+000 +4.7596e+000 -1.6395e+000 +9.8170e-001 +4.1863e+000 -3.4644e+000 +2.1224e+000 +1.4464e+000
1385859 +9.675723257e-001 +9.675723257e-001 -1.004824277e+002 -1.004824277e+002 +1.2483e+000 +1.2563e+000 -9.3025e-001 +2.1014e+000 -1.6235e-001 -2.8316e+000 -4.8497e-001 +9.9014e-001 +7.3135e-001 -8.4187e-002
2834322 +8.624699227e-001 +8.624699227e-001 -1.005875301e+002 -1.005875301e+002 +2.2559e-001 +1.4393e+000 +9.7660e-001 +6.3046e-001 -5.1654e-001 -1.6030e+000 -3.1724e+000 -3.8156e+000 -4.0685e+000 +3.3660e+000
5921214 +7.969024003e-001 +7.969024003e-001 -1.006530976e+002 -1.006530976e+002 +1.0203e+000 +1.5266e-001 +8.9225e-001 +3.2040e+000 +1.8265e+000 +1.9375e+000 +1.6172e+000 -2.7025e-001 +2.2511e-001 -2.1432e+000
