% function evaluation | noise-free fitness - Fopt (4.078000000000e+001) | best noise-free fitness - Fopt | measured fitness | best measured fitness | x1 | x2...
1 +8.188289549e+001 +8.188289549e+001 +1.226628955e+002 +1.226628955e+002 -3.4856e+000 +2.4980e+000 -3.8895e+000 +3.8799e+000 +8.5465e-001 -5.1016e+000 -1.3960e+000 -1.3525e+000 +9.6281e-001 +3.6067e+000
2 +7.416386677e+001 +7.416386677e+001 +1.149438668e+002 +1.149438668e+002 -3.8473e+000 +4.2202e-001 -1.7491e+000 -1.5933e+000 +7.1991e-001 +1.0694e+000 -3.1299e+000 -7.4464e-001 -4.4336e+000 +4.0235e+000
22 +7.002526474e+001 +7.002526474e+001 +1.108052647e+002 +1.108052647e+002 +2.4623e+000 +2.0881e+000 -2.9290e+000 +2.2605e+000 +3.9227e+000 +1.5520e+000 -1.3778e+000 -2.6800e+000 -6.6694e-001 -1.5177e+000
105 +5.893536603e+001 +5.893536603e+001 +9.971536603e+001 +9.971536603e+001 -1.3881e+000 -1.5006e+000 +6.4289e-002 +1.1706e+000 +2.5502e+000 +1.5352e+000 +2.8257e-001 -2.4628e-001 -1.5040e+000 +2.7225e+000
181 +4.776147528e+001 +4.776147528e+001 +8.854147528e+001 +8.854147528e+001 +2.8177e+000 +1.9546e+000 -1.1260e+000 +5.3189e-001 +2.9378e+000 +2.3795e-001 +1.9699e+000 -5.1100e+000 -1.2406e+000 +3.7284e-001
376 +3.024952275e+001 +3.024952275e+001 +7.102952275e+001 +7.102952275e+001 +1.5593e+000 +1.2125e+000 +2.6115e+000 -1.2629e+000 +3.5052e+000 +1.3322e+000 -7.4080e-001 -1.6807e+000 +6.5225e-001 +5.1824e+000
416 +2.757178180e+001 +2.757178180e+001 +6.835178180e+001 +6.835178180e+001 +2.8559e+000 +1.8628e+000 +1.8586e+000 -1.2630e+000 +2.3004e+000 +8.1201e-001 +2.0737e+000 -9.6044e-002 +7.0811e-002 +3.8485e+000
758 +2.698236396e+001 +2.698236396e+001 +6.776236396e+001 +6.776236396e+001 +3.0006e+000 +1.2736e+000 -1.6758e+000 +1.1551e+000 -6.4148e-002 -6.0072e-001 -6.1279e-001 -4.0314e+000 +1.9423e-001 +1.9648e+000
776 +2.005179960e+001 +2.005179960e+001 +6.083179960e+001 +6.083179960e+001 +3.3740e+000 +6.1334e-001 -2.1364e+000 +2.8072e+000 +7.2936e-001 -4.2913e-001 -9.3113e-001 -1.8198e+000 +6.7619e-001 +4.1894e+000
827 +1.980107997e+001 +1.980107997e+001 +6.058107997e+001 +6.058107997e+001 +2.7203e+000 +8.4251e-001 -1.6083e+000 +3.3468e+000 +2.8169e-001 +2.7504e-001 -9.4858e-001 -2.0614e+000 +1.6436e+000 +2.4218e+000
829 +1.884230242e+001 +1.884230242e+001 +5.962230242e+001 +5.962230242e+001 +2.8212e+000 +9.6334e-001 -3.4355e+000 +3.7857e-001 +6.5691e-001 +4.4123e-001 -2.6351e+000 -5.2890e+000 +5.2437e-001 +2.0690e+000
999 +1.572262669e+001 +1.572262669e+001 +5.650262669e+001 +5.650262669e+001 +3.1464e+000 +1.0520e+000 -1.2469e+000 +2.0493e+000 +7.9065e-001 +5.7297e-001 -1.1535e+000 -2.0746e+000 +1.0931e+000 +1.1555e+000
1073 +1.203400266e+001 +1.203400266e+001 +5.281400266e+001 +5.281400266e+001 +3.0725e+000 +1.7987e+000 -8.4726e-001 +2.7874e+000 +8.5847e-001 -3.6574e-001 -1.2677e+000 -3.3821e+000 +8.9580e-001 +2.7951e+000
1207 +1.078215104e+001 +1.078215104e+001 +5.156215104e+001 +5.156215104e+001 +3.3727e+000 +1.4667e+000 +3.2867e-002 +1.8841e+000 -1.1970e-001 -4.3032e-003 -7.9551e-001 -2.3860e+000 +3.8103e-001 +1.4286e+000
1278 +1.048684158e+001 +1.048684158e+001 +5.126684158e+001 +5.126684158e+001 +3.0786e+000 +1.3711e+000 -2.2221e-001 +1.9906e+000 +6.6573e-001 +4.0208e-002 -9.3533e-001 -2.4633e+000 +1.6591e+000 +2.4046e+000
1282 +1.004983437e+001 +1.004983437e+001 +5.082983437e+001 +5.082983437e+001 +3.0307e+000 +1.4010e+000 -7.7977e-002 +1.6265e+000 +3.4265e-001 +1.4540e-001 -9.4386e-001 -1.9519e+000 +7.7663e-001 +1.7187e+000
1297 +9.321282828e+000 +9.321282828e+000 +5.010128283e+001 +5.010128283e+001 +2.9742e+000 +1.3839e+000 -7.5632e-001 +2.0770e+000 +4.6913e-001 +4.1895e-002 -9.3257e-001 -2.2149e+000 +1.2247e+000 +2.6171e+000
1366 +8.362538916e+000 +8.362538916e+000 +4.914253892e+001 +4.914253892e+001 +2.9592e+000 +1.3333e+000 -4.3780e-001 +2.0533e+000 +4.1585e-001 -8.1118e-002 -9.2304e-001 -2.1633e+000 +1.0998e+000 +1.5711e+000
1408 +7.985746950e+000 +7.985746950e+000 +4.876574695e+001 +4.876574695e+001 +3.2257e+000 +1.4777e+000 -9.8298e-001 +2.0006e+000 +4.8981e-001 -4.1326e-002 -7.7108e-001 -2.6620e+000 +4.3839e-001 +1.2094e+000
1518 +7.710514604e+000 +7.710514604e+000 +4.849051460e+001 +4.849051460e+001 +3.1231e+000 +1.5986e+000 -5.1236e-001 +2.3879e+000 +4.9545e-001 -3.5502e-001 -8.6867e-001 -2.8406e+000 +8.2007e-001 +2.2004e+000
1553 +7.439400616e+000 +7.439400616e+000 +4.821940062e+001 +4.821940062e+001 +3.2931e+000 +1.4831e+000 -7.8812e-001 +2.3379e+000 +4.4385e-001 -4.7836e-001 -8.6747e-001 -3.1016e+000 +8.8326e-001 +1.1488e+000
1557 +7.007223214e+000 +7.007223214e+000 +4.778722321e+001 +4.778722321e+001 +2.8709e+000 +1.7176e+000 -7.5188e-001 +2.1272e+000 +4.2144e-001 -3.4419e-001 -7.6908e-001 -3.1804e+000 +8.4098e-001 +9.7575e-001
1591 +6.090831831e+000 +6.090831831e+000 +4.687083183e+001 +4.687083183e+001 +3.2602e+000 +1.5494e+000 -5.2989e-001 +2.3465e+000 +4.3271e-001 -1.7041e-001 -5.7053e-001 -2.8590e+000 +1.0723e+000 +1.1993e+000
1781 +5.881635098e+000 +5.881635098e+000 +4.666163510e+001 +4.666163510e+001 +3.1636e+000 +1.5384e+000 -4.8824e-001 +2.1901e+000 +5.1435e-001 -5.3666e-001 -6.1825e-001 -2.7411e+000 +9.4415e-001 +1.2081e+000
1852 +5.706477278e+000 +5.706477278e+000 +4.648647728e+001 +4.648647728e+001 +3.2302e+000 +1.4067e+000 -2.2817e-001 +2.2944e+000 +3.8333e-001 -5.5387e-001 -6.4831e-001 -2.7417e+000 +1.2459e+000 +8.8236e-001
1866 +5.533081879e+000 +5.533081879e+000 +4.631308188e+001 +4.631308188e+001 +3.2558e+000 +1.5445e+000 -5.2652e-001 +2.2581e+000 +5.1184e-001 -4.8567e-001 -6.8397e-001 -2.9714e+000 +1.1832e+000 +9.9164e-001
1874 +5.368671149e+000 +5.368671149e+000 +4.614867115e+001 +4.614867115e+001 +3.4005e+000 +2.0293e+000 -3.4373e-001 +2.1289e+000 +3.7709e-001 -8.1461e-001 -5.7148e-001 -3.0772e+000 +9.7103e-001 +1.5872e+000
1957 +5.160396523e+000 +5.160396523e+000 +4.594039652e+001 +4.594039652e+001 +3.2601e+000 +1.7375e+000 -4.4825e-001 +2.1667e+000 +5.3931e-001 -5.3147e-001 -5.7059e-001 -3.0507e+000 +1.0285e+000 +1.1864e+000
1984 +5.059735712e+000 +5.059735712e+000 +4.583973571e+001 +4.583973571e+001 +3.0806e+000 +1.6379e+000 -3.1794e-001 +2.2148e+000 +4.1385e-001 -5.1143e-001 -5.0410e-001 -3.0114e+000 +9.9575e-001 +1.1892e+000
1992 +4.832732810e+000 +4.832732810e+000 +4.561273281e+001 +4.561273281e+001 +3.2945e+000 +1.6506e+000 -4.3437e-001 +2.2043e+000 +3.9919e-001 -4.5066e-001 -5.5335e-001 -3.0707e+000 +1.0111e+000 +8.1339e-001
2009 +4.635887122e+000 +4.635887122e+000 +4.541588712e+001 +4.541588712e+001 +3.2329e+000 +1.6642e+000 -4.9124e-001 +2.2238e+000 +4.1311e-001 -5.1145e-001 -4.9207e-001 -2.9641e+000 +1.0267e+000 +1.1382e+000
2035 +4.380942422e+000 +4.380942422e+000 +4.516094242e+001 +4.516094242e+001 +3.0474e+000 +1.7589e+000 -3.9233e-001 +2.3006e+000 +3.3892e-001 -6.8812e-001 -5.4321e-001 -2.9872e+000 +1.0295e+000 +1.1339e+000
2055 +3.707938852e+000 +3.707938852e+000 +4.448793885e+001 +4.448793885e+001 +3.2372e+000 +1.7186e+000 -3.7676e-001 +2.2770e+000 +3.1793e-001 -7.1582e-001 -4.6906e-001 -3.2397e+000 +1.0246e+000 +1.1260e+000
2180 +3.614122857e+000 +3.614122857e+000 +4.439412286e+001 +4.439412286e+001 +3.2922e+000 +1.6710e+000 -4.4108e-001 +2.3059e+000 +2.2283e-001 -6.5142e-001 -3.7993e-001 -3.1402e+000 +1.0101e+000 +1.0750e+000
2209 +3.373241132e+000 +3.373241132e+000 +4.415324113e+001 +4.415324113e+001 +3.2769e+000 +1.7116e+000 -5.0317e-001 +2.2307e+000 +3.0891e-001 -8.8224e-001 -3.8327e-001 -3.1444e+000 +1.0058e+000 +1.3214e+000
2280 +3.279261193e+000 +3.279261193e+000 +4.405926119e+001 +4.405926119e+001 +3.3601e+000 +1.6843e+000 -4.6894e-001 +2.2458e+000 +2.1023e-001 -7.3041e-001 -2.5710e-001 -3.2008e+000 +1.0252e+000 +1.2251e+000
2339 +3.048813005e+000 +3.048813005e+000 +4.382881301e+001 +4.382881301e+001 +3.3598e+000 +1.7169e+000 -5.6406e-001 +2.2797e+000 +3.2301e-001 -9.5143e-001 -3.5973e-001 -3.3609e+000 +1.0572e+000 +1.1682e+000
2354 +2.935615164e+000 +2.935615164e+000 +4.371561516e+001 +4.371561516e+001 +3.4695e+000 +1.7232e+000 -5.0056e-001 +2.2754e+000 +3.1420e-001 -1.0017e+000 -2.5537e-001 -3.3047e+000 +1.0763e+000 +1.0902e+000
2414 +2.844569896e+000 +2.844569896e+000 +4.362456990e+001 +4.362456990e+001 +3.3318e+000 +1.7511e+000 -4.8739e-001 +2.2779e+000 +1.7301e-001 -9.2896e-001 -2.5432e-001 -3.2504e+000 +1.1419e+000 +1.1577e+000
2451 +2.804513567e+000 +2.804513567e+000 +4.358451357e+001 +4.358451357e+001 +3.3412e+000 +1.7649e+000 -4.6216e-001 +2.1738e+000 +2.4815e-001 -9.9023e-001 -2.6686e-001 -3.2779e+000 +1.1022e+000 +1.0415e+000
2519 +2.729874992e+000 +2.729874992e+000 +4.350987499e+001 +4.350987499e+001 +3.3471e+000 +1.7829e+000 -3.3441e-001 +2.2165e+000 +1.9125e-001 -9.8695e-001 -2.8574e-001 -3.3348e+000 +1.0836e+000 +1.0188e+000
2575 +2.689088093e+000 +2.689088093e+000 +4.346908809e+001 +4.346908809e+001 +3.4265e+000 +1.7906e+000 -5.4144e-001 +2.0956e+000 +2.0676e-001 -1.0461e+000 -1.8589e-001 -3.4248e+000 +1.1005e+000 +9.7292e-001
2610 +2.618882829e+000 +2.618882829e+000 +4.339888283e+001 +4.339888283e+001 +3.4635e+000 +1.7535e+000 -5.3446e-001 +2.0750e+000 +2.1541e-001 -1.1906e+000 -2.5383e-001 -3.4074e+000 +1.0400e+000 +1.0418e+000
2760 +2.539805155e+000 +2.539805155e+000 +4.331980516e+001 +4.331980516e+001 +3.4762e+000 +1.8076e+000 -4.9983e-001 +2.1080e+000 +2.0891e-001 -1.1388e+000 -2.0827e-001 -3.4749e+000 +1.0677e+000 +9.8084e-001
2803 +2.483401048e+000 +2.483401048e+000 +4.326340105e+001 +4.326340105e+001 +3.3834e+000 +1.8767e+000 -4.6815e-001 +2.1322e+000 +1.8893e-001 -1.1835e+000 -2.1878e-001 -3.5502e+000 +1.0399e+000 +1.0005e+000
2898 +2.428363609e+000 +2.428363609e+000 +4.320836361e+001 +4.320836361e+001 +3.4085e+000 +1.9613e+000 -4.4085e-001 +2.0254e+000 +1.3331e-001 -1.2669e+000 -2.1269e-001 -3.5637e+000 +1.0807e+000 +1.0446e+000
3009 +2.374606929e+000 +2.374606929e+000 +4.315460693e+001 +4.315460693e+001 +3.3914e+000 +1.9857e+000 -2.6067e-001 +2.1659e+000 +6.3665e-002 -1.2399e+000 -2.0347e-001 -3.5958e+000 +1.1668e+000 +8.1922e-001
3221 +2.330653223e+000 +2.330653223e+000 +4.311065322e+001 +4.311065322e+001 +3.4353e+000 +1.9448e+000 -3.9683e-001 +2.1428e+000 +4.4344e-002 -1.3217e+000 -1.0069e-001 -3.6260e+000 +1.1267e+000 +9.4468e-001
3805 +2.288958845e+000 +2.288958845e+000 +4.306895885e+001 +4.306895885e+001 +3.5008e+000 +1.9569e+000 -2.3394e-001 +2.0457e+000 +5.8854e-002 -1.4727e+000 -9.0406e-002 -3.6476e+000 +1.2118e+000 +8.4423e-001
% function evaluation | noise-free fitness - Fopt (-1.600000000000e+000) | best noise-free fitness - Fopt | measured fitness | best measured fitness | x1 | x2...
1 +8.476271245e+001 +8.476271245e+001 +8.316271245e+001 +8.316271245e+001 +9.7348e-001 +2.5640e+000 +4.1249e+000 +3.5977e-001 -1.1699e+000 +1.9103e+000 -5.0880e+000 +7.1368e-001 +5.3836e+000 -5.5929e+000
2 +8.008249000e+001 +8.008249000e+001 +7.848249000e+001 +7.848249000e+001 -5.1822e-001 +1.0141e+000 +1.1495e+000 -1.5402e+000 +5.7895e-001 +2.7579e+000 -3.9895e+000 -3.3958e+000 +5.2157e+000 -1.3508e+000
3 +7.765103274e+001 +7.765103274e+001 +7.605103274e+001 +7.605103274e+001 -2.3263e+000 +1.5462e+000 +4.3995e+000 -6.3356e-001 -7.5364e-001 +1.8401e-001 -1.8963e+000 -1.1621e+000 +1.8107e+000 -1.9679e+000
53 +7.748542580e+001 +7.748542580e+001 +7.588542580e+001 +7.588542580e+001 -2.4376e+000 +1.3722e-001 +4.7773e-001 -3.7841e+000 +1.7307e+000 +2.0193e+000 -5.6790e+000 -1.8029e-001 +4.0927e+000 -3.8444e+000
60 +7.453244670e+001 +7.453244670e+001 +7.293244670e+001 +7.293244670e+001 -3.4433e+000 +2.7166e+000 +2.3453e+000 -1.0626e+000 +2.3720e+000 +3.3921e+000 -4.3713e+000 -2.6172e+000 +3.5147e+000 -5.6205e-001
62 +7.125018229e+001 +7.125018229e+001 +6.965018229e+001 +6.965018229e+001 -2.7384e+000 +1.2509e-001 +2.8157e+000 +1.5840e+000 -1.2982e+000 +3.4217e+000 -2.7472e+000 +2.1907e+000 +5.5838e+000 -1.6505e+000
90 +6.908178014e+001 +6.908178014e+001 +6.748178014e+001 +6.748178014e+001 -2.9818e+000 +9.9521e-001 +4.1631e+000 +6.2591e-002 +1.7206e+000 +1.2488e+000 -3.8837e+000 +1.8260e-001 +5.5328e+000 -2.4965e+000
105 +6.639993387e+001 +6.639993387e+001 +6.479993387e+001 +6.479993387e+001 -2.9292e+000 +6.8629e-001 +6.4510e+000 -8.9063e-001 +6.0922e-001 +1.6654e+000 +1.3647e+000 +6.7073e-001 +4.3513e+000 -2.8003e+000
121 +6.080682936e+001 +6.080682936e+001 +5.920682936e+001 +5.920682936e+001 -1.9877e+000 +1.9751e+000 +4.5313e+000 -2.4511e+000 -7.8183e-001 +2.4658e+000 -2.0728e+000 -1.4829e-001 +5.4402e+000 -2.1944e+000
160 +3.871507670e+001 +3.871507670e+001 +3.711507670e+001 +3.711507670e+001 -2.1397e+000 +1.6621e-001 +2.8134e+000 -1.9975e+000 +7.7387e-001 +2.1353e+000 -6.1946e-001 +2.7115e+000 +5.4096e+000 -2.2649e+000
242 +2.391643796e+001 +2.391643796e+001 +2.231643796e+001 +2.231643796e+001 -4.3433e+000 +3.4910e+000 +4.4160e+000 -1.1526e+000 +2.1519e+000 +1.5062e+000 +4.2591e-001 +1.9431e+000 +4.0236e+000 -1.0878e+000
285 +1.992572507e+001 +1.992572507e+001 +1.832572507e+001 +1.832572507e+001 -3.8723e+000 +2.2132e-001 +2.6552e+000 -1.4335e+000 +3.1263e+000 +2.0373e+000 +1.7442e+000 +1.6643e+000 +4.1869e+000 -1.3351e+000
312 +1.840331490e+001 +1.840331490e+001 +1.680331490e+001 +1.680331490e+001 -3.7070e+000 +1.3745e+000 +3.7797e+000 -1.8193e+000 +1.9099e+000 +3.8017e+000 +4.5407e-001 +1.4930e+000 +2.1686e+000 -1.0817e+000
322 +1.288251497e+001 +1.288251497e+001 +1.128251497e+001 +1.128251497e+001 -4.9516e+000 +6.7100e-001 +3.2238e+000 -3.1117e+000 +3.3721e+000 +1.3674e+000 -8.5542e-001 +2.2934e+000 +4.4973e+000 -1.7078e+000
430 +1.093268894e+001 +1.093268894e+001 +9.332688942e+000 +9.332688942e+000 -3.8304e+000 +6.3684e-001 +3.1353e+000 -2.4485e+000 +2.1180e+000 +1.7096e+000 +5.9486e-001 +1.7646e+000 +3.9655e+000 -8.4916e-001
467 +9.683273984e+000 +9.683273984e+000 +8.083273984e+000 +8.083273984e+000 -4.0576e+000 +9.8639e-001 +3.4336e+000 -2.1649e+000 +2.4662e+000 +1.9264e+000 -5.1286e-001 +1.8443e+000 +3.6609e+000 -4.2458e-001
481 +6.241451144e+000 +6.241451144e+000 +4.641451144e+000 +4.641451144e+000 -4.1743e+000 +1.6570e+000 +3.2446e+000 -2.0062e+000 +2.0948e+000 +2.5434e+000 +3.7973e-001 +1.7503e+000 +3.8013e+000 -2.0211e+000
536 +5.350996289e+000 +5.350996289e+000 +3.750996289e+000 +3.750996289e+000 -3.8033e+000 +1.2911e+000 +3.2795e+000 -1.9250e+000 +2.0726e+000 +2.9050e+000 +7.0655e-001 +1.8324e+000 +3.8230e+000 -1.3061e+000
619 +4.772763150e+000 +4.772763150e+000 +3.172763150e+000 +3.172763150e+000 -4.0096e+000 +1.5203e+000 +3.1548e+000 -2.0281e+000 +2.9042e+000 +3.0002e+000 +1.1081e+000 +2.0834e+000 +4.1059e+000 -5.7521e-001
638 +4.283068962e+000 +4.283068962e+000 +2.683068962e+000 +2.683068962e+000 -3.9416e+000 +1.3278e+000 +2.9793e+000 -1.9903e+000 +2.7100e+000 +2.9970e+000 +7.5896e-001 +2.0138e+000 +4.7862e+000 -1.1426e+000
690 +3.104086957e+000 +3.104086957e+000 +1.504086957e+000 +1.504086957e+000 -4.0701e+000 +1.3767e+000 +3.6544e+000 -1.9220e+000 +2.3503e+000 +2.7981e+000 +1.0694e+000 +2.5079e+000 +4.2884e+000 -1.1745e+000
701 +2.810922794e+000 +2.810922794e+000 +1.210922794e+000 +1.210922794e+000 -4.2051e+000 +1.2806e+000 +3.9212e+000 -1.9999e+000 +2.5033e+000 +3.1387e+000 +1.0552e+000 +2.4813e+000 +4.6216e+000 -1.3016e+000
791 +2.670439196e+000 +2.670439196e+000 +1.070439196e+000 +1.070439196e+000 -4.2284e+000 +1.4298e+000 +3.2547e+000 -2.3740e+000 +2.4436e+000 +3.2449e+000 +8.3847e-001 +2.2714e+000 +4.6193e+000 -9.0350e-001
922 +2.488515508e+000 +2.488515508e+000 +8.885155082e-001 +8.885155082e-001 -4.0784e+000 +1.5604e+000 +3.3493e+000 -2.1919e+000 +2.3681e+000 +3.0597e+000 +2.8739e-001 +2.1653e+000 +4.6239e+000 -1.2541e+000
934 +2.436603993e+000 +2.436603993e+000 +8.366039930e-001 +8.366039930e-001 -4.0816e+000 +1.5073e+000 +3.2983e+000 -2.1221e+000 +2.6940e+000 +3.2414e+000 +5.8704e-001 +2.1424e+000 +4.4212e+000 -1.1124e+000
956 +2.327093152e+000 +2.327093152e+000 +7.270931524e-001 +7.270931524e-001 -4.1592e+000 +1.4388e+000 +3.3879e+000 -2.1095e+000 +2.3650e+000 +3.0986e+000 +6.3575e-001 +2.3664e+000 +4.4505e+000 -1.2063e+000
1039 +2.207422028e+000 +2.207422028e+000 +6.074220279e-001 +6.074220279e-001 -4.3671e+000 +1.6163e+000 +3.4432e+000 -2.1550e+000 +2.5476e+000 +3.0077e+000 +1.1970e+000 +2.3047e+000 +4.5028e+000 -1.1665e+000
1040 +2.172230773e+000 +2.172230773e+000 +5.722307734e-001 +5.722307734e-001 -4.1864e+000 +1.6485e+000 +3.5292e+000 -2.1354e+000 +2.5068e+000 +3.3112e+000 +6.4086e-001 +2.3292e+000 +4.3141e+000 -1.2978e+000
1137 +2.082478867e+000 +2.082478867e+000 +4.824788674e-001 +4.824788674e-001 -4.1952e+000 +1.7598e+000 +3.8130e+000 -2.1623e+000 +2.7305e+000 +3.1475e+000 +6.9209e-001 +2.1261e+000 +4.2608e+000 -1.2052e+000
1270 +2.028298257e+000 +2.028298257e+000 +4.282982571e-001 +4.282982571e-001 -4.3152e+000 +1.7995e+000 +3.5866e+000 -2.3109e+000 +2.5886e+000 +3.0634e+000 +6.1303e-001 +2.1146e+000 +4.1841e+000 -1.2648e+000
1418 +1.993574155e+000 +1.993574155e+000 +3.935741554e-001 +3.935741554e-001 -4.4443e+000 +1.8908e+000 +3.6824e+000 -2.5013e+000 +2.4684e+000 +2.9984e+000 +5.8106e-001 +2.1776e+000 +4.2822e+000 -1.3195e+000
1812 +1.947688264e+000 +1.947688264e+000 +3.476882636e-001 +3.476882636e-001 -4.5580e+000 +1.9047e+000 +3.8328e+000 -2.7546e+000 +2.6021e+000 +2.9240e+000 +7.0804e-001 +2.2021e+000 +4.3027e+000 -1.4142e+000
% function evaluation | noise-free fitness - Fopt (-3.708400000000e+002) | best noise-free fitness - Fopt | measured fitness | best measured fitness | x1 | x2...
1 +8.046999039e+001 +8.046999039e+001 -2.903700096e+002 -2.903700096e+002 -3.8047e+000 -5.6787e-001 -2.0435e+000 -1.6029e+000 +1.8746e+000 +2.2446e+000 -2.1057e+000 +1.6472e+000 -4.5472e+000 +2.8487e+000
15 +7.514819423e+001 +7.514819423e+001 -2.956918058e+002 -2.956918058e+002 -5.6323e+000 -1.3706e+000 -7.3442e-001 -1.9794e+000 +1.3602e+000 +8.1895e-001 -3.8810e-001 +9.5727e-001 +6.2305e-001 +2.5320e+000
41 +6.426718787e+001 +6.426718787e+001 -3.065728121e+002 -3.065728121e+002 -5.2203e+000 -1.2326e+000 +6.5135e-001 -3.8879e+000 +1.6926e+000 +8.8319e-001 -2.5098e+000 +5.1544e+000 +6.9854e-001 +2.9195e+000
54 +4.863006345e+001 +4.863006345e+001 -3.222099365e+002 -3.222099365e+002 +1.1110e+000 -2.9424e+000 -9.3476e-001 +2.0998e+000 -8.4363e-001 -1.6401e-001 -1.8786e+000 +3.7621e-001 -2.6974e-001 -7.9578e-002
421 +3.397762414e+001 +3.397762414e+001 -3.368623759e+002 -3.368623759e+002 -8.2509e-001 -8.9391e-001 +3.3532e+000 -1.0309e-001 +1.1657e+000 +1.3581e+000 -1.5710e+000 -7.4876e-001 -2.2828e+000 +3.5693e+000
509 +3.352187819e+001 +3.352187819e+001 -3.373181218e+002 -3.373181218e+002 +7.2648e-001 -1.3191e-001 +3.2781e+000 -8.8835e-001 +6.6518e-002 +1.8653e+000 -8.0658e-001 +4.3027e-001 -8.7406e-001 +1.1258e+000
675 +3.243283846e+001 +3.243283846e+001 -3.384071615e+002 -3.384071615e+002 -1.5673e+000 -2.5343e-001 +4.9776e+000 -8.4918e-001 +9.8640e-001 +2.3433e-001 -2.8284e+000 +2.8446e+000 -3.4835e-001 +5.7688e-001
722 +2.892007544e+001 +2.892007544e+001 -3.419199246e+002 -3.419199246e+002 -2.8125e-001 -1.7227e+000 +4.5900e+000 -7.8202e-001 +3.8567e-001 +9.2221e-001 -9.6205e-001 +4.0933e-001 -6.7531e-001 +2.1963e+000
732 +2.340290686e+001 +2.340290686e+001 -3.474370931e+002 -3.474370931e+002 -4.4700e-001 -2.0345e-001 +3.8668e+000 -8.3695e-001 +7.2077e-001 +9.8808e-001 -1.9670e+000 +1.2305e+000 +4.6786e-001 +1.1299e+000
778 +2.050648407e+001 +2.050648407e+001 -3.503335159e+002 -3.503335159e+002 -5.2796e-001 -5.4081e-001 +3.9623e+000 -2.2371e+000 +9.9274e-001 +1.1018e+000 -1.5584e+000 +1.7128e-001 -2.0340e-001 +1.2041e+000
797 +1.914304414e+001 +1.914304414e+001 -3.516969559e+002 -3.516969559e+002 +6.9863e-001 -8.6017e-001 +4.9624e+000 -5.6759e-001 +1.0343e+000 +1.0913e+000 -1.7297e+000 +6.3708e-001 -9.0060e-001 +1.1311e+000
805 +1.149506988e+001 +1.149506988e+001 -3.593449301e+002 -3.593449301e+002 +1.0660e+000 -6.7096e-001 +4.0032e+000 -5.8923e-001 +2.0038e+000 +1.7373e+000 -1.7331e+000 +6.4555e-001 +2.2684e-002 +2.3080e+000
1008 +1.135807991e+001 +1.135807991e+001 -3.594819201e+002 -3.594819201e+002 +3.5091e-001 -2.6239e-001 +5.0270e+000 -5.7797e-001 +9.9348e-001 +1.1889e+000 -1.5826e+000 +1.4731e+000 -7.7431e-001 +2.3790e+000
1074 +1.003770494e+001 +1.003770494e+001 -3.608022951e+002 -3.608022951e+002 +5.4180e-001 -2.3454e-001 +4.3781e+000 -9.5881e-001 +1.0560e+000 +1.3094e+000 -2.0610e+000 +6.7165e-001 -1.0518e+000 +2.1580e+000
1147 +9.061244739e+000 +9.061244739e+000 -3.617787553e+002 -3.617787553e+002 +2.2746e-001 -1.4713e-001 +4.2991e+000 -7.7213e-001 +1.1156e+000 +1.4657e+000 -2.0025e+000 +1.3783e+000 -1.0929e+000 +2.6301e+000
1152 +7.365928067e+000 +7.365928067e+000 -3.634740719e+002 -3.634740719e+002 +6.1679e-001 -2.7821e-001 +4.7086e+000 -8.9304e-001 +1.7227e+000 +1.3924e+000 -2.3214e+000 +1.1396e+000 -1.5676e+000 +2.2317e+000
1326 +7.133719536e+000 +7.133719536e+000 -3.637062805e+002 -3.637062805e+002 +4.8412e-001 -3.2388e-001 +4.6974e+000 -1.0617e+000 +1.5031e+000 +1.3759e+000 -1.9141e+000 +1.0689e+000 -9.3013e-001 +2.6418e+000
1352 +2.954786302e+000 +2.954786302e+000 -3.678852137e+002 -3.678852137e+002 +3.1063e-002 -3.3332e-001 +4.6158e+000 -1.0826e+000 +2.2445e+000 +1.4793e+000 -2.0746e+000 +1.1794e+000 -1.2942e+000 +2.2624e+000
1460 +2.859536256e+000 +2.859536256e+000 -3.679804637e+002 -3.679804637e+002 +2.5362e-001 -2.3532e-001 +4.2831e+000 -1.1219e+000 +2.2634e+000 +1.4657e+000 -1.7651e+000 +8.5553e-001 -9.6027e-001 +2.3341e+000
1476 +2.554390024e+000 +2.554390024e+000 -3.682856100e+002 -3.682856100e+002 +2.5343e-001 -9.0421e-002 +4.3961e+000 -1.4573e+000 +2.4587e+000 +1.3898e+000 -1.8664e+000 +1.3120e+000 -9.6120e-001 +2.0838e+000
1513 +2.442928490e+000 +2.442928490e+000 -3.683970715e+002 -3.683970715e+002 +2.4106e-001 -8.8139e-003 +4.4327e+000 -9.2499e-001 +2.6266e+000 +1.4454e+000 -1.9893e+000 +1.2276e+000 -9.8753e-001 +1.9038e+000
1549 +2.172121760e+000 +2.172121760e+000 -3.686678782e+002 -3.686678782e+002 +2.5039e-001 -4.3143e-002 +4.5328e+000 -1.1192e+000 +2.6817e+000 +1.3693e+000 -1.6905e+000 +8.8631e-001 -9.1565e-001 +2.2718e+000
1575 +2.055891954e+000 +2.055891954e+000 -3.687841080e+002 -3.687841080e+002 -5.3318e-002 -5.6926e-002 +4.2486e+000 -8.4522e-001 +2.9616e+000 +1.2140e+000 -1.7501e+000 +1.0838e+000 -9.4397e-001 +2.3530e+000
1710 +2.030895936e+000 +2.030895936e+000 -3.688091041e+002 -3.688091041e+002 +2.5787e-001 -1.0221e-001 +4.6452e+000 -1.0139e+000 +2.7432e+000 +1.3852e+000 -1.9431e+000 +1.1056e+000 -1.0094e+000 +2.6079e+000
1772 +1.962109973e+000 +1.962109973e+000 -3.688778900e+002 -3.688778900e+002 +1.3831e-001 -4.3823e-001 +4.3900e+000 -1.0899e+000 +2.8665e+000 +1.1838e+000 -1.9716e+000 +1.3811e+000 -9.4939e-001 +2.6723e+000
1911 +1.928463639e+000 +1.928463639e+000 -3.689115364e+002 -3.689115364e+002 +2.2469e-001 -3.2593e-001 +4.3925e+000 -9.3624e-001 +3.0366e+000 +1.2004e+000 -2.0624e+000 +1.2552e+000 -9.5874e-001 +2.5428e+000
2088 +1.901309068e+000 +1.901309068e+000 -3.689386909e+002 -3.689386909e+002 +2.3599e-001 -3.1092e-001 +4.4338e+000 -1.0482e+000 +3.3686e+000 +1.1434e+000 -1.9659e+000 +1.4133e+000 -8.2993e-001 +2.6265e+000
2336 +1.850344365e+000 +1.850344365e+000 -3.689896556e+002 -3.689896556e+002 +2.3902e-001 -4.4117e-001 +4.5846e+000 -9.6253e-001 +3.2391e+000 +1.1080e+000 -2.0676e+000 +1.4263e+000 -8.2756e-001 +2.6639e+000
2477 +1.819233374e+000 +1.819233374e+000 -3.690207666e+002 -3.690207666e+002 +1.7736e-001 -3.8680e-001 +4.5747e+000 -9.3785e-001 +3.2679e+000 +9.9118e-001 -2.0270e+000 +1.3783e+000 -8.3277e-001 +2.5978e+000
% function evaluation | noise-free fitness - Fopt (-3.256000000000e+001) | best noise-free fitness - Fopt | measured fitness | best measured fitness | x1 | x2...
1 +8.205435238e+001 +8.205435238e+001 +4.949435238e+001 +4.949435238e+001 -3.2027e+000 +1.7282e-001 +1.7420e+000 -1.9475e+000 +4.8638e+000 +3.0621e+000 -2.1645e+000 +3.8703e+000 -5.1861e+000 +1.8998e+000
4 +7.971349196e+001 +7.971349196e+001 +4.715349196e+001 +4.715349196e+001 +2.9375e+000 -4.3211e+000 +1.5096e+000 -5.3390e+000 +1.7091e+000 +3.8671e+000 -5.0257e+000 +3.4944e-001 -3.1896e+000 -1.4657e+000
52 +7.854043767e+001 +7.854043767e+001 +4.598043767e+001 +4.598043767e+001 +1.5457e+000 +1.3801e+000 +4.3453e-001 -5.0609e+000 +7.5156e-001 +1.5701e+000 -3.0975e+000 +1.8350e+000 -3.6026e+000 -4.5801e-001
58 +7.590130468e+001 +7.590130468e+001 +4.334130468e+001 +4.334130468e+001 -5.9220e+000 +1.7236e+000 +2.9733e+000 -6.1515e-001 +1.6124e+000 +2.3859e+000 +1.1751e+000 +2.7867e+000 -5.7629e+000 +1.6839e+000
61 +6.260381920e+001 +6.260381920e+001 +3.004381920e+001 +3.004381920e+001 +4.8852e-001 +6.5659e-001 +2.0553e+000 +5.6029e-001 +7.4424e-001 +2.5556e+000 +5.5130e-001 +2.4234e+000 -1.6130e+000 -1.7830e-001
120 +5.716768975e+001 +5.716768975e+001 +2.460768975e+001 +2.460768975e+001 +3.3379e+000 +6.9418e-001 -1.5688e+000 -1.0745e-001 -5.5042e-001 +2.1452e+000 +5.0108e-001 +1.4925e+000 -1.1129e+000 +1.9688e+000
204 +5.282998996e+001 +5.282998996e+001 +2.026998996e+001 +2.026998996e+001 +9.1273e-001 -3.2447e-002 +2.3330e+000 +2.7731e+000 -2.0454e-001 +5.0936e+000 +2.5742e+000 +1.8826e+000 -2.0373e+000 +1.3755e+000
242 +4.747811652e+001 +4.747811652e+001 +1.491811652e+001 +1.491811652e+001 +4.9728e-001 -2.0302e+000 +2.9490e+000 +5.2951e+000 -4.6571e-001 +3.5427e+000 +2.9991e+000 +3.5645e+000 -2.3089e+000 +5.6983e-001
516 +4.508752860e+001 +4.508752860e+001 +1.252752860e+001 +1.252752860e+001 +8.5891e-001 -1.1471e+000 +1.0084e+000 +1.5008e+000 +1.7270e+000 +1.2879e+000 +1.2721e+000 +2.7810e+000 -4.9615e-001 +1.1142e+000
586 +2.461573313e+001 +2.461573313e+001 -7.944266870e+000 -7.944266870e+000 +1.6811e+000 -1.4972e+000 +1.5527e+000 +1.0920e+000 -6.7139e-001 +3.1999e+000 +1.5810e+000 +4.7133e+000 -1.6090e+000 +8.6635e-001
602 +2.285795572e+001 +2.285795572e+001 -9.702044275e+000 -9.702044275e+000 +2.2185e+000 -8.5424e-001 +1.8299e+000 +1.5505e+000 +1.6499e+000 +2.4908e+000 +1.9396e+000 +3.7995e+000 -1.1881e+000 +9.6982e-001
604 +1.901295983e+001 +1.901295983e+001 -1.354704017e+001 -1.354704017e+001 +1.5713e+000 -1.0179e+000 +2.0993e+000 +1.6822e+000 +1.2109e+000 +3.4097e+000 +8.0470e-001 +3.6925e+000 -2.2866e+000 +6.1344e-001
648 +1.579604067e+001 +1.579604067e+001 -1.676395933e+001 -1.676395933e+001 +2.9933e+000 +4.7154e-002 +1.4616e+000 +2.6279e+000 +7.3721e-002 +2.5548e+000 +7.2954e-002 +3.8801e+000 -1.3571e+000 +7.3147e-001
670 +1.483796458e+001 +1.483796458e+001 -1.772203542e+001 -1.772203542e+001 +1.8510e+000 -1.8841e+000 +1.5774e+000 +2.1168e+000 +1.5938e+000 +3.1597e+000 +2.1443e+000 +5.0169e+000 -2.1946e+000 +3.5661e-001
672 +7.892589582e+000 +7.892589582e+000 -2.466741042e+001 -2.466741042e+001 +2.2683e+000 -7.7715e-001 +1.0577e+000 +3.2379e+000 +3.1483e-001 +2.7804e+000 +7.5501e-001 +2.9181e+000 -1.7933e+000 +8.3539e-001
768 +7.043787856e+000 +7.043787856e+000 -2.551621214e+001 -2.551621214e+001 +3.3575e+000 -2.2029e+000 +9.7919e-001 +1.4982e+000 +1.5788e+000 +2.8443e+000 +9.1737e-001 +3.6280e+000 -2.2552e+000 +3.2548e-001
808 +5.813317095e+000 +5.813317095e+000 -2.674668290e+001 -2.674668290e+001 +2.8159e+000 -1.0876e+000 +1.3263e+000 +2.8192e+000 +1.3673e+000 +3.0658e+000 +1.1249e+000 +4.4459e+000 -2.2138e+000 +4.3295e-001
816 +5.141899605e+000 +5.141899605e+000 -2.741810040e+001 -2.741810040e+001 +2.8036e+000 -4.5168e-001 +9.8239e-001 +2.6773e+000 +3.3994e-001 +2.7699e+000 +9.2937e-001 +3.7588e+000 -2.4673e+000 +3.3718e-001
817 +2.084176532e+000 +2.084176532e+000 -3.047582347e+001 -3.047582347e+001 +2.9371e+000 -2.1263e+000 +3.9326e-001 +2.0235e+000 +1.1008e+000 +2.8587e+000 +1.4959e+000 +3.7354e+000 -2.7394e+000 +4.8602e-002
907 +1.322770272e+000 +1.322770272e+000 -3.123722973e+001 -3.123722973e+001 +3.2875e+000 -1.7497e+000 +1.6664e-001 +2.5612e+000 +1.1012e+000 +2.6626e+000 +1.4359e+000 +3.3240e+000 -2.7608e+000 +1.9726e-001
1230 +1.249007701e+000 +1.249007701e+000 -3.131099230e+001 -3.131099230e+001 +3.3615e+000 -1.5727e+000 +4.7125e-001 +2.6953e+000 +7.6882e-001 +3.0038e+000 +9.6565e-001 +3.5604e+000 -2.6731e+000 +3.9436e-001
1262 +8.251792975e-001 +8.251792975e-001 -3.173482070e+001 -3.173482070e+001 +3.3652e+000 -1.6727e+000 +3.6105e-001 +3.0003e+000 +9.6800e-001 +2.7993e+000 +1.3782e+000 +3.5712e+000 -2.5646e+000 +4.2889e-001
1444 +8.055542019e-001 +8.055542019e-001 -3.175444580e+001 -3.175444580e+001 +3.5335e+000 -1.7065e+000 +3.6597e-001 +2.8281e+000 +7.4361e-001 +2.7345e+000 +1.1720e+000 +3.5525e+000 -2.6523e+000 +5.0468e-001
1509 +7.583498656e-001 +7.583498656e-001 -3.180165013e+001 -3.180165013e+001 +3.4015e+000 -1.6078e+000 +1.0225e-001 +2.9117e+000 +8.2597e-001 +2.7282e+000 +1.3616e+000 +3.3161e+000 -2.6804e+000 +5.3894e-001
1612 +7.389383575e-001 +7.389383575e-001 -3.182106164e+001 -3.182106164e+001 +3.4862e+000 -1.6474e+000 +2.3336e-001 +2.9916e+000 +8.4218e-001 +2.8110e+000 +1.3209e+000 +3.3871e+000 -2.5951e+000 +5.2618e-001
1654 +7.242073361e-001 +7.242073361e-001 -3.183579266e+001 -3.183579266e+001 +3.4683e+000 -1.6548e+000 +2.9283e-001 +2.9814e+000 +7.9107e-001 +2.7104e+000 +1.2527e+000 +3.4302e+000 -2.6121e+000 +5.1247e-001
1802 +7.052083944e-001 +7.052083944e-001 -3.185479161e+001 -3.185479161e+001 +3.4268e+000 -1.6894e+000 +2.3744e-001 +2.9743e+000 +7.2180e-001 +2.7151e+000 +1.3746e+000 +3.4710e+000 -2.6311e+000 +5.0988e-001
% function evaluation | noise-free fitness - Fopt (5.154000000000e+002) | best noise-free fitness - Fopt | measured fitness | best measured fitness | x1 | x2...
1 +7.915553844e+001 +7.915553844e+001 +5.945555384e+002 +5.945555384e+002 +3.2402e+000 +4.1842e-001 +3.3062e+000 +8.2271e-001 -3.3507e+000 -3.4657e+000 +3.5734e+000 -4.0680e+000 -4.4231e+000 +4.0359e+000
9 +7.378716686e+001 +7.378716686e+001 +5.891871669e+002 +5.891871669e+002 +3.3659e+000 -2.5987e+000 +2.1212e+000 -1.6817e-001 -3.7557e+000 -3.9628e+000 -1.3986e-001 -3.1918e+000 -1.9499e+000 +1.6754e+000
67 +6.620246767e+001 +6.620246767e+001 +5.816024677e+002 +5.816024677e+002 +3.7446e+000 -4.1672e-001 +2.9742e+000 +3.7563e+000 -3.4674e+000 -1.7340e+000 +2.7719e+000 -4.1230e+000 -4.1158e+000 -2.2011e-001
97 +6.588637182e+001 +6.588637182e+001 +5.812863718e+002 +5.812863718e+002 +4.2623e+000 +1.0653e-001 +1.6290e+000 +6.3206e+000 -9.6549e-002 -1.7808e+000 -1.9800e+000 -1.8732e+000 -3.1894e+000 +2.0826e+000
100 +5.912474452e+001 +5.912474452e+001 +5.745247445e+002 +5.745247445e+002 +3.2950e+000 -4.9403e-001 -1.5166e+000 +1.9596e+000 -4.0578e+000 -1.8402e+000 +2.9603e+000 -2.7481e+000 -4.4493e+000 +2.3618e+000
128 +4.315414865e+001 +4.315414865e+001 +5.585541487e+002 +5.585541487e+002 +3.2578e+000 -1.0383e+000 -2.1576e+000 +3.0412e+000 -1.8133e+000 +1.3208e-001 +2.1453e+000 -3.5878e+000 -2.4745e+000 +2.1472e+000
262 +4.135246363e+001 +4.135246363e+001 +5.567524636e+002 +5.567524636e+002 +2.0964e+000 +7.5088e-001 -1.2925e+000 -5.1509e-001 -2.2749e+000 -1.7458e-001 +2.3017e+000 -2.8240e+000 -1.3768e+000 +2.9718e-001
518 +2.877300444e+001 +2.877300444e+001 +5.441730044e+002 +5.441730044e+002 +1.3483e+000 -7.3535e-001 -2.0209e+000 +1.9442e+000 +4.2869e-001 +2.6693e-001 -1.7151e+000 -1.6007e+000 -7.1097e-002 -8.2191e-001
782 +2.532386273e+001 +2.532386273e+001 +5.407238627e+002 +5.407238627e+002 +1.5476e+000 -9.3012e-001 -8.6628e-001 -1.4046e-001 -1.4564e-001 -2.0304e+000 -2.7064e+000 -1.9497e+000 +7.2738e-001 -1.5838e+000
1062 +2.460617285e+001 +2.460617285e+001 +5.400061728e+002 +5.400061728e+002 +1.8437e-001 -1.6201e-001 +1.7450e+000 +2.3650e-001 -2.5358e+000 -5.3357e+000 +2.7318e+000 -3.3607e+000 +5.9091e-001 +2.7033e-001
1110 +2.058379189e+001 +2.058379189e+001 +5.359837919e+002 +5.359837919e+002 +9.8259e-001 -5.1134e-001 +1.9257e+000 +6.1913e-001 -1.7020e+000 -4.4337e+000 +2.8552e+000 -2.4368e+000 +6.7516e-001 -4.3752e-001
1158 +1.983582774e+001 +1.983582774e+001 +5.352358277e+002 +5.352358277e+002 +1.4623e+000 -2.3838e-002 +2.2969e+000 -1.1086e-002 -1.8445e+000 -4.9154e+000 +2.4655e+000 -3.0345e+000 +9.4195e-001 +4.2987e-001
1163 +1.824071378e+001 +1.824071378e+001 +5.336407138e+002 +5.336407138e+002 +1.0064e+000 -3.6011e-001 +1.9889e+000 +5.0247e-001 -1.2336e+000 -4.5771e+000 +2.7028e+000 -2.8619e+000 +7.9936e-001 +2.3621e-001
1202 +1.596963580e+001 +1.596963580e+001 +5.313696358e+002 +5.313696358e+002 +1.2872e+000 -1.3544e-001 +2.4101e+000 +2.7994e-001 -1.1716e+000 -4.4982e+000 +3.0851e+000 -2.7440e+000 +1.0611e+000 +2.0225e-001
1310 +1.465657274e+001 +1.465657274e+001 +5.300565727e+002 +5.300565727e+002 +7.2880e-001 -3.0129e-001 +2.6148e+000 +5.2569e-001 -1.6402e+000 -5.0536e+000 +3.3654e+000 -2.9433e+000 +1.1455e+000 +3.4087e-001
1436 +1.441125114e+001 +1.441125114e+001 +5.298112511e+002 +5.298112511e+002 +8.9312e-001 -2.0612e-002 +2.5329e+000 +5.7968e-001 -1.3511e+000 -4.7681e+000 +3.2396e+000 -3.1483e+000 +1.0616e+000 +3.0474e-001
1510 +1.393245708e+001 +1.393245708e+001 +5.293324571e+002 +5.293324571e+002 +7.9270e-001 -8.8807e-003 +2.4383e+000 +5.7236e-001 -1.2490e+000 -4.9308e+000 +3.5506e+000 -2.8634e+000 +1.1903e+000 +5.1574e-001
1551 +1.376481598e+001 +1.376481598e+001 +5.291648160e+002 +5.291648160e+002 +7.8301e-001 -1.3721e-001 +2.4112e+000 +6.4426e-001 -1.4138e+000 -4.8404e+000 +3.5076e+000 -2.8567e+000 +1.3333e+000 +4.4776e-001
% function evaluation | noise-free fitness - Fopt (-1.000000000000e+003) | best noise-free fitness - Fopt | measured fitness | best measured fitness | x1 | x2...
1 +4.040931783e+002 +4.040931783e+002 -5.959068217e+002 -5.959068217e+002 -3.2264e+000 -2.2463e+001 +2.0362e+000 +2.5809e+000 +7.3865e-001 -2.2525e+000 +8.5436e+000 -3.2584e+000 -4.9545e+000 -1.4253e+000
2 +3.405762693e+002 +3.405762693e+002 -6.594237307e+002 -6.594237307e+002 +2.0554e+000 -3.1238e+000 +2.0822e+001 +2.6996e+000 +3.0375e+000 -5.4164e+000 +6.8341e+000 -1.3925e+000 -5.3711e+000 -2.0536e+000
3 +1.163420221e+002 +1.163420221e+002 -8.836579779e+002 -8.836579779e+002 +6.2477e-001 -2.7301e+000 +1.0351e+001 +6.7493e+000 +4.7783e+000 -1.6015e+000 -1.7544e+000 -5.0676e+000 -3.9847e+000 -7.9857e-001
5 +7.190638064e+001 +7.190638064e+001 -9.280936194e+002 -9.280936194e+002 +2.1265e+000 +1.0187e+000 +5.3678e-001 +2.6726e+000 +5.0821e+000 -5.4784e+000 +5.3956e+000 -2.9870e+000 -1.9047e+000 -5.5726e+000
21 +6.734867412e+001 +6.734867412e+001 -9.326513259e+002 -9.326513259e+002 -9.4375e-002 -1.3215e+000 +1.6720e+000 +4.0711e+000 +5.0065e+000 -2.5680e+000 +1.6597e+000 -2.8312e+000 -5.1542e+000 -3.7105e+000
83 +6.505840055e+001 +6.505840055e+001 -9.349415995e+002 -9.349415995e+002 -4.5212e-001 -7.3727e-001 +3.2660e+000 +3.6170e+000 +4.0868e+000 -8.5563e-001 +1.7600e+000 -9.0450e-001 -1.8227e+000 -4.5359e+000
110 +5.834517264e+001 +5.834517264e+001 -9.416548274e+002 -9.416548274e+002 -8.9591e-001 +5.5018e-001 +2.6509e+000 +3.2213e+000 +5.2743e+000 -2.0836e+000 +3.2090e+000 -3.3717e-001 -5.0095e+000 -1.5348e+000
168 +5.564481112e+001 +5.564481112e+001 -9.443551889e+002 -9.443551889e+002 +1.5330e+000 +1.2748e+000 +8.9278e-001 +2.5373e+000 +1.8051e+000 -3.5033e+000 +3.9124e-002 -1.9910e+000 -4.0805e+000 -4.1962e+000
190 +4.295249258e+001 +4.295249258e+001 -9.570475074e+002 -9.570475074e+002 -8.0276e-002 -1.7018e+000 +1.5687e+000 +3.5869e-001 +2.7358e+000 -3.2058e+000 +2.5195e+000 -3.3112e+000 -3.1812e+000 -3.0425e+000
194 +4.029624509e+001 +4.029624509e+001 -9.597037549e+002 -9.597037549e+002 -1.8625e+000 -2.2976e-001 -2.8405e+000 +1.3814e+000 +3.3211e+000 -2.3445e+000 +2.5749e+000 -4.3567e+000 -2.4973e+000 -3.9049e+000
248 +3.204866305e+001 +3.204866305e+001 -9.679513369e+002 -9.679513369e+002 -1.4333e+000 -2.7861e-001 +1.3987e+000 +2.9375e+000 +2.0642e+000 -1.9969e+000 +2.0467e+000 -3.3660e+000 -2.6831e+000 -4.7234e+000
269 +3.048727406e+001 +3.048727406e+001 -9.695127259e+002 -9.695127259e+002 -6.2639e-001 -1.8509e-001 -2.5719e-001 +6.9302e-003 +2.4269e+000 -1.7212e+000 +3.1705e+000 -2.7293e+000 -3.4289e+000 -3.4002e+000
316 +2.550645731e+001 +2.550645731e+001 -9.744935427e+002 -9.744935427e+002 -4.9677e-001 -9.9095e-001 -4.2500e-001 +3.1381e-001 +1.1545e+000 -2.0076e+000 +2.1342e+000 -3.1537e+000 -3.3765e+000 -3.5418e+000
344 +2.405427946e+001 +2.405427946e+001 -9.759457205e+002 -9.759457205e+002 -1.6514e+000 +8.3517e-001 +3.3927e-001 +4.6036e-001 +2.6167e+000 -1.8641e+000 +2.0827e+000 -2.9265e+000 -3.2775e+000 -4.0110e+000
378 +2.255352001e+001 +2.255352001e+001 -9.774464800e+002 -9.774464800e+002 -1.6658e+000 +7.1865e-001 +9.5043e-001 +4.6412e-001 +7.2608e-001 -2.1584e+000 +1.8055e+000 -4.2910e+000 -3.6450e+000 -3.6511e+000
391 +2.209583975e+001 +2.209583975e+001 -9.779041603e+002 -9.779041603e+002 -1.5146e+000 +3.1751e-001 +1.3118e-002 +6.0175e-001 +2.1091e+000 -1.8499e+000 +5.6353e-001 -2.2043e+000 -2.4470e+000 -4.5888e+000
426 +2.139065909e+001 +2.139065909e+001 -9.786093409e+002 -9.786093409e+002 -2.4440e+000 +1.1855e-001 +1.5997e-001 +7.1328e-001 +1.9366e+000 -1.2718e+000 +1.8812e+000 -3.0914e+000 -2.8638e+000 -3.6237e+000
460 +1.733425965e+001 +1.733425965e+001 -9.826657403e+002 -9.826657403e+002 -1.3344e+000 -3.2641e-001 +3.8413e-001 +4.0008e-001 +1.8113e+000 -1.7424e+000 +1.5833e+000 -3.0285e+000 -2.8882e+000 -3.9525e+000
505 +1.636640035e+001 +1.636640035e+001 -9.836335997e+002 -9.836335997e+002 -1.2608e+000 +7.9114e-003 +6.8007e-002 +9.6192e-001 +1.3958e+000 -2.1511e+000 +1.8614e+000 -2.5099e+000 -3.1524e+000 -4.4970e+000
514 +1.541025585e+001 +1.541025585e+001 -9.845897442e+002 -9.845897442e+002 -1.7146e+000 +3.3188e-001 +1.4500e-001 +6.7422e-001 +1.2850e+000 -1.5291e+000 +1.9053e+000 -3.2235e+000 -3.0161e+000 -3.9470e+000
577 +1.472813550e+001 +1.472813550e+001 -9.852718645e+002 -9.852718645e+002 -1.5626e+000 +1.6655e-001 -3.2331e-001 +5.8272e-001 +7.7358e-001 -1.7984e+000 +2.0403e+000 -3.4741e+000 -3.4471e+000 -4.3567e+000
648 +1.402524627e+001 +1.402524627e+001 -9.859747537e+002 -9.859747537e+002 -1.4965e+000 +4.4619e-002 +4.7341e-001 +6.1440e-001 +1.6949e+000 -1.7947e+000 +1.7570e+000 -3.0820e+000 -3.3074e+000 -4.1813e+000
656 +1.335821452e+001 +1.335821452e+001 -9.866417855e+002 -9.866417855e+002 -1.8102e+000 +1.4383e-001 +1.3552e-002 +5.2453e-001 +1.5342e+000 -1.6494e+000 +1.8098e+000 -2.8987e+000 -3.2540e+000 -4.3949e+000
658 +1.285742075e+001 +1.285742075e+001 -9.871425792e+002 -9.871425792e+002 -1.5414e+000 +3.6741e-001 +2.4395e-001 +4.9034e-001 +1.3058e+000 -1.8566e+000 +1.9292e+000 -2.7393e+000 -3.3346e+000 -4.3443e+000
805 +1.248975900e+001 +1.248975900e+001 -9.875102410e+002 -9.875102410e+002 -1.7608e+000 +2.7446e-001 +4.1143e-001 +3.4665e-001 +1.3566e+000 -1.8024e+000 +1.6746e+000 -3.0030e+000 -3.5751e+000 -4.6477e+000
908 +1.224393441e+001 +1.224393441e+001 -9.877560656e+002 -9.877560656e+002 -1.3909e+000 +2.3749e-001 +3.7244e-001 +4.7784e-001 +1.1595e+000 -1.7236e+000 +1.5906e+000 -2.7599e+000 -3.5193e+000 -4.5607e+000
1120 +1.196794062e+001 +1.196794062e+001 -9.880320594e+002 -9.880320594e+002 -1.8452e+000 +2.3285e-001 -9.5272e-002 +3.2084e-001 +1.0641e+000 -1.8438e+000 +1.7216e+000 -2.7663e+000 -3.5958e+000 -4.6308e+000
1505 +1.173912721e+001 +1.173912721e+001 -9.882608728e+002 -9.882608728e+002 -1.6309e+000 +1.2911e-001 +1.0679e-001 +2.6988e-001 +1.1271e+000 -1.7867e+000 +1.7535e+000 -2.8672e+000 -3.5375e+000 -4.5868e+000
% function evaluation | noise-free fitness - Fopt (9.190000000000e+001) | best noise-free fitness - Fopt | measured fitness | best measured fitness | x1 | x2...
1 +7.235094729e+001 +7.235094729e+001 +1.642509473e+002 +1.642509473e+002 +3.1289e+000 +1.0398e+000 +3.3195e-001 +9.2335e-001 -3.0461e+000 +1.8783e+000 +4.8829e-001 +5.1167e-001 -3.5091e-001 +2.3321e+000
41 +5.852202149e+001 +5.852202149e+001 +1.504220215e+002 +1.504220215e+002 +6.5182e+000 +3.7159e+000 -1.1685e+000 -5.8281e-002 -2.5047e+000 -5.0592e-002 +1.2623e+000 +5.3193e+000 -6.3835e-001 +3.0398e+000
279 +4.689293302e+001 +4.689293302e+001 +1.387929330e+002 +1.387929330e+002 +1.3615e+000 -2.7154e+000 +4.1534e+000 +1.2058e+000 -1.6714e+000 -3.9504e+000 -1.7794e+000 +1.7438e+000 -4.3050e+000 +4.5999e+000
539 +3.559528131e+001 +3.559528131e+001 +1.274952813e+002 +1.274952813e+002 +4.0117e+000 +1.0724e-001 +1.6086e+000 -6.7636e-001 -3.2153e+000 +2.0292e+000 -1.1189e-001 -4.1901e-001 -1.5744e+000 -5.9562e-001
553 +3.383147503e+001 +3.383147503e+001 +1.257314750e+002 +1.257314750e+002 +4.0068e+000 +5.8283e-001 +1.4382e+000 -1.8132e+000 -2.6645e+000 +1.1267e+000 -3.5891e-001 -7.4696e-001 -1.0756e+000 -1.4776e-001
594 +3.263602427e+001 +3.263602427e+001 +1.245360243e+002 +1.245360243e+002 +3.4292e+000 +2.6266e-001 +1.1440e+000 -1.7086e+000 -1.3825e+000 +1.5937e+000 +7.4058e-001 -4.1628e-001 -8.9942e-001 -2.9850e-001
605 +2.380908701e+001 +2.380908701e+001 +1.157090870e+002 +1.157090870e+002 +3.3847e+000 +9.3256e-002 +1.5574e+000 -2.9451e+000 -3.8689e+000 +1.7963e+000 -2.9977e-001 -2.0587e+000 -1.1455e+000 -1.8059e+000
701 +2.249398729e+001 +2.249398729e+001 +1.143939873e+002 +1.143939873e+002 +3.4293e+000 +9.9406e-001 +1.5241e+000 -2.2984e+000 -2.7966e+000 +2.6624e+000 +1.2051e-001 -1.5683e+000 -9.1875e-001 -1.0183e+000
736 +2.138972884e+001 +2.138972884e+001 +1.132897288e+002 +1.132897288e+002 +4.4120e+000 +2.6303e-003 +1.5536e+000 -2.5965e+000 -2.4171e+000 +2.0788e+000 -2.6904e-002 -1.3066e+000 -1.4350e+000 -7.5611e-001
754 +2.055056659e+001 +2.055056659e+001 +1.124505666e+002 +1.124505666e+002 +3.8140e+000 +1.2205e-001 +1.0839e+000 -2.3999e+000 -2.4938e+000 +2.1278e+000 +3.1523e-001 -9.5930e-001 -1.7746e+000 -7.3664e-002
755 +1.886940484e+001 +1.886940484e+001 +1.107694048e+002 +1.107694048e+002 +3.2756e+000 +3.1004e-001 +1.7318e+000 -2.5509e+000 -2.5948e+000 +2.1558e+000 +9.1901e-002 -1.1554e+000 -1.1990e+000 -8.2332e-001
851 +1.753231989e+001 +1.753231989e+001 +1.094323199e+002 +1.094323199e+002 +3.4893e+000 +2.3562e-001 +1.2155e+000 -2.6209e+000 -3.1197e+000 +2.1446e+000 +1.4455e-001 -9.1790e-001 -1.6160e+000 -5.8804e-001
880 +1.710964528e+001 +1.710964528e+001 +1.090096453e+002 +1.090096453e+002 +2.8161e+000 +3.5457e-001 +1.1368e+000 -3.1936e+000 -2.7035e+000 +2.3311e+000 +1.9803e-001 -9.3388e-001 -1.3109e+000 -7.7979e-001
906 +1.661643998e+001 +1.661643998e+001 +1.085164400e+002 +1.085164400e+002 +3.0781e+000 +3.3069e-002 +1.1639e+000 -2.8898e+000 -2.8009e+000 +2.1101e+000 +1.5634e-001 -9.3579e-001 -1.3919e+000 -8.4400e-001
952 +1.638651416e+001 +1.638651416e+001 +1.082865142e+002 +1.082865142e+002 +3.4614e+000 -2.5284e-001 +9.3068e-001 -2.9814e+000 -2.9708e+000 +2.5811e+000 +4.9230e-001 -5.8283e-001 -1.8014e+000 -9.6090e-001
955 +1.590334189e+001 +1.590334189e+001 +1.078033419e+002 +1.078033419e+002 +3.1623e+000 -2.5977e-001 +1.3930e+000 -2.7278e+000 -2.7590e+000 +2.3365e+000 +3.2130e-001 -8.7457e-001 -1.4661e+000 -8.9564e-001
961 +1.581078826e+001 +1.581078826e+001 +1.077107883e+002 +1.077107883e+002 +3.0132e+000 -3.3669e-001 +1.4069e+000 -2.6733e+000 -2.9776e+000 +2.6930e+000 +3.3644e-001 -9.0667e-001 -1.3507e+000 -7.7259e-001
1024 +1.525737763e+001 +1.525737763e+001 +1.071573776e+002 +1.071573776e+002 +3.1904e+000 -7.8663e-002 +1.5407e+000 -2.8928e+000 -2.9452e+000 +2.5176e+000 +4.3941e-001 -9.2126e-001 -1.4638e+000 -1.0888e+000
1066 +1.501971904e+001 +1.501971904e+001 +1.069197190e+002 +1.069197190e+002 +3.3594e+000 -4.0138e-001 +1.4364e+000 -2.9496e+000 -3.0291e+000 +2.3297e+000 +4.0585e-001 -1.0932e+000 -1.6484e+000 -9.5862e-001
1159 +1.470562327e+001 +1.470562327e+001 +1.066056233e+002 +1.066056233e+002 +3.1376e+000 -7.1802e-002 +1.4213e+000 -3.1601e+000 -2.8687e+000 +2.6263e+000 +6.7289e-001 -9.7382e-001 -1.5857e+000 -7.1172e-001
1269 +1.434751253e+001 +1.434751253e+001 +1.062475125e+002 +1.062475125e+002 +3.4076e+000 -1.9505e-001 +1.4293e+000 -3.1923e+000 -3.0018e+000 +2.7414e+000 +3.8258e-001 -1.0077e+000 -1.6316e+000 -7.7113e-001
% function evaluation | noise-free fitness - Fopt (-7.597000000000e+001) | best noise-free fitness - Fopt | measured fitness | best measured fitness | x1 | x2...
1 +7.131382260e+001 +7.131382260e+001 -4.656177397e+000 -4.656177397e+000 +9.2416e-001 -4.7752e+000 -4.3356e+000 -2.5901e+000 +1.1025e-001 -6.4200e-001 -5.1280e+000 -3.9100e-001 +2.4463e+000 -1.4416e+000
4 +7.071447797e+001 +7.071447797e+001 -5.255522029e+000 -5.255522029e+000 -3.9433e-001 +3.9492e+000 -2.6830e+000 -3.5122e+000 +1.2677e+000 -4.4401e+000 -1.1047e+000 -1.9669e+000 -2.5233e+000 -7.9045e-001
97 +6.461994341e+001 +6.461994341e+001 -1.135005659e+001 -1.135005659e+001 -2.1641e-001 +1.4580e+000 -4.7404e-001 -3.3717e+000 +3.3862e-001 -3.5105e+000 -2.4422e+000 -1.7745e+000 -1.4854e+000 -7.7973e-001
108 +5.997151793e+001 +5.997151793e+001 -1.599848207e+001 -1.599848207e+001 +7.7624e-001 +1.6904e+000 -6.5743e-001 -1.8736e+000 -2.0778e+000 -1.8124e+000 -2.0850e+000 -2.0673e-001 -4.1265e+000 -2.8158e+000
160 +5.780312816e+001 +5.780312816e+001 -1.816687184e+001 -1.816687184e+001 -2.3615e+000 -9.1056e-001 +4.1960e+000 +8.4497e-001 -2.8341e+000 -8.7765e-001 +7.7905e-001 -2.3624e+000 -1.9729e+000 -7.5960e-001
238 +5.146177750e+001 +5.146177750e+001 -2.450822250e+001 -2.450822250e+001 +1.3160e+000 +2.0239e+000 +1.3385e-001 -2.0907e-001 -1.5809e+000 -2.4232e+000 -1.1374e+000 -1.4645e+000 -9.5329e-001 -4.6371e+000
316 +3.431239711e+001 +3.431239711e+001 -4.165760289e+001 -4.165760289e+001 -1.6551e-001 +1.8273e+000 +1.4911e-001 +2.6296e+000 -2.4966e+000 -5.2786e-001 -1.9952e-001 -3.3310e+000 -1.5153e+000 -2.8806e+000
354 +2.672340806e+001 +2.672340806e+001 -4.924659194e+001 -4.924659194e+001 +2.0288e+000 +1.9103e+000 +5.8456e-001 +1.4706e+000 +1.0331e-001 -5.8630e-001 -1.1945e+000 -1.3464e+000 -2.0303e+000 -2.0249e+000
567 +2.065383200e+001 +2.065383200e+001 -5.531616800e+001 -5.531616800e+001 -4.7722e-001 +2.2645e+000 -5.4314e-001 +2.9105e-001 -1.4131e+000 +8.7072e-001 -1.4676e+000 -1.6121e+000 -9.6910e-001 -1.9371e+000
664 +1.401649047e+001 +1.401649047e+001 -6.195350953e+001 -6.195350953e+001 +1.1045e+000 +1.4435e+000 -1.0354e-001 +1.2119e+000 -7.5429e-001 +8.8634e-001 -2.7557e+000 -1.9529e+000 -8.5703e-001 -2.0039e+000
739 +1.328848058e+001 +1.328848058e+001 -6.268151942e+001 -6.268151942e+001 -1.6400e-001 +2.2840e+000 -7.1258e-001 +1.1173e+000 -1.1615e+000 +9.0039e-001 -2.5936e+000 -1.9749e+000 -1.3942e+000 -1.4722e+000
766 +1.117966433e+001 +1.117966433e+001 -6.479033567e+001 -6.479033567e+001 +1.1037e-001 +1.3391e+000 -5.7630e-001 +6.2762e-001 -1.2843e+000 +5.9872e-001 -2.2398e+000 -2.0250e+000 -1.6970e+000 -1.8346e+000
792 +9.504139725e+000 +9.504139725e+000 -6.646586028e+001 -6.646586028e+001 -2.7580e-001 +1.0883e+000 +6.1548e-002 +8.4584e-001 -1.2317e+000 +1.3347e+000 -3.0475e+000 -1.9342e+000 -8.2998e-001 -1.6865e+000
894 +8.992728113e+000 +8.992728113e+000 -6.697727189e+001 -6.697727189e+001 -2.4658e-001 +1.3766e+000 -1.4211e-001 +8.3906e-001 -1.2113e+000 +1.2178e+000 -2.5678e+000 -2.2642e+000 -1.4679e+000 -1.9575e+000
924 +8.516651279e+000 +8.516651279e+000 -6.745334872e+001 -6.745334872e+001 -3.5428e-002 +1.0265e+000 +1.5773e+000 +1.0353e+000 -1.3673e+000 +1.2550e+000 -2.9898e+000 -1.8580e+000 -9.9769e-001 -1.9467e+000
934 +8.221637617e+000 +8.221637617e+000 -6.774836238e+001 -6.774836238e+001 +2.9920e-001 +1.3083e+000 +3.8419e-001 +3.2254e-001 -1.3469e+000 +1.6947e+000 -2.2514e+000 -1.8585e+000 -1.5933e+000 -1.5440e+000
981 +7.835803426e+000 +7.835803426e+000 -6.813419657e+001 -6.813419657e+001 +4.7436e-001 +1.4066e+000 +2.8917e-001 +9.7016e-001 -1.3318e+000 +9.8119e-001 -2.7590e+000 -2.0230e+000 -1.0548e+000 -1.4786e+000
1034 +7.394975238e+000 +7.394975238e+000 -6.857502476e+001 -6.857502476e+001 +2.4017e-001 +1.4217e+000 +7.1870e-002 +9.4903e-001 -1.4039e+000 +1.3003e+000 -2.7745e+000 -2.0085e+000 -1.5119e+000 -1.6737e+000
1038 +6.496894960e+000 +6.496894960e+000 -6.947310504e+001 -6.947310504e+001 +1.1343e-001 +1.5641e+000 +2.5521e-001 +8.6844e-001 -1.3367e+000 +1.3186e+000 -2.9481e+000 -2.1917e+000 -1.1440e+000 -1.5044e+000
1064 +5.425016905e+000 +5.425016905e+000 -7.054498309e+001 -7.054498309e+001 +3.2675e-001 +1.2292e+000 +6.1050e-001 +8.3178e-001 -1.3735e+000 +1.3938e+000 -3.3242e+000 -2.1435e+000 -1.1966e+000 -1.4014e+000
1271 +5.340176692e+000 +5.340176692e+000 -7.062982331e+001 -7.062982331e+001 +2.7403e-001 +1.0664e+000 +9.3831e-001 +9.7045e-001 -1.2887e+000 +1.3995e+000 -3.2265e+000 -1.8405e+000 -1.1955e+000 -1.5909e+000
1305 +4.249914037e+000 +4.249914037e+000 -7.172008596e+001 -7.172008596e+001 +3.8672e-001 +8.2390e-001 +1.0051e+000 +9.9597e-001 -1.3902e+000 +1.3387e+000 -3.0625e+000 -2.2639e+000 -1.3572e+000 -1.3852e+000
1341 +4.166725635e+000 +4.166725635e+000 -7.180327436e+001 -7.180327436e+001 +2.3622e-001 +6.6477e-001 +9.5725e-001 +9.2503e-001 -1.3316e+000 +1.2510e+000 -3.4086e+000 -1.8399e+000 -1.3609e+000 -1.3015e+000
1612 +4.073047915e+000 +4.073047915e+000 -7.189695209e+001 -7.189695209e+001 +3.5153e-001 +9.9908e-001 +9.1798e-001 +8.5634e-001 -1.3574e+000 +1.4305e+000 -3.1736e+000 -1.9914e+000 -1.2563e+000 -1.3633e+000
1701 +3.850123218e+000 +3.850123218e+000 -7.211987678e+001 -7.211987678e+001 +3.8923e-001 +7.6588e-001 +9.3819e-001 +8.6446e-001 -1.3770e+000 +1.3643e+000 -3.2213e+000 -2.0878e+000 -1.2179e+000 -1.3646e+000
1729 +3.564171114e+000 +3.564171114e+000 -7.240582889e+001 -7.240582889e+001 +3.4642e-001 +7.3563e-001 +1.0864e+000 +1.0048e+000 -1.4348e+000 +1.4562e+000 -3.4751e+000 -2.1716e+000 -1.2730e+000 -1.2250e+000
1764 +3.458967321e+000 +3.458967321e+000 -7.251103268e+001 -7.251103268e+001 +2.5059e-001 +4.5746e-001 +1.3688e+000 +8.3344e-001 -1.4859e+000 +1.5173e+000 -3.3928e+000 -2.0188e+000 -1.2477e+000 -1.4494e+000
1853 +3.222266366e+000 +3.222266366e+000 -7.274773363e+001 -7.274773363e+001 +2.5528e-001 +5.8506e-001 +9.5676e-001 +7.4089e-001 -1.4450e+000 +1.6118e+000 -3.4091e+000 -2.0273e+000 -1.2460e+000 -1.2596e+000
2007 +3.131457711e+000 +3.131457711e+000 -7.283854229e+001 -7.283854229e+001 +4.8988e-001 +8.6464e-001 +1.3708e+000 +7.3221e-001 -1.5253e+000 +1.4532e+000 -3.3348e+000 -2.1879e+000 -1.2108e+000 -8.8483e-001
2019 +3.074335120e+000 +3.074335120e+000 -7.289566488e+001 -7.289566488e+001 +3.4727e-001 +7.4104e-001 +1.2841e+000 +8.1484e-001 -1.4761e+000 +1.5480e+000 -3.2874e+000 -2.0677e+000 -1.2055e+000 -1.1886e+000
2078 +3.008759036e+000 +3.008759036e+000 -7.296124096e+001 -7.296124096e+001 +3.9082e-001 +7.7041e-001 +1.2439e+000 +8.0199e-001 -1.4745e+000 +1.6550e+000 -3.5089e+000 -2.0506e+000 -1.1609e+000 -1.1653e+000
2141 +2.949872288e+000 +2.949872288e+000 -7.302012771e+001 -7.302012771e+001 +1.2396e-001 +8.4083e-001 +1.1647e+000 +8.4451e-001 -1.5772e+000 +1.4990e+000 -3.3276e+000 -2.1405e+000 -1.1863e+000 -1.1879e+000
2235 +2.866891057e+000 +2.866891057e+000 -7.310310894e+001 -7.310310894e+001 +3.4306e-001 +7.9884e-001 +1.2508e+000 +8.1749e-001 -1.5169e+000 +1.5427e+000 -3.4738e+000 -2.0642e+000 -1.2096e+000 -1.0709e+000
2318 +2.804353774e+000 +2.804353774e+000 -7.316564623e+001 -7.316564623e+001 +3.1660e-001 +7.3042e-001 +1.3260e+000 +8.2503e-001 -1.5210e+000 +1.5664e+000 -3.5076e+000 -2.0023e+000 -1.2060e+000 -1.0923e+000
2354 +2.746207291e+000 +2.746207291e+000 -7.322379271e+001 -7.322379271e+001 +3.0981e-001 +6.7503e-001 +1.3306e+000 +8.7393e-001 -1.5542e+000 +1.5559e+000 -3.4632e+000 -2.1022e+000 -1.1721e+000 -1.0865e+000
2554 +2.662303917e+000 +2.662303917e+000 -7.330769608e+001 -7.330769608e+001 +2.9398e-001 +6.7389e-001 +1.3269e+000 +8.4685e-001 -1.5987e+000 +1.6459e+000 -3.5149e+000 -2.1409e+000 -1.1534e+000 -1.0459e+000
2647 +2.628768397e+000 +2.628768397e+000 -7.334123160e+001 -7.334123160e+001 +2.8576e-001 +5.7855e-001 +1.3441e+000 +8.0425e-001 -1.5771e+000 +1.6003e+000 -3.5299e+000 -2.1123e+000 -1.1796e+000 -1.0492e+000
2755 +2.555568988e+000 +2.555568988e+000 -7.341443101e+001 -7.341443101e+001 +2.1040e-001 +5.8768e-001 +1.3536e+000 +8.0311e-001 -1.6612e+000 +1.5803e+000 -3.5324e+000 -2.1684e+000 -1.1088e+000 -1.0901e+000
2876 +2.507004365e+000 +2.507004365e+000 -7.346299564e+001 -7.346299564e+001 +2.6354e-001 +4.3935e-001 +1.3620e+000 +8.1645e-001 -1.6422e+000 +1.6213e+000 -3.6129e+000 -2.1240e+000 -1.1582e+000 -1.1492e+000
3185 +2.450711297e+000 +2.450711297e+000 -7.351928870e+001 -7.351928870e+001 +2.5885e-001 +4.1089e-001 +1.4002e+000 +7.5312e-001 -1.7069e+000 +1.6341e+000 -3.5610e+000 -2.1227e+000 -1.1375e+000 -1.1888e+000
3420 +2.397432415e+000 +2.397432415e+000 -7.357256758e+001 -7.357256758e+001 +2.0241e-001 +2.8693e-001 +1.4192e+000 +7.3994e-001 -1.6765e+000 +1.6601e+000 -3.6045e+000 -2.0990e+000 -1.1319e+000 -1.1645e+000
3869 +2.337576994e+000 +2.337576994e+000 -7.363242301e+001 -7.363242301e+001 +1.9972e-001 +8.9015e-002 +1.4774e+000 +7.1523e-001 -1.7098e+000 +1.6673e+000 -3.6512e+000 -2.0428e+000 -1.1487e+000 -1.1967e+000
4399 +2.286916170e+000 +2.286916170e+000 -7.368308383e+001 -7.368308383e+001 +1.8311e-001 -1.6200e-001 +1.5255e+000 +7.1647e-001 -1.7407e+000 +1.6876e+000 -3.7409e+000 -1.9978e+000 -1.1598e+000 -1.2774e+000
4918 +2.238194830e+000 +2.238194830e+000 -7.373180517e+001 -7.373180517e+001 +1.3633e-001 -1.2227e-001 +1.6505e+000 +6.8702e-001 -1.8155e+000 +1.7478e+000 -3.7181e+000 -2.0831e+000 -1.1296e+000 -1.2068e+000
5794 +2.187600038e+000 +2.187600038e+000 -7.378239996e+001 -7.378239996e+001 +8.8284e-002 -2.9507e-001 +1.6798e+000 +6.7524e-001 -1.8897e+000 +1.7931e+000 -3.7990e+000 -2.1299e+000 -1.0646e+000 -1.2761e+000
8705 +2.137720491e+000 +2.137720491e+000 -7.383227951e+001 -7.383227951e+001 -1.3736e-002 -5.0599e-001 +1.7508e+000 +6.8296e-001 -2.0262e+000 +1.8751e+000 -3.8417e+000 -2.2025e+000 -9.0692e-001 -1.4699e+000
% function evaluation | noise-free fitness - Fopt (-1.699000000000e+001) | best noise-free fitness - Fopt | measured fitness | best measured fitness | x1 | x2...
1 +9.457675079e+001 +9.457675079e+001 +7.758675079e+001 +7.758675079e+001 +2.9288e+000 +4.4274e+000 +2.0019e+000 -1.7097e+000 -1.1731e+000 -5.5226e+000 +2.5107e+000 -1.5727e+000 -4.5653e+000 +7.8920e+000
2 +8.064138872e+001 +8.064138872e+001 +6.365138872e+001 +6.365138872e+001 +4.1729e+000 +1.3845e+000 +2.5854e+000 -1.7527e+000 -2.8667e+000 +8.6481e-001 -2.0344e+000 -7.4071e-001 -3.0865e+000 +4.2610e+000
9 +7.928786429e+001 +7.928786429e+001 +6.229786429e+001 +6.229786429e+001 +4.0893e+000 +2.7933e+000 +3.4507e+000 -4.8079e+000 -2.3098e+000 -1.3135e-001 +2.4901e-001 -2.4161e+000 -3.3073e-001 +3.9286e+000
29 +7.603958313e+001 +7.603958313e+001 +5.904958313e+001 +5.904958313e+001 +3.1303e+000 +4.1065e+000 +8.1981e-001 -2.4929e-001 -3.3755e+000 +1.6772e+000 -6.1097e-001 -5.5317e+000 -4.4115e+000 +3.4946e+000
60 +6.978258185e+001 +6.978258185e+001 +5.279258185e+001 +5.279258185e+001 +7.7822e-001 +1.6400e+000 -3.3690e+000 -1.4001e+000 -3.3938e+000 +3.6834e+000 +2.5761e+000 -9.9283e-001 -1.9469e+000 +2.1550e+000
201 +6.406700128e+001 +6.406700128e+001 +4.707700128e+001 +4.707700128e+001 +2.1812e+000 +3.4037e-001 +6.9605e-001 +6.3009e-002 +3.0659e-001 -9.4155e-001 +1.2576e+000 -7.9111e-001 -1.0051e+000 +8.9226e-001
315 +5.475605331e+001 +5.475605331e+001 +3.776605331e+001 +3.776605331e+001 +1.9784e+000 +5.4602e-001 +1.5798e+000 +2.3401e+000 -2.6388e+000 +2.0677e+000 -2.5890e+000 -1.6140e+000 -4.7181e-001 +1.3176e+000
320 +5.233963679e+001 +5.233963679e+001 +3.534963679e+001 +3.534963679e+001 +2.3751e+000 +1.1764e+000 -1.0333e+000 -1.2775e+000 +2.8538e-001 -8.4750e-001 +1.3501e+000 +4.2475e-001 +7.2176e-001 +6.7047e-001
401 +4.887917565e+001 +4.887917565e+001 +3.188917565e+001 +3.188917565e+001 +1.8318e+000 +2.2752e+000 -2.2372e+000 -1.9548e-001 +1.1746e+000 +1.2769e+000 -1.7440e-001 -2.0597e+000 +4.1379e+000 +2.8363e+000
451 +4.037436241e+001 +4.037436241e+001 +2.338436241e+001 +2.338436241e+001 +2.8185e+000 +2.5028e+000 -1.0336e+000 -5.3235e-001 +1.6959e+000 +1.5890e+000 -1.3277e+000 -1.1975e+000 +1.7147e+000 +2.4784e+000
518 +2.565963507e+001 +2.565963507e+001 +8.669635070e+000 +8.669635070e+000 +1.4894e+000 +3.1962e+000 -1.3421e+000 +1.5995e+000 +4.8929e-001 +1.4767e+000 +6.4653e-001 -1.0850e+000 +1.8323e+000 +3.9180e+000
694 +2.332993100e+001 +2.332993100e+001 +6.339930997e+000 +6.339930997e+000 +1.3526e+000 +2.9452e+000 -1.4792e+000 -1.7234e+000 +1.0138e+000 +1.4608e+000 +5.0563e-001 -1.0625e-001 +2.0762e+000 +3.3719e+000
746 +2.256945919e+001 +2.256945919e+001 +5.579459187e+000 +5.579459187e+000 +1.6138e+000 +2.0418e+000 -6.9117e-001 -3.4144e+000 +3.5532e+000 +2.3592e+000 +1.1473e-002 -2.5824e-002 +6.3286e+000 +2.0196e+000
894 +2.086253097e+001 +2.086253097e+001 +3.872530970e+000 +3.872530970e+000 +2.0348e+000 -6.1396e-001 -8.6523e-001 -1.1617e+000 +4.5996e+000 -9.5507e-002 +2.5036e+000 +1.6243e-001 +1.6405e+000 +2.5750e+000
1005 +1.601299684e+001 +1.601299684e+001 -9.770031597e-001 -9.770031597e-001 +2.3734e+000 +3.7095e+000 -2.2163e+000 -4.2685e-001 +9.0780e-001 +3.2095e-001 +3.0416e-001 +2.0135e-002 +1.9459e+000 +3.4046e+000
1125 +1.197327756e+001 +1.197327756e+001 -5.016722436e+000 -5.016722436e+000 +2.2169e+000 +3.4828e+000 -1.8599e+000 -2.9287e-001 +8.3269e-001 +7.9045e-001 -1.3018e-001 +2.2839e-001 +2.2758e+000 +3.5559e+000
1182 +1.109549009e+001 +1.109549009e+001 -5.894509906e+000 -5.894509906e+000 +2.1457e+000 +4.2783e+000 -2.0952e+000 -4.0706e-001 +9.7288e-001 +8.4075e-001 +3.1446e-001 +2.9873e-002 +2.0061e+000 +4.1112e+000
1255 +1.040866988e+001 +1.040866988e+001 -6.581330121e+000 -6.581330121e+000 +2.0119e+000 +3.7027e+000 -1.6052e+000 -8.0135e-001 +6.0328e-001 +1.0063e+000 +9.0065e-002 -2.9499e-001 +2.3899e+000 +3.7253e+000
1322 +1.009075526e+001 +1.009075526e+001 -6.899244738e+000 -6.899244738e+000 +2.2469e+000 +3.7013e+000 -2.2930e+000 -5.7812e-001 +4.3410e-001 +9.1125e-001 +1.4636e-001 +5.5587e-002 +2.1540e+000 +3.7904e+000
1339 +9.427313642e+000 +9.427313642e+000 -7.562686358e+000 -7.562686358e+000 +2.2112e+000 +3.6875e+000 -2.0793e+000 -3.8572e-001 +5.0914e-001 +8.9716e-001 +1.0117e-002 -7.3608e-002 +2.1096e+000 +3.8505e+000
1428 +9.254090465e+000 +9.254090465e+000 -7.735909535e+000 -7.735909535e+000 +2.1315e+000 +3.7701e+000 -1.9969e+000 -4.2389e-001 +5.1213e-001 +9.3658e-001 +3.9070e-002 -1.1395e-001 +1.9646e+000 +3.8191e+000
1457 +9.103434946e+000 +9.103434946e+000 -7.886565054e+000 -7.886565054e+000 +2.1326e+000 +3.7155e+000 -2.1092e+000 -1.0696e-001 +3.4231e-001 +9.4663e-001 +8.9655e-002 -2.5362e-001 +1.9264e+000 +3.7817e+000
1731 +8.902976345e+000 +8.902976345e+000 -8.087023655e+000 -8.087023655e+000 +2.1074e+000 +3.9924e+000 -2.0957e+000 -2.8561e-001 +1.7640e-001 +1.0724e+000 -3.9754e-002 -2.6062e-001 +2.0726e+000 +4.0000e+000
% function evaluation | noise-free fitness - Fopt (2.740000000000e+000) | best noise-free fitness - Fopt | measured fitness | best measured fitness | x1 | x2...
1 +9.003519091e+001 +9.003519091e+001 +9.277519091e+001 +9.277519091e+001 +3.5895e+000 -1.1421e+000 +7.3696e-001 -3.3909e-001 +7.0440e+000 +3.8978e+000 +5.5906e-001 +7.1059e+000 -4.0819e+000 -1.1885e+000
4 +8.091985887e+001 +8.091985887e+001 +8.365985887e+001 +8.365985887e+001 +3.3131e+000 -2.0568e+000 +5.1092e+000 -3.0519e+000 +1.5177e+000 +2.5881e+000 -3.3563e+000 +3.1331e+000 -2.2787e+000 -1.5867e+000
5 +5.479375401e+001 +5.479375401e+001 +5.753375401e+001 +5.753375401e+001 +3.6002e+000 -2.1525e+000 -1.7982e+000 +2.2957e+000 +2.7226e+000 +3.1149e+000 +9.9509e-001 +4.1729e+000 -3.7447e+000 +4.0027e-001
46 +5.133647803e+001 +5.133647803e+001 +5.407647803e+001 +5.407647803e+001 +2.5387e+000 -2.1263e+000 -2.8964e+000 +2.5176e+000 +3.8691e+000 -1.9058e+000 +2.7240e+000 +3.3346e+000 -2.6339e+000 +2.5740e+000
53 +4.933865033e+001 +4.933865033e+001 +5.207865033e+001 +5.207865033e+001 +2.0296e+000 -1.5875e+000 -9.6678e-001 +1.9582e+000 +3.4333e+000 +3.1445e+000 +7.5559e-001 +3.6803e+000 -4.4685e+000 -1.5511e-001
61 +4.693135295e+001 +4.693135295e+001 +4.967135295e+001 +4.967135295e+001 +1.5616e+000 +3.2395e+000 +1.1355e+000 +3.5794e+000 +4.3605e+000 -3.7370e+000 +4.6458e+000 +4.0119e+000 +5.1045e-002 -1.6960e-001
122 +4.349865427e+001 +4.349865427e+001 +4.623865427e+001 +4.623865427e+001 +3.6962e+000 -2.9038e+000 -8.0285e-001 +1.9048e+000 +2.0970e+000 +2.0688e+000 +5.1932e-003 +3.8882e+000 -4.3160e+000 +7.9891e-001
128 +2.105425907e+001 +2.105425907e+001 +2.379425907e+001 +2.379425907e+001 +2.1876e+000 -1.1370e+000 +7.9029e-001 +1.4364e+000 +3.1786e+000 +1.7110e+000 +9.9502e-001 +3.1743e+000 -3.9575e+000 +1.1019e+000
311 +1.931243136e+001 +1.931243136e+001 +2.205243136e+001 +2.205243136e+001 +1.8800e+000 -1.9287e+000 +1.3872e+000 +9.7568e-001 +1.1564e+000 +1.7794e+000 +1.4685e+000 +4.5806e+000 -2.4594e+000 +2.8504e+000
330 +1.463715278e+001 +1.463715278e+001 +1.737715278e+001 +1.737715278e+001 +2.4568e+000 -1.5516e+000 +1.8817e-001 +2.0852e+000 +1.7327e+000 +2.0346e+000 +6.7260e-001 +3.7092e+000 -3.1924e+000 +1.9717e+000
396 +1.410244243e+001 +1.410244243e+001 +1.684244243e+001 +1.684244243e+001 +2.2682e+000 -1.9225e+000 +1.0317e+000 +1.0049e+000 +2.2652e+000 +2.4041e+000 +6.0393e-001 +3.6819e+000 -3.6244e+000 +2.6664e+000
430 +1.247278571e+001 +1.247278571e+001 +1.521278571e+001 +1.521278571e+001 +2.3298e+000 -1.6185e+000 +5.2941e-001 +1.3693e+000 +2.2228e+000 +1.9149e+000 +5.0635e-001 +3.5636e+000 -4.1186e+000 +2.2039e+000
520 +1.119763217e+001 +1.119763217e+001 +1.393763217e+001 +1.393763217e+001 +2.2805e+000 -1.2178e+000 +1.2442e+000 +1.0975e+000 +1.6523e+000 +1.9301e+000 +4.3611e-001 +4.2159e+000 -3.5626e+000 +2.0074e+000
571 +1.077503347e+001 +1.077503347e+001 +1.351503347e+001 +1.351503347e+001 +2.3095e+000 -7.4059e-001 +7.7288e-001 +1.3934e+000 +1.8575e+000 +2.0339e+000 +4.1354e-001 +3.9658e+000 -4.2230e+000 +2.3113e+000
598 +1.021321529e+001 +1.021321529e+001 +1.295321529e+001 +1.295321529e+001 +2.1742e+000 -6.8968e-001 +9.7340e-001 +1.5298e+000 +1.7595e+000 +2.1846e+000 +6.6316e-001 +3.9843e+000 -3.9448e+000 +2.0427e+000
632 +9.645741249e+000 +9.645741249e+000 +1.238574125e+001 +1.238574125e+001 +2.1024e+000 -9.2749e-001 +1.2451e-001 +1.3996e+000 +1.8966e+000 +1.9111e+000 +1.1423e+000 +3.7335e+000 -3.5757e+000 +2.0625e+000
739 +9.364705312e+000 +9.364705312e+000 +1.210470531e+001 +1.210470531e+001 +2.1500e+000 -5.4931e-001 +6.8961e-001 +1.2906e+000 +1.5006e+000 +1.8552e+000 +8.2356e-001 +3.9303e+000 -3.5406e+000 +2.0084e+000
775 +9.153205905e+000 +9.153205905e+000 +1.189320591e+001 +1.189320591e+001 +2.2632e+000 -8.6212e-001 +8.2265e-001 +1.0590e+000 +1.7030e+000 +1.7199e+000 +1.0049e+000 +4.1576e+000 -3.8775e+000 +2.0828e+000
833 +8.964755268e+000 +8.964755268e+000 +1.170475527e+001 +1.170475527e+001 +2.2709e+000 -7.8317e-001 +7.1619e-001 +9.9860e-001 +1.6022e+000 +1.8726e+000 +8.6801e-001 +3.9997e+000 -3.5470e+000 +2.1397e+000
873 +8.639173156e+000 +8.639173156e+000 +1.137917316e+001 +1.137917316e+001 +2.1129e+000 -8.6477e-001 +6.4049e-001 +9.6402e-001 +1.1630e+000 +2.2000e+000 +1.0571e+000 +3.9531e+000 -3.6235e+000 +2.1606e+000
1153 +8.510947957e+000 +8.510947957e+000 +1.125094796e+001 +1.125094796e+001 +2.1249e+000 -9.6292e-001 +5.7795e-001 +9.8396e-001 +1.5674e+000 +2.0241e+000 +1.1105e+000 +3.9663e+000 -3.7546e+000 +2.1472e+000
% function evaluation | noise-free fitness - Fopt (-3.564000000000e+001) | best noise-free fitness - Fopt | measured fitness | best measured fitness | x1 | x2...
1 +1.227989757e+002 +1.227989757e+002 +8.715897566e+001 +8.715897566e+001 +5.4371e+000 +4.6481e+000 +5.4445e-001 -4.8898e+000 +1.9678e+000 +2.3790e+000 +1.1080e+001 -2.9610e-001 +3.5397e+000 +2.1193e+000
3 +8.390268925e+001 +8.390268925e+001 +4.826268925e+001 +4.826268925e+001 -5.9461e-001 +2.1227e-001 +5.6821e-001 -5.1592e+000 +1.2845e+000 +5.7107e+000 +6.5506e+000 +6.9183e-001 -1.3266e+000 -3.5497e+000
7 +8.188439934e+001 +8.188439934e+001 +4.624439934e+001 +4.624439934e+001 +4.3053e+000 -2.4220e+000 +7.9563e-001 -1.7937e+000 +6.7464e-001 +4.5711e+000 +9.9999e-001 -2.0667e+000 -8.9735e-002 -4.1169e+000
8 +7.778733572e+001 +7.778733572e+001 +4.214733572e+001 +4.214733572e+001 +2.0391e+000 +2.7874e+000 +1.4798e+000 -4.5323e+000 -3.7515e+000 +7.5503e-001 +1.4020e+000 -3.2488e+000 -8.5113e-001 -5.0735e+000
11 +5.891091787e+001 +5.891091787e+001 +2.327091787e+001 +2.327091787e+001 +7.7478e-001 -1.9365e+000 +2.6324e+000 -2.9705e+000 -3.5374e+000 +2.0884e+000 +4.0508e+000 -3.5423e-001 -8.3255e-003 +3.1434e-001
15 +3.275779855e+001 +3.275779855e+001 -2.882201455e+000 -2.882201455e+000 -6.4561e-001 +3.1069e-001 -1.3484e+000 -3.7632e+000 -3.7108e+000 +4.5865e+000 +1.8906e+000 -5.9010e-001 -3.5275e+000 -3.9968e+000
877 +2.961162227e+001 +2.961162227e+001 -6.028377733e+000 -6.028377733e+000 -1.4368e+000 -2.5665e-001 -7.7413e-001 -2.2428e-001 -4.0073e-001 +9.6696e-001 -9.7627e-001 +8.0839e-001 -3.7176e+000 +2.3036e-001
907 +2.498154736e+001 +2.498154736e+001 -1.065845264e+001 -1.065845264e+001 -2.3866e-001 +1.6319e-001 -5.2038e-001 +3.1054e+000 +6.7689e-002 +1.2999e+000 -2.0564e+000 +1.1037e+000 -2.1863e+000 +1.9998e+000
1122 +2.430166176e+001 +2.430166176e+001 -1.133833824e+001 -1.133833824e+001 -4.7778e-001 -7.8395e-001 -5.0552e-001 +1.2529e+000 +4.4095e-001 +1.7967e+000 -2.2624e+000 +4.9114e-001 -2.6294e+000 +2.4816e-001
1165 +2.367017540e+001 +2.367017540e+001 -1.196982460e+001 -1.196982460e+001 -7.2879e-001 -9.2177e-001 -1.3048e+000 +6.3759e-001 -6.0717e-001 +2.0632e+000 -1.7322e+000 +1.7382e+000 -2.1733e+000 -1.6082e-001
1188 +2.254537566e+001 +2.254537566e+001 -1.309462434e+001 -1.309462434e+001 -7.5350e-001 -6.2737e-001 -6.7628e-001 +1.8236e+000 -1.9216e+000 +1.6860e+000 -1.4686e+000 +1.1091e+000 -2.5025e+000 +7.4967e-001
1209 +2.200602907e+001 +2.200602907e+001 -1.363397093e+001 -1.363397093e+001 -3.5978e-001 -1.1793e+000 -2.8080e+000 +3.2288e+000 +3.3094e-001 -1.0407e+000 +2.2798e+000 +1.7856e+000 +9.8211e-003 -6.4360e-002
1371 +1.849590682e+001 +1.849590682e+001 -1.714409318e+001 -1.714409318e+001 -1.0500e+000 -8.2595e-001 -7.1875e-001 +1.1923e+000 -1.2874e+000 +1.5181e+000 -2.6935e+000 +1.8404e+000 -2.1540e+000 +7.4200e-001
1488 +1.756895720e+001 +1.756895720e+001 -1.807104280e+001 -1.807104280e+001 -9.7711e-001 -8.6814e-001 -1.3285e+000 +1.3688e+000 -1.0552e+000 +1.4039e+000 -2.4091e+000 +1.9515e+000 -2.0057e+000 +6.4167e-001
1504 +1.672261774e+001 +1.672261774e+001 -1.891738226e+001 -1.891738226e+001 -1.0207e+000 -8.4620e-001 -9.9552e-001 +1.9850e+000 -2.3542e-001 +8.6465e-001 -2.6149e+000 +1.4750e+000 -1.9326e+000 +1.4689e+000
1556 +1.568201988e+001 +1.568201988e+001 -1.995798012e+001 -1.995798012e+001 -1.1298e+000 -7.4499e-001 -1.0702e+000 +1.4104e+000 -6.4525e-001 +1.3254e+000 -2.4791e+000 +1.0458e+000 -2.0415e+000 +7.1940e-001
1615 +1.477348841e+001 +1.477348841e+001 -2.086651159e+001 -2.086651159e+001 -9.3065e-001 -5.7067e-001 -1.4015e+000 +1.9762e+000 -6.2345e-001 +1.1079e+000 -2.7349e+000 +1.4656e+000 -2.1157e+000 +1.0688e+000
1820 +1.422953773e+001 +1.422953773e+001 -2.141046227e+001 -2.141046227e+001 -1.1842e+000 -7.2421e-001 -1.4417e+000 +1.8592e+000 -7.4766e-001 +1.3084e+000 -2.6486e+000 +1.0932e+000 -2.3068e+000 +1.0042e+000
1929 +1.411659226e+001 +1.411659226e+001 -2.152340774e+001 -2.152340774e+001 -1.1373e+000 -7.3002e-001 -1.3315e+000 +2.2890e+000 -7.0114e-001 +1.1163e+000 -2.6111e+000 +1.1280e+000 -2.2351e+000 +1.1585e+000
2159 +1.376626450e+001 +1.376626450e+001 -2.187373550e+001 -2.187373550e+001 -1.1893e+000 -5.1687e-001 -1.3644e+000 +2.1780e+000 -7.2698e-001 +1.0139e+000 -2.6803e+000 +1.1621e+000 -2.4179e+000 +1.0826e+000
% function evaluation | noise-free fitness - Fopt (-4.590900000000e+002) | best noise-free fitness - Fopt | measured fitness | best measured fitness | x1 | x2...
1 +8.824161520e+001 +8.824161520e+001 -3.708483848e+002 -3.708483848e+002 -2.8771e+000 +1.8006e-001 -1.6272e+000 -7.2626e+000 -1.9399e+000 +1.1278e+000 -4.5529e+000 +6.6125e+000 -2.6565e+000 -2.1498e-001
2 +7.641130703e+001 +7.641130703e+001 -3.826786930e+002 -3.826786930e+002 -3.2441e+000 -3.1552e+000 -1.4469e+000 +2.2895e+000 +1.6403e+000 -1.8817e+000 -1.8911e-001 +3.9339e+000 +3.1777e+000 +3.8965e+000
3 +7.566167933e+001 +7.566167933e+001 -3.834283207e+002 -3.834283207e+002 -3.0497e+000 -1.3819e+000 -3.3443e+000 -1.7476e+000 +2.1418e+000 +1.7726e+000 +3.9044e+000 +3.7632e+000 +3.9996e-001 +5.4339e+000
48 +7.226471545e+001 +7.226471545e+001 -3.868252846e+002 -3.868252846e+002 -4.8819e-001 -7.9188e-001 -7.2568e-001 +1.8497e+000 -4.2573e+000 -3.9845e-001 +2.9965e+000 +2.5488e+000 +2.6825e+000 -5.9378e+000
96 +7.042321151e+001 +7.042321151e+001 -3.886667885e+002 -3.886667885e+002 -3.8512e+000 -3.2735e+000 -1.2070e+000 +4.3593e+000 +1.0865e-001 -1.8043e+000 -1.4486e+000 -4.1834e+000 -1.1637e+000 +4.9970e+000
98 +6.492560674e+001 +6.492560674e+001 -3.941643933e+002 -3.941643933e+002 -2.1113e+000 +3.6203e+000 -3.5960e+000 +2.0810e+000 -1.4778e+000 -1.7199e+000 +3.3334e-001 +3.8455e+000 +1.8786e+000 +2.7525e+000
123 +5.328361362e+001 +5.328361362e+001 -4.058063864e+002 -4.058063864e+002 -2.1564e+000 -2.5289e+000 -2.2186e+000 -1.6539e+000 -1.1698e+000 -9.4943e-001 +2.5879e+000 -1.2495e+000 +3.0200e+000 +7.7834e-001
165 +3.109765974e+001 +3.109765974e+001 -4.279923403e+002 -4.279923403e+002 -5.5238e+000 +3.8511e-001 -1.6348e+000 -8.4754e-001 -4.5415e-001 -5.2522e-001 +5.0199e-001 -5.9034e-001 -1.5594e+000 +3.3212e+000
476 +2.614912440e+001 +2.614912440e+001 -4.329408756e+002 -4.329408756e+002 -2.1114e+000 -2.8262e+000 -4.2166e+000 -3.7429e+000 -7.1646e-001 -2.0550e-001 +1.9302e+000 +1.3968e+000 -3.3169e+000 +2.3641e+000
543 +2.167209935e+001 +2.167209935e+001 -4.374179006e+002 -4.374179006e+002 -2.4356e+000 -4.2301e+000 -4.9286e+000 -4.2348e+000 -1.4654e+000 -9.0634e-001 +2.5188e+000 +2.4041e+000 -1.9715e+000 +2.2055e+000
601 +2.092040077e+001 +2.092040077e+001 -4.381695992e+002 -4.381695992e+002 -1.0624e+000 -4.3184e+000 -4.0178e+000 -2.9541e+000 -9.4308e-001 -3.7374e-001 +2.3660e+000 +8.5717e-001 -4.3119e+000 +9.4316e-001
613 +2.059616894e+001 +2.059616894e+001 -4.384938311e+002 -4.384938311e+002 -1.4350e+000 -5.0622e+000 -4.6038e+000 -3.3995e+000 -4.0156e-002 -9.5731e-001 +2.4996e+000 +1.1033e+000 -4.4971e+000 +7.6785e-001
635 +1.023499972e+001 +1.023499972e+001 -4.488550003e+002 -4.488550003e+002 -1.3371e+000 -2.7462e+000 -4.2395e+000 -3.7804e+000 -1.4882e+000 -1.6034e+000 +2.3931e+000 +1.3450e+000 -3.4445e+000 +1.0032e+000
655 +9.657103111e+000 +9.657103111e+000 -4.494328969e+002 -4.494328969e+002 -1.3491e+000 -3.5029e+000 -3.9058e+000 -3.3316e+000 -1.3026e+000 -1.1910e+000 +2.1574e+000 +1.5348e+000 -3.4310e+000 +1.4847e+000
661 +8.383174928e+000 +8.383174928e+000 -4.507068251e+002 -4.507068251e+002 -9.1262e-001 -3.8524e+000 -4.6285e+000 -4.2129e+000 -2.9505e-001 -2.1844e+000 +1.9853e+000 +1.7485e+000 -3.1400e+000 +7.1597e-001
707 +7.175817950e+000 +7.175817950e+000 -4.519141820e+002 -4.519141820e+002 -1.8157e+000 -4.7976e+000 -4.4896e+000 -4.4971e+000 -1.2250e+000 -1.9285e+000 +1.6617e+000 +1.0749e+000 -3.6049e+000 +9.6435e-001
805 +6.997968214e+000 +6.997968214e+000 -4.520920318e+002 -4.520920318e+002 -1.5033e+000 -3.5895e+000 -4.9256e+000 -4.2237e+000 -1.5493e+000 -2.9550e+000 +2.0415e+000 +1.2128e+000 -3.0259e+000 +8.9780e-001
845 +6.304830990e+000 +6.304830990e+000 -4.527851690e+002 -4.527851690e+002 -1.4233e+000 -3.5586e+000 -4.5157e+000 -4.2675e+000 -1.7767e+000 -3.2083e+000 +1.6331e+000 +2.1070e+000 -3.5846e+000 +1.4567e+000
877 +5.031977697e+000 +5.031977697e+000 -4.540580223e+002 -4.540580223e+002 -1.9998e+000 -4.8583e+000 -4.2691e+000 -4.3694e+000 -1.3770e+000 -2.9968e+000 +2.1880e+000 +1.5889e+000 -2.9908e+000 +1.2181e+000
944 +4.164247152e+000 +4.164247152e+000 -4.549257528e+002 -4.549257528e+002 -1.8285e+000 -4.6633e+000 -4.4536e+000 -4.1297e+000 -1.1240e+000 -2.9483e+000 +2.0067e+000 +1.8976e+000 -3.0296e+000 +1.6267e+000
1031 +3.358663202e+000 +3.358663202e+000 -4.557313368e+002 -4.557313368e+002 -1.7173e+000 -4.1203e+000 -4.4361e+000 -4.1645e+000 -1.7007e+000 -2.8021e+000 +1.8056e+000 +1.6708e+000 -3.7574e+000 +1.2117e+000
1079 +3.237170164e+000 +3.237170164e+000 -4.558528298e+002 -4.558528298e+002 -1.2912e+000 -4.1990e+000 -4.2957e+000 -4.0629e+000 -1.5262e+000 -2.9397e+000 +2.0238e+000 +2.3732e+000 -3.5290e+000 +1.0016e+000
1109 +3.189942809e+000 +3.189942809e+000 -4.559000572e+002 -4.559000572e+002 -1.6520e+000 -4.3351e+000 -3.9798e+000 -3.9811e+000 -1.4313e+000 -3.0140e+000 +2.1107e+000 +1.8195e+000 -3.5552e+000 +1.2460e+000
1113 +2.981860404e+000 +2.981860404e+000 -4.561081396e+002 -4.561081396e+002 -1.6530e+000 -4.2490e+000 -4.2573e+000 -4.2393e+000 -1.6824e+000 -2.6188e+000 +1.9035e+000 +1.9575e+000 -3.6248e+000 +1.1794e+000
1178 +2.922235701e+000 +2.922235701e+000 -4.561677643e+002 -4.561677643e+002 -1.5615e+000 -4.2271e+000 -4.1790e+000 -4.1591e+000 -1.4277e+000 -2.7106e+000 +1.9166e+000 +1.8408e+000 -3.5647e+000 +1.1395e+000
1229 +2.821002467e+000 +2.821002467e+000 -4.562689975e+002 -4.562689975e+002 -1.6648e+000 -4.2617e+000 -4.6293e+000 -4.0927e+000 -1.4760e+000 -3.0151e+000 +1.8205e+000 +1.7952e+000 -3.4873e+000 +1.1975e+000
1277 +2.793804119e+000 +2.793804119e+000 -4.562961959e+002 -4.562961959e+002 -1.6137e+000 -4.1870e+000 -4.3092e+000 -4.0933e+000 -1.3394e+000 -2.8466e+000 +1.9503e+000 +1.9396e+000 -3.6129e+000 +1.2545e+000
1372 +2.696988788e+000 +2.696988788e+000 -4.563930112e+002 -4.563930112e+002 -1.8503e+000 -4.3713e+000 -4.3667e+000 -4.0500e+000 -1.4329e+000 -2.8284e+000 +1.9239e+000 +2.2014e+000 -3.5227e+000 +1.2939e+000
1402 +2.688445752e+000 +2.688445752e+000 -4.564015542e+002 -4.564015542e+002 -1.8128e+000 -4.3130e+000 -4.3184e+000 -3.9718e+000 -1.4020e+000 -2.8463e+000 +1.9148e+000 +1.9654e+000 -3.3814e+000 +1.1541e+000
1437 +2.627516481e+000 +2.627516481e+000 -4.564624835e+002 -4.564624835e+002 -1.7188e+000 -4.4296e+000 -4.3172e+000 -4.0655e+000 -1.3902e+000 -2.6950e+000 +1.9005e+000 +2.0431e+000 -3.5013e+000 +1.2078e+000
1577 +2.556632436e+000 +2.556632436e+000 -4.565333676e+002 -4.565333676e+002 -1.6997e+000 -4.3697e+000 -4.4760e+000 -4.0628e+000 -1.4320e+000 -2.7959e+000 +1.9142e+000 +2.0700e+000 -3.4867e+000 +1.1509e+000
1707 +2.501797669e+000 +2.501797669e+000 -4.565882023e+002 -4.565882023e+002 -1.6421e+000 -4.4072e+000 -4.4610e+000 -4.0292e+000 -1.4577e+000 -2.8177e+000 +2.0021e+000 +2.0371e+000 -3.5858e+000 +1.1439e+000
% function evaluation | noise-free fitness - Fopt (6.085000000000e+001) | best noise-free fitness - Fopt | measured fitness | best measured fitness | x1 | x2...
1 +2.278473481e+002 +2.278473481e+002 +2.886973481e+002 +2.886973481e+002 +7.3712e-001 -5.7980e-001 +1.5310e+000 -2.7864e-001 -4.4582e+000 +1.6886e+001 +3.4565e+000 -1.2760e+000 -2.1278e+000 -2.2739e+000
2 +8.606733374e+001 +8.606733374e+001 +1.469173337e+002 +1.469173337e+002 +1.5357e+000 -4.7800e+000 -3.1101e+000 -3.5932e+000 -6.2354e+000 +3.2203e+000 +3.8277e+000 +8.0737e-001 -3.8051e+000 -4.0928e+000
5 +8.045134892e+001 +8.045134892e+001 +1.413013489e+002 +1.413013489e+002 +2.4782e+000 -4.7918e+000 +6.0278e-001 -2.0976e+000 -5.8150e+000 +5.1005e+000 +1.6300e+000 +1.7758e+000 -2.8952e+000 -1.0195e+000
10 +7.755568988e+001 +7.755568988e+001 +1.384056899e+002 +1.384056899e+002 +3.3887e+000 -2.8169e+000 -3.9290e-001 +1.4890e+000 +1.2564e+000 +1.5005e+000 +3.2727e+000 -3.7776e+000 -1.5196e+000 -2.6354e-003
12 +7.224366337e+001 +7.224366337e+001 +1.330936634e+002 +1.330936634e+002 +9.6485e-001 -3.3480e+000 +1.3632e+000 +2.1222e+000 -2.7360e+000 +3.4700e+000 +2.6453e+000 +3.9145e-001 -1.9632e+000 -2.8355e-001
32 +6.969507920e+001 +6.969507920e+001 +1.305450792e+002 +1.305450792e+002 +1.3495e+000 -3.5400e+000 +2.6733e+000 -3.6377e+000 -2.8726e+000 +4.3250e+000 +1.7107e+000 +1.3512e+000 -1.6680e+000 -1.7550e+000
37 +6.770293048e+001 +6.770293048e+001 +1.285529305e+002 +1.285529305e+002 -6.0387e-002 -3.8018e+000 +2.2461e+000 +2.3902e+000 -2.0115e+000 +4.1422e+000 +3.0113e+000 -6.8552e-001 -3.0656e+000 -1.3486e+000
48 +6.628338204e+001 +6.628338204e+001 +1.271333820e+002 +1.271333820e+002 -2.4885e+000 -4.5461e+000 +2.4373e+000 +6.4920e-001 -2.2531e+000 +4.8257e+000 +8.7224e-001 +3.9534e+000 -2.5912e+000 -3.3956e+000
76 +6.418662593e+001 +6.418662593e+001 +1.250366259e+002 +1.250366259e+002 +4.5601e-001 -2.9002e+000 -4.6476e-001 +3.4790e-001 -1.3243e+000 +3.5684e+000 -6.6042e-001 +1.5009e+000 -4.6855e+000 -3.4376e+000
109 +5.376146699e+001 +5.376146699e+001 +1.146114670e+002 +1.146114670e+002 +1.4242e+000 +6.1572e+000 +1.5739e+000 +3.7829e+000 +1.6769e+000 +1.4383e+000 -3.5675e-002 +3.7931e-003 -1.7153e+000 -1.0809e+000
183 +5.347598303e+001 +5.347598303e+001 +1.143259830e+002 +1.143259830e+002 +1.9621e+000 -1.6966e+000 +3.9538e-001 +1.3150e+000 +1.4987e+000 +1.7688e+000 -1.3593e+000 -1.7835e-001 -5.8198e-001 -2.9760e+000
485 +2.701812943e+001 +2.701812943e+001 +8.786812943e+001 +8.786812943e+001 -1.8385e+000 -3.5885e+000 +1.1517e+000 +1.4700e+000 +1.3280e+000 +2.7168e+000 +2.1399e+000 -1.6003e+000 -4.1311e+000 -3.8066e-002
666 +2.569811472e+001 +2.569811472e+001 +8.654811472e+001 +8.654811472e+001 -3.7947e-001 -4.5611e+000 -1.9483e-001 +8.6543e-001 +1.5250e+000 +2.4487e+000 +1.5111e+000 -1.5390e+000 -2.5165e+000 +2.6453e+000
668 +2.501296844e+001 +2.501296844e+001 +8.586296844e+001 +8.586296844e+001 -8.3142e-001 -3.8982e+000 -5.6505e-001 +9.6529e-001 +2.2660e+000 +1.6867e+000 +2.1414e+000 -1.8211e-001 -1.8436e+000 +3.5899e+000
670 +2.037263158e+001 +2.037263158e+001 +8.122263158e+001 +8.122263158e+001 -9.7803e-001 -3.4357e+000 +1.0092e-001 +1.1309e+000 +1.1657e+000 +1.2119e+000 +2.5233e+000 -1.7262e+000 -2.8788e+000 +2.7505e+000
702 +1.913395746e+001 +1.913395746e+001 +7.998395746e+001 +7.998395746e+001 -6.2104e-001 -3.2992e+000 +4.0205e-001 -6.8462e-001 +3.0754e+000 +2.7793e+000 +1.1317e+000 -2.1790e+000 -3.6525e+000 +2.0584e+000
788 +1.456945451e+001 +1.456945451e+001 +7.541945451e+001 +7.541945451e+001 -7.8883e-001 -3.2402e+000 -2.0593e-001 +1.1039e+000 +1.4723e+000 +1.5906e+000 +1.8175e+000 -1.5156e+000 -3.8913e+000 +1.4380e+000
792 +1.334823424e+001 +1.334823424e+001 +7.419823424e+001 +7.419823424e+001 -2.3639e-001 -3.7684e+000 -8.1033e-001 +7.3134e-001 +1.8756e+000 +1.3045e+000 +1.8483e+000 -1.7237e+000 -4.2390e+000 +2.2534e+000
820 +1.015242730e+001 +1.015242730e+001 +7.100242730e+001 +7.100242730e+001 -3.0832e-001 -3.3556e+000 -1.6711e-001 +3.8711e-001 +2.6975e+000 +2.1436e+000 +2.3467e+000 -1.3430e+000 -3.6991e+000 +1.8666e+000
924 +8.971860385e+000 +8.971860385e+000 +6.982186039e+001 +6.982186039e+001 -6.3334e-001 -3.3448e+000 -1.3542e-001 -2.1445e-001 +2.3099e+000 +1.8667e+000 +2.4758e+000 -1.2781e+000 -3.9321e+000 +2.1347e+000
996 +8.482907627e+000 +8.482907627e+000 +6.933290763e+001 +6.933290763e+001 -6.2867e-001 -4.1410e+000 -2.3974e-001 -5.7318e-002 +2.5695e+000 +2.0071e+000 +2.1822e+000 -1.4940e+000 -4.0902e+000 +1.8308e+000
1274 +8.297829510e+000 +8.297829510e+000 +6.914782951e+001 +6.914782951e+001 -7.8613e-001 -3.6983e+000 -2.0572e-001 -4.0812e-001 +2.3382e+000 +1.5301e+000 +2.2063e+000 -1.6661e+000 -4.0007e+000 +2.1436e+000
1857 +8.127196721e+000 +8.127196721e+000 +6.897719672e+001 +6.897719672e+001 -6.2569e-001 -3.8374e+000 -3.2235e-001 -4.0647e-001 +2.5505e+000 +1.6044e+000 +2.1651e+000 -1.6494e+000 -3.9042e+000 +2.2599e+000
% function evaluation | noise-free fitness - Fopt (-1.435000000000e+002) | best noise-free fitness - Fopt | measured fitness | best measured fitness | x1 | x2...
1 +9.324282662e+001 +9.324282662e+001 -5.025717338e+001 -5.025717338e+001 -4.1602e+000 -3.5901e+000 -2.3213e+000 +4.0585e+000 -5.7623e+000 +1.2447e+000 -1.6763e+000 -7.5504e+000 +2.9225e+000 +2.0154e+000
2 +7.637630862e+001 +7.637630862e+001 -6.712369138e+001 -6.712369138e+001 -7.0870e-001 -3.2295e+000 +1.2445e+000 +5.9489e+000 -1.6388e+000 -2.3998e+000 -2.4975e+000 -1.0434e+000 +2.6130e+000 +3.8718e+000
31 +7.148507739e+001 +7.148507739e+001 -7.201492261e+001 -7.201492261e+001 -7.1485e-001 -2.1616e+000 +2.4042e+000 +2.0305e+000 -3.4726e+000 -3.1962e+000 +1.1586e+000 -1.2313e+000 +2.6572e+000 -1.5364e-001
47 +6.536027173e+001 +6.536027173e+001 -7.813972827e+001 -7.813972827e+001 +6.5751e-003 -2.4679e+000 -4.9190e+000 +3.2192e+000 -3.5711e+000 -2.7949e+000 -1.8187e+000 -5.1182e-001 +5.2632e+000 -5.9906e-001
132 +6.331513629e+001 +6.331513629e+001 -8.018486371e+001 -8.018486371e+001 -1.3214e+000 +1.5323e-001 -1.8090e+000 -6.9621e-001 +4.9730e-001 -2.5752e+000 -1.2462e+000 +6.2524e-003 -1.7754e+000 +9.9516e-001
159 +6.038095790e+001 +6.038095790e+001 -8.311904210e+001 -8.311904210e+001 -3.9060e-001 +3.4456e+000 -3.2974e+000 -1.2801e-001 +3.3931e-001 -4.9156e+000 -1.4874e+000 +1.9840e+000 -2.9713e+000 +4.8849e-001
170 +5.819761269e+001 +5.819761269e+001 -8.530238731e+001 -8.530238731e+001 -1.3106e+000 +2.3325e+000 -2.3522e+000 +6.0177e-001 -1.1686e+000 -1.9275e+000 -6.9692e-001 +1.1720e+000 -6.8773e-001 +4.1007e-001
201 +4.757775396e+001 +4.757775396e+001 -9.592224604e+001 -9.592224604e+001 -7.0310e-002 +1.4038e+000 -2.2272e-001 +7.4323e-001 -1.0024e+000 -2.7025e+000 -3.4360e+000 +2.8653e+000 -1.7902e+000 +9.6378e-001
207 +4.110190609e+001 +4.110190609e+001 -1.023980939e+002 -1.023980939e+002 -1.1405e+000 +8.1386e-001 -8.3342e-001 -2.1790e+000 +1.4593e+000 -2.6998e-001 +6.1823e-001 -2.6459e+000 +7.3038e-001 +2.2847e+000
235 +3.993001549e+001 +3.993001549e+001 -1.035699845e+002 -1.035699845e+002 -1.1965e+000 +2.6696e+000 -5.8468e-001 +1.7823e+000 -1.7476e-002 -2.1023e+000 -1.8732e+000 -3.6522e+000 +1.4930e+000 -1.5433e-001
493 +2.298271564e+001 +2.298271564e+001 -1.205172844e+002 -1.205172844e+002 -7.5684e-001 +2.5227e+000 -1.7023e+000 +1.7721e+000 +1.2736e-001 -2.7284e+000 -1.3016e+000 -1.4729e+000 +9.4654e-002 +1.9103e+000
635 +2.193357902e+001 +2.193357902e+001 -1.215664210e+002 -1.215664210e+002 -2.1558e+000 +2.5898e+000 -1.8831e+000 +9.4997e-001 +1.8250e-001 -3.0905e+000 +2.8433e+000 +1.7928e+000 +1.5709e+000 -2.6468e+000
715 +1.971398120e+001 +1.971398120e+001 -1.237860188e+002 -1.237860188e+002 -2.3941e+000 +3.1701e+000 -2.6728e+000 +1.2510e+000 +7.7902e-001 -2.6455e+000 +2.7582e+000 -9.3511e-002 +1.7915e+000 -1.4852e+000
727 +1.920247370e+001 +1.920247370e+001 -1.242975263e+002 -1.242975263e+002 -3.8432e+000 +4.8075e+000 -1.1689e+000 +1.8323e+000 +5.0384e-001 -2.2645e+000 +1.3459e+000 +8.0358e-001 +7.3850e-001 -1.0838e+000
734 +1.000261938e+001 +1.000261938e+001 -1.334973806e+002 -1.334973806e+002 -1.9000e+000 +3.5936e+000 -1.5611e+000 +5.1536e+000 +1.5032e+000 -4.1108e+000 +8.1569e-001 +3.6073e+000 +1.3582e+000 -8.4817e-001
964 +9.824420582e+000 +9.824420582e+000 -1.336755794e+002 -1.336755794e+002 -3.6657e+000 +3.3519e+000 -1.7947e+000 +1.7558e+000 +6.7023e-001 -2.5353e+000 +1.7861e+000 +5.1587e-001 +1.3311e+000 -2.1233e+000
1043 +9.255367015e+000 +9.255367015e+000 -1.342446330e+002 -1.342446330e+002 -3.5997e+000 +3.1757e+000 -1.7199e+000 +6.2796e-001 +8.4288e-001 -2.4437e+000 +2.2923e+000 +3.1135e-001 +1.4256e+000 -1.8505e+000
1051 +8.611806199e+000 +8.611806199e+000 -1.348881938e+002 -1.348881938e+002 -4.0574e+000 +2.8775e+000 -2.0202e+000 +1.0358e+000 +8.6152e-001 -2.5060e+000 +2.3253e+000 +5.5726e-001 +1.0643e+000 -1.8340e+000
1060 +8.263636781e+000 +8.263636781e+000 -1.352363632e+002 -1.352363632e+002 -3.8680e+000 +3.4168e+000 -2.3526e+000 +1.0668e+000 +7.4579e-001 -2.5774e+000 +2.2093e+000 +6.7260e-001 +1.3849e+000 -2.0439e+000
1221 +8.073019530e+000 +8.073019530e+000 -1.354269805e+002 -1.354269805e+002 -4.1566e+000 +3.1152e+000 -2.0182e+000 +8.0973e-001 +7.0257e-001 -2.4720e+000 +2.1605e+000 +5.1630e-001 +1.1575e+000 -1.8402e+000
1228 +7.864447475e+000 +7.864447475e+000 -1.356355525e+002 -1.356355525e+002 -4.1496e+000 +3.4184e+000 -2.0865e+000 +8.5654e-001 +7.5162e-001 -2.5296e+000 +2.2992e+000 +4.7681e-001 +1.2346e+000 -1.9937e+000
1268 +7.418426010e+000 +7.418426010e+000 -1.360815740e+002 -1.360815740e+002 -4.4344e+000 +3.3877e+000 -1.9481e+000 +1.0578e+000 +5.6491e-001 -2.5919e+000 +2.2096e+000 +6.7057e-001 +1.2923e+000 -2.0188e+000
1363 +7.393278254e+000 +7.393278254e+000 -1.361067217e+002 -1.361067217e+002 -4.3729e+000 +3.2850e+000 -2.0766e+000 +1.0503e+000 +6.6142e-001 -2.5201e+000 +2.2118e+000 +7.6323e-001 +1.3925e+000 -2.1197e+000
1387 +7.181370586e+000 +7.181370586e+000 -1.363186294e+002 -1.363186294e+002 -4.6481e+000 +3.4787e+000 -2.1571e+000 +1.0156e+000 +4.4733e-001 -2.4474e+000 +2.2270e+000 +5.2562e-001 +1.4007e+000 -2.1995e+000
1422 +7.006176981e+000 +7.006176981e+000 -1.364938230e+002 -1.364938230e+002 -4.8111e+000 +3.4723e+000 -1.9752e+000 +9.8730e-001 +4.7061e-001 -2.5904e+000 +2.2800e+000 +4.8352e-001 +1.3322e+000 -2.3055e+000
1498 +6.818660443e+000 +6.818660443e+000 -1.366813396e+002 -1.366813396e+002 -4.5483e+000 +3.3332e+000 -1.7946e+000 +9.7472e-001 +4.1355e-001 -2.4894e+000 +2.2827e+000 +5.8189e-001 +1.3873e+000 -2.3507e+000
1608 +6.621394392e+000 +6.621394392e+000 -1.368786056e+002 -1.368786056e+002 -4.7898e+000 +3.2592e+000 -1.7635e+000 +1.1257e+000 +4.0738e-001 -2.3836e+000 +2.1701e+000 +7.2840e-001 +1.3667e+000 -2.4516e+000
1722 +6.493379244e+000 +6.493379244e+000 -1.370066208e+002 -1.370066208e+002 -4.7171e+000 +3.0000e+000 -1.7172e+000 +1.0447e+000 +1.1547e-001 -2.3916e+000 +2.1367e+000 +7.1079e-001 +1.4977e+000 -2.4894e+000
1859 +6.437569521e+000 +6.437569521e+000 -1.370624305e+002 -1.370624305e+002 -4.8758e+000 +3.0594e+000 -1.8296e+000 +9.2528e-001 +1.5774e-001 -2.5143e+000 +2.1633e+000 +6.3864e-001 +1.6156e+000 -2.5618e+000
2154 +6.305322261e+000 +6.305322261e+000 -1.371946777e+002 -1.371946777e+002 -4.8517e+000 +3.0700e+000 -1.8440e+000 +1.1510e+000 +1.9696e-001 -2.4682e+000 +2.1554e+000 +6.8419e-001 +1.4946e+000 -2.6809e+000
% function evaluation | noise-free fitness - Fopt (9.465100000000e+002) | best noise-free fitness - Fopt | measured fitness | best measured fitness | x1 | x2...
1 +1.342426361e+002 +1.342426361e+002 +1.080752636e+003 +1.080752636e+003 +2.5045e+000 -1.8069e+000 +1.1367e+001 +7.6763e+000 +1.7004e+000 -1.3574e+000 -4.5032e+000 +3.7288e+000 -1.2535e+000 +3.6503e+000
2 +8.437295033e+001 +8.437295033e+001 +1.030882950e+003 +1.030882950e+003 +1.9572e+000 +4.4109e+000 -1.2934e+000 +1.6438e+000 -5.6978e+000 -3.3365e+000 +1.5301e+000 +2.0182e+000 -3.8355e+000 +7.3615e-002
5 +7.131159972e+001 +7.131159972e+001 +1.017821600e+003 +1.017821600e+003 +3.3038e+000 -4.0959e+000 +1.2805e+000 -1.7374e+000 +8.0858e-001 -1.4487e+000 -2.4496e+000 -1.6791e+000 +1.5247e+000 -7.4071e-001
31 +7.051285591e+001 +7.051285591e+001 +1.017022856e+003 +1.017022856e+003 +3.1397e+000 -1.8285e+000 +2.7563e+000 -2.1271e+000 +1.7460e+000 -5.4353e-001 -2.5267e+000 +1.7431e+000 +1.9892e+000 -2.3575e+000
50 +6.348014086e+001 +6.348014086e+001 +1.009990141e+003 +1.009990141e+003 +1.1013e+000 -2.0625e+000 +3.2863e+000 -2.0053e+000 +1.0110e+000 -2.8076e+000 -4.1804e+000 +3.5263e+000 +7.7288e-001 -5.7105e-001
51 +6.158701671e+001 +6.158701671e+001 +1.008097017e+003 +1.008097017e+003 +2.8510e+000 -1.7934e+000 +1.9177e+000 -7.3401e-001 +1.0652e+000 -1.5634e+000 -1.4163e+000 +1.5723e+000 -6.7761e-001 -1.5308e-003
105 +3.470921838e+001 +3.470921838e+001 +9.812192184e+002 +9.812192184e+002 +3.1731e+000 +2.4657e-001 +4.4603e+000 +5.6250e-001 +6.0273e-001 -2.4546e+000 -2.6098e+000 -1.6267e+000 +2.1567e+000 +6.6666e-001
203 +3.137514057e+001 +3.137514057e+001 +9.778851406e+002 +9.778851406e+002 +3.1576e+000 -1.6553e+000 +3.8916e+000 +2.2760e+000 +9.9392e-001 -2.2241e+000 -3.5671e+000 +2.5663e-001 +1.6283e+000 -9.5065e-001
226 +2.996948737e+001 +2.996948737e+001 +9.764794874e+002 +9.764794874e+002 +1.3152e+000 -8.2303e-001 +3.8624e+000 -4.7945e-001 +1.6996e+000 -2.5439e+000 -2.4824e+000 -1.0273e-001 +2.8016e+000 +5.6414e-001
309 +2.672555581e+001 +2.672555581e+001 +9.732355558e+002 +9.732355558e+002 +1.9047e+000 +1.3433e-001 +3.7777e+000 +2.6411e-001 +1.7134e+000 -3.8372e+000 -3.3499e+000 -6.9861e-001 +3.4789e+000 -2.3440e+000
318 +1.798937719e+001 +1.798937719e+001 +9.644993772e+002 +9.644993772e+002 +1.6664e+000 -7.6568e-001 +3.7899e+000 +2.8099e-001 +1.3662e+000 -2.9443e+000 -3.5919e+000 +8.2466e-001 +3.1660e+000 -6.3350e-001
363 +1.744994288e+001 +1.744994288e+001 +9.639599429e+002 +9.639599429e+002 +3.9691e+000 -1.2025e+000 +3.6347e+000 +8.4536e-001 +1.0025e+000 -3.3566e+000 -3.2549e+000 -8.8507e-001 +1.6388e+000 -3.7559e-001
390 +1.343408916e+001 +1.343408916e+001 +9.599440892e+002 +9.599440892e+002 +2.7929e+000 -1.2220e+000 +2.8447e+000 +3.2670e-001 +1.5187e+000 -3.3446e+000 -2.9086e+000 +3.2640e-001 +1.5780e+000 -1.0106e+000
556 +1.316355938e+001 +1.316355938e+001 +9.596735594e+002 +9.596735594e+002 +2.4150e+000 -5.6446e-001 +2.7198e+000 +3.3776e-001 +1.2129e+000 -3.5667e+000 -3.3037e+000 -1.7193e-001 +2.1571e+000 -9.5283e-001
586 +1.274407506e+001 +1.274407506e+001 +9.592540751e+002 +9.592540751e+002 +2.4903e+000 -3.9807e-001 +3.6198e+000 +7.0124e-001 +1.3441e+000 -3.4796e+000 -3.5516e+000 +2.7890e-001 +1.6295e+000 -1.2060e+000
602 +1.222135351e+001 +1.222135351e+001 +9.587313535e+002 +9.587313535e+002 +2.4726e+000 -6.8037e-001 +3.4842e+000 +8.2410e-001 +1.3472e+000 -3.5603e+000 -3.1616e+000 -2.4354e-002 +1.6817e+000 -2.2561e-001
617 +1.172728446e+001 +1.172728446e+001 +9.582372845e+002 +9.582372845e+002 +2.4356e+000 -8.6491e-001 +3.7383e+000 +5.2031e-001 +1.1124e+000 -3.5736e+000 -3.2800e+000 -9.3150e-001 +1.6206e+000 -1.0509e+000
618 +1.126722736e+001 +1.126722736e+001 +9.577772274e+002 +9.577772274e+002 +2.9792e+000 -6.0052e-001 +3.7439e+000 +2.8889e-001 +1.0673e+000 -3.4820e+000 -3.1694e+000 -3.1828e-001 +2.1409e+000 -8.6400e-001
629 +1.093958986e+001 +1.093958986e+001 +9.574495899e+002 +9.574495899e+002 +2.4741e+000 -8.5048e-001 +3.6693e+000 +5.9202e-002 +1.3813e+000 -3.5505e+000 -3.2196e+000 -4.6307e-001 +1.9989e+000 -8.0925e-001
810 +1.065724388e+001 +1.065724388e+001 +9.571672439e+002 +9.571672439e+002 +2.7546e+000 -6.6455e-001 +3.6744e+000 +4.8078e-001 +1.0112e+000 -3.6364e+000 -3.2135e+000 -1.6045e-001 +1.8707e+000 -9.6540e-001
1031 +1.040064013e+001 +1.040064013e+001 +9.569106401e+002 +9.569106401e+002 +2.8907e+000 -6.6079e-001 +3.5600e+000 +4.3231e-001 +1.1549e+000 -3.6986e+000 -2.9706e+000 -2.0100e-001 +1.5827e+000 -9.6441e-001
1210 +1.012448555e+001 +1.012448555e+001 +9.566344855e+002 +9.566344855e+002 +2.5886e+000 -7.6597e-001 +3.4846e+000 +4.7987e-001 +1.2150e+000 -3.7571e+000 -3.0813e+000 -2.6693e-001 +1.7015e+000 -1.0228e+000
1517 +9.991880118e+000 +9.991880118e+000 +9.565018801e+002 +9.565018801e+002 +2.5188e+000 -6.6321e-001 +3.5024e+000 +4.6286e-001 +1.3070e+000 -3.8323e+000 -2.9756e+000 -3.4333e-001 +1.8490e+000 -1.0833e+000
