% function evaluation | noise-free fitness - Fopt (4.078000000000e+001) | best noise-free fitness - Fopt | measured fitness | best measured fitness | x1 | x2...
1 +9.462295427e+001 +9.462295427e+001 +1.354029543e+002 +1.354029543e+002 +8.1698e+000 +5.3103e+000 +1.2632e+000 +4.2091e+000 -6.4104e+000
3 +7.749849887e+001 +7.749849887e+001 +1.182784989e+002 +1.182784989e+002 +4.2300e+000 +4.6915e+000 +1.4641e+000 +1.1819e+000 -4.5709e+000
4 +6.300794425e+001 +6.300794425e+001 +1.037879442e+002 +1.037879442e+002 +3.3661e-001 +2.5385e+000 +4.2266e-001 -3.3633e+000 -3.4421e+000
9 +4.948390159e+001 +4.948390159e+001 +9.026390159e+001 +9.026390159e+001 +1.7428e-001 +2.2663e+000 +5.3722e+000 +6.7565e+000 -2.1051e+000
13 +2.355512534e+001 +2.355512534e+001 +6.433512534e+001 +6.433512534e+001 +3.4426e+000 +2.9918e+000 +1.4111e+000 -5.1116e+000 -1.9626e+000
89 +1.566722542e+001 +1.566722542e+001 +5.644722542e+001 +5.644722542e+001 +2.3912e+000 +1.9129e+000 +1.5279e+000 +2.7989e+000 -2.3705e+000
169 +1.088762143e+001 +1.088762143e+001 +5.166762143e+001 +5.166762143e+001 -1.5310e+000 -3.5650e-001 +2.2279e+000 -1.1700e+000 -2.0649e+000
232 +9.949927421e+000 +9.949927421e+000 +5.072992742e+001 +5.072992742e+001 -1.8429e+000 +1.4462e-001 +1.8935e+000 +1.3972e+000 -7.9127e-001
336 +9.025150485e+000 +9.025150485e+000 +4.980515048e+001 +4.980515048e+001 -1.5147e+000 -4.9599e-001 +1.8653e+000 -1.8391e+000 -1.4295e+000
354 +6.011102974e+000 +6.011102974e+000 +4.679110297e+001 +4.679110297e+001 -1.2810e+000 +9.4908e-001 +1.5163e+000 -1.1275e+000 +8.4556e-001
404 +2.130756640e+000 +2.130756640e+000 +4.291075664e+001 +4.291075664e+001 -1.1747e+000 +9.1056e-001 +7.7412e-001 -1.2457e+000 +5.4718e-001
546 +1.955760978e+000 +1.955760978e+000 +4.273576098e+001 +4.273576098e+001 -1.5128e+000 +9.9719e-001 +8.8862e-001 -1.7816e+000 +5.5406e-001
578 +1.920338030e+000 +1.920338030e+000 +4.270033803e+001 +4.270033803e+001 -1.5889e+000 +1.1832e+000 +1.0257e+000 -1.4745e+000 +5.4366e-001
647 +1.904791992e+000 +1.904791992e+000 +4.268479199e+001 +4.268479199e+001 -1.6132e+000 +1.3060e+000 +1.0250e+000 -1.5015e+000 +5.8433e-001
677 +1.855319462e+000 +1.855319462e+000 +4.263531946e+001 +4.263531946e+001 -1.6214e+000 +9.1060e-001 +8.0257e-001 -1.5671e+000 +5.9807e-001
703 +1.784562345e+000 +1.784562345e+000 +4.256456234e+001 +4.256456234e+001 -1.6456e+000 +1.1979e+000 +9.4161e-001 -1.5044e+000 +4.7882e-001
709 +1.758467503e+000 +1.758467503e+000 +4.253846750e+001 +4.253846750e+001 -1.6174e+000 +1.2398e+000 +9.3295e-001 -1.5407e+000 +5.4978e-001
724 +1.572313244e+000 +1.572313244e+000 +4.235231324e+001 +4.235231324e+001 -1.5177e+000 +1.2468e+000 +7.7720e-001 -1.5246e+000 +5.1606e-001
730 +1.377646754e+000 +1.377646754e+000 +4.215764675e+001 +4.215764675e+001 -1.6084e+000 +1.2670e+000 +6.9016e-001 -1.5607e+000 +4.9969e-001
779 +1.308451071e+000 +1.308451071e+000 +4.208845107e+001 +4.208845107e+001 -1.6984e+000 +1.3007e+000 +6.1409e-001 -1.5014e+000 +6.4326e-001
784 +1.279789597e+000 +1.279789597e+000 +4.205978960e+001 +4.205978960e+001 -1.6477e+000 +1.2016e+000 +5.3287e-001 -1.4930e+000 +5.4167e-001
854 +1.253706433e+000 +1.253706433e+000 +4.203370643e+001 +4.203370643e+001 -1.7147e+000 +1.2619e+000 +5.5052e-001 -1.4879e+000 +5.8076e-001
% function evaluation | noise-free fitness - Fopt (-1.600000000000e+000) | best noise-free fitness - Fopt | measured fitness | best measured fitness | x1 | x2...
1 +1.937040109e+002 +1.937040109e+002 +1.921040109e+002 +1.921040109e+002 +3.3936e+000 -4.7895e+000 -1.5581e+001 +3.3470e+000 -5.1870e+000
2 +7.236065146e+001 +7.236065146e+001 +7.076065146e+001 +7.076065146e+001 +3.9460e+000 -4.7118e+000 -1.9290e+000 +2.9713e+000 -4.7878e+000
8 +1.695413762e+001 +1.695413762e+001 +1.535413762e+001 +1.535413762e+001 +1.4188e+000 -4.2178e+000 -2.1452e+000 +3.2195e+000 -4.9818e+000
48 +3.875073195e+000 +3.875073195e+000 +2.275073195e+000 +2.275073195e+000 +2.2479e+000 -2.3817e+000 +4.5827e-002 +2.8742e+000 -3.6147e+000
59 +1.587563343e+000 +1.587563343e+000 -1.243665712e-002 -1.243665712e-002 +1.1641e+000 -2.7629e+000 -3.6962e-001 +2.5373e+000 -3.4385e+000
751 +1.435881037e+000 +1.435881037e+000 -1.641189630e-001 -1.641189630e-001 +2.0651e+000 +2.8736e-001 +1.3223e+000 -4.0173e+000 -2.5367e+000
753 +1.137166891e+000 +1.137166891e+000 -4.628331086e-001 -4.628331086e-001 +2.1159e+000 +4.8906e-002 +1.3252e+000 -3.9466e+000 -2.3807e+000
856 +1.107102053e+000 +1.107102053e+000 -4.928979466e-001 -4.928979466e-001 +2.1095e+000 +2.9936e-002 +1.3725e+000 -3.9625e+000 -2.6023e+000
891 +1.082598559e+000 +1.082598559e+000 -5.174014410e-001 -5.174014410e-001 +2.0989e+000 +7.3457e-002 +1.3745e+000 -4.0841e+000 -2.4532e+000
917 +1.058276385e+000 +1.058276385e+000 -5.417236153e-001 -5.417236153e-001 +2.0878e+000 +6.9040e-002 +1.3769e+000 -3.9471e+000 -2.4552e+000
939 +1.027197177e+000 +1.027197177e+000 -5.728028235e-001 -5.728028235e-001 +2.0405e+000 +7.7372e-002 +1.4491e+000 -3.9367e+000 -2.4571e+000
950 +1.015113762e+000 +1.015113762e+000 -5.848862377e-001 -5.848862377e-001 +2.0807e+000 +2.7902e-002 +1.4345e+000 -3.9786e+000 -2.4975e+000
952 +9.885817047e-001 +9.885817047e-001 -6.114182953e-001 -6.114182953e-001 +2.0351e+000 +1.1327e-002 +1.4136e+000 -3.9651e+000 -2.4781e+000
1003 +9.650542985e-001 +9.650542985e-001 -6.349457015e-001 -6.349457015e-001 +2.0255e+000 +2.6416e-002 +1.4664e+000 -4.0672e+000 -2.5114e+000
1063 +9.509184705e-001 +9.509184705e-001 -6.490815295e-001 -6.490815295e-001 +1.9999e+000 -2.4939e-003 +1.4543e+000 -4.0028e+000 -2.5166e+000
1276 +9.329928521e-001 +9.329928521e-001 -6.670071479e-001 -6.670071479e-001 +1.9589e+000 -1.6165e-002 +1.4869e+000 -4.0320e+000 -2.5711e+000
% function evaluation | noise-free fitness - Fopt (-3.708400000000e+002) | best noise-free fitness - Fopt | measured fitness | best measured fitness | x1 | x2...
1 +5.522160159e+001 +5.522160159e+001 -3.156183984e+002 -3.156183984e+002 -3.7561e+000 -7.2452e-001 +5.0418e+000 -2.0705e+000 -4.0421e+000
43 +4.349317776e+001 +4.349317776e+001 -3.273468222e+002 -3.273468222e+002 -1.8514e+000 +3.4143e+000 +2.3624e+000 -4.7693e-001 -3.8848e+000
53 +2.759961912e+001 +2.759961912e+001 -3.432403809e+002 -3.432403809e+002 -1.3081e+000 +2.9569e+000 +4.2128e+000 +1.0059e+000 -1.3956e+000
135 +2.460647246e+001 +2.460647246e+001 -3.462335275e+002 -3.462335275e+002 +2.3109e+000 +1.6867e-001 -1.6882e+000 +1.5283e+000 +2.4006e+000
204 +2.444610827e+001 +2.444610827e+001 -3.463938917e+002 -3.463938917e+002 -1.8381e-002 +1.9914e+000 +1.5031e+000 +2.0643e+000 +4.3527e+000
217 +1.869629966e+001 +1.869629966e+001 -3.521437003e+002 -3.521437003e+002 +2.3020e+000 +1.9749e+000 -5.0171e+000 +9.2044e-001 -5.2649e-001
384 +1.647903519e+001 +1.647903519e+001 -3.543609648e+002 -3.543609648e+002 +7.3671e-001 +3.2418e+000 +5.9489e-001 +2.2406e+000 +4.9245e+000
405 +1.611614821e+001 +1.611614821e+001 -3.547238518e+002 -3.547238518e+002 +9.6492e-001 +2.8469e+000 +4.9088e-001 +2.1200e+000 +5.0451e+000
415 +1.564709808e+001 +1.564709808e+001 -3.551929019e+002 -3.551929019e+002 +5.2155e-001 +2.8573e+000 +3.3771e-001 +2.0027e+000 +4.9940e+000
436 +1.354009392e+001 +1.354009392e+001 -3.572999061e+002 -3.572999061e+002 +5.7208e-001 +2.9475e+000 +7.3237e-001 +1.3719e+000 +4.7770e+000
455 +1.334521709e+001 +1.334521709e+001 -3.574947829e+002 -3.574947829e+002 +6.1475e-001 +3.6720e+000 +4.8430e-001 +1.3774e+000 +4.5421e+000
459 +1.257039877e+001 +1.257039877e+001 -3.582696012e+002 -3.582696012e+002 +5.9176e-001 +3.4102e+000 +3.0242e-001 +1.6475e+000 +4.9069e+000
631 +1.227909889e+001 +1.227909889e+001 -3.585609011e+002 -3.585609011e+002 +5.1038e-001 +3.2765e+000 +5.2371e-001 +1.5060e+000 +4.6371e+000
% function evaluation | noise-free fitness - Fopt (-3.256000000000e+001) | best noise-free fitness - Fopt | measured fitness | best measured fitness | x1 | x2...
1 +8.810912310e+001 +8.810912310e+001 +5.554912310e+001 +5.554912310e+001 +4.2255e+000 -5.1298e+000 -6.4458e+000 +3.7913e+000 +2.8543e+000
2 +5.909146867e+001 +5.909146867e+001 +2.653146867e+001 +2.653146867e+001 +1.4740e+000 -1.5583e+000 -2.0063e+000 -1.7777e+000 +3.0606e+000
10 +3.941954222e+001 +3.941954222e+001 +6.859542216e+000 +6.859542216e+000 +2.7263e+000 -3.8963e+000 -4.7970e+000 -4.5661e-001 +1.9245e-001
32 +3.278626152e+001 +3.278626152e+001 +2.262615215e-001 +2.262615215e-001 +2.0730e+000 -3.5430e+000 -3.0478e+000 -1.2665e+000 -1.8981e+000
41 +2.554919888e+001 +2.554919888e+001 -7.010801117e+000 -7.010801117e+000 +2.5258e+000 -4.2728e-001 -3.3365e+000 -2.9909e+000 +2.6889e-003
54 +2.088303368e+001 +2.088303368e+001 -1.167696632e+001 -1.167696632e+001 -3.1256e+000 -2.4022e+000 -1.0469e+000 -1.8676e+000 -1.0699e+000
107 +1.342995169e+001 +1.342995169e+001 -1.913004831e+001 -1.913004831e+001 +4.0967e+000 -3.5793e+000 +1.4466e+000 -5.2191e-001 -2.1795e-002
178 +2.787917678e+000 +2.787917678e+000 -2.977208232e+001 -2.977208232e+001 +7.1247e-001 -1.7482e+000 -1.5572e+000 +4.4094e+000 -5.4402e-001
1332 +2.359709798e+000 +2.359709798e+000 -3.020029020e+001 -3.020029020e+001 -1.2178e-001 +1.7219e+000 -5.9358e-001 +2.3005e+000 -2.6953e+000
1361 +2.020483344e+000 +2.020483344e+000 -3.053951666e+001 -3.053951666e+001 +1.8781e-001 +1.6192e+000 -1.1922e+000 +2.0427e+000 -2.6263e+000
1477 +1.993519650e+000 +1.993519650e+000 -3.056648035e+001 -3.056648035e+001 +1.0076e-001 +1.7151e+000 -8.3977e-001 +2.2000e+000 -2.8959e+000
1577 +1.927011158e+000 +1.927011158e+000 -3.063298884e+001 -3.063298884e+001 +1.5464e-001 +1.7399e+000 -9.7850e-001 +2.0944e+000 -2.9803e+000
1612 +1.836327847e+000 +1.836327847e+000 -3.072367215e+001 -3.072367215e+001 +2.4148e-001 +1.7474e+000 -1.0488e+000 +2.0514e+000 -3.0302e+000
1641 +1.814833222e+000 +1.814833222e+000 -3.074516678e+001 -3.074516678e+001 +3.5028e-001 +1.6957e+000 -1.0310e+000 +2.2622e+000 -2.9818e+000
1677 +1.759083413e+000 +1.759083413e+000 -3.080091659e+001 -3.080091659e+001 +3.1661e-001 +1.6961e+000 -1.0889e+000 +2.0398e+000 -3.0102e+000
1702 +1.698190409e+000 +1.698190409e+000 -3.086180959e+001 -3.086180959e+001 +4.7734e-001 +1.6866e+000 -1.0407e+000 +2.1855e+000 -3.0706e+000
1715 +1.653277201e+000 +1.653277201e+000 -3.090672280e+001 -3.090672280e+001 +3.8479e-001 +1.6799e+000 -1.0962e+000 +2.1275e+000 -3.0713e+000
1738 +1.586908743e+000 +1.586908743e+000 -3.097309126e+001 -3.097309126e+001 +4.4793e-001 +1.6525e+000 -1.1964e+000 +2.0453e+000 -3.0597e+000
1746 +1.581906624e+000 +1.581906624e+000 -3.097809338e+001 -3.097809338e+001 +3.9772e-001 +1.6705e+000 -1.2573e+000 +2.1040e+000 -3.0792e+000
1771 +1.430688611e+000 +1.430688611e+000 -3.112931139e+001 -3.112931139e+001 +5.7290e-001 +1.6605e+000 -1.2479e+000 +2.1801e+000 -3.2136e+000
1803 +1.378977963e+000 +1.378977963e+000 -3.118102204e+001 -3.118102204e+001 +6.7755e-001 +1.6516e+000 -1.3498e+000 +2.0820e+000 -3.3398e+000
1826 +1.283376671e+000 +1.283376671e+000 -3.127662333e+001 -3.127662333e+001 +5.9010e-001 +1.6526e+000 -1.4496e+000 +2.1296e+000 -3.3674e+000
2042 +1.254601129e+000 +1.254601129e+000 -3.130539887e+001 -3.130539887e+001 +6.3207e-001 +1.6432e+000 -1.4712e+000 +2.1080e+000 -3.4094e+000
% function evaluation | noise-free fitness - Fopt (5.154000000000e+002) | best noise-free fitness - Fopt | measured fitness | best measured fitness | x1 | x2...
1 +7.126709719e+002 +7.126709719e+002 +1.228070972e+003 +1.228070972e+003 -3.3049e+000 -2.7539e-001 +7.2478e+000 -9.0102e-002 +2.9921e+001
2 +6.695410513e+001 +6.695410513e+001 +5.823541051e+002 +5.823541051e+002 -3.7139e+000 -3.7210e-001 +4.0239e+000 -1.6983e+000 -3.2609e+000
16 +4.548871192e+001 +4.548871192e+001 +5.608887119e+002 +5.608887119e+002 -1.8693e-001 -4.4033e+000 +5.2674e-001 -2.0451e+000 -2.2819e+000
40 +4.323182558e+001 +4.323182558e+001 +5.586318256e+002 +5.586318256e+002 -2.6191e+000 +1.3539e+000 +1.4289e+000 -2.1309e+000 -2.0889e+000
53 +2.464806387e+001 +2.464806387e+001 +5.400480639e+002 +5.400480639e+002 -3.3446e+000 -5.4091e-001 +7.6525e-001 -4.0960e+000 -2.1272e+000
63 +9.560432647e+000 +9.560432647e+000 +5.249604326e+002 +5.249604326e+002 -3.2853e+000 -8.4608e-001 +2.6294e+000 -3.6247e+000 -1.3601e+000
119 +7.551795441e+000 +7.551795441e+000 +5.229517954e+002 +5.229517954e+002 -3.0957e+000 -2.2646e+000 +2.3237e+000 -4.3111e+000 -1.7654e+000
239 +4.268391130e+000 +4.268391130e+000 +5.196683911e+002 +5.196683911e+002 -2.7439e+000 -2.6768e+000 +2.3965e+000 -3.7690e+000 -1.0369e+000
474 +4.118652842e+000 +4.118652842e+000 +5.195186528e+002 +5.195186528e+002 -1.3707e+000 +1.8821e+000 -5.0935e-001 -1.2242e+000 -3.2925e+000
505 +4.072757867e+000 +4.072757867e+000 +5.194727579e+002 +5.194727579e+002 -1.4175e+000 +1.6561e+000 -8.6017e-001 -1.5783e+000 -3.1257e+000
548 +3.871606251e+000 +3.871606251e+000 +5.192716063e+002 +5.192716063e+002 -1.6090e+000 +1.5823e+000 -6.2856e-001 -2.0898e+000 -3.8634e+000
552 +3.615861999e+000 +3.615861999e+000 +5.190158620e+002 +5.190158620e+002 -1.4902e+000 +1.9239e+000 -7.0926e-001 -1.2883e+000 -3.3424e+000
559 +3.161828668e+000 +3.161828668e+000 +5.185618287e+002 +5.185618287e+002 -1.5414e+000 +1.6638e+000 -7.5824e-001 -1.5288e+000 -3.3388e+000
594 +2.972977218e+000 +2.972977218e+000 +5.183729772e+002 +5.183729772e+002 -1.5353e+000 +1.7213e+000 -6.6900e-001 -1.7001e+000 -3.5283e+000
628 +2.914740199e+000 +2.914740199e+000 +5.183147402e+002 +5.183147402e+002 -1.4674e+000 +1.4956e+000 -6.7123e-001 -1.6800e+000 -3.6277e+000
703 +2.864947393e+000 +2.864947393e+000 +5.182649474e+002 +5.182649474e+002 -1.4768e+000 +1.6304e+000 -6.3153e-001 -1.6011e+000 -3.5501e+000
830 +2.813701633e+000 +2.813701633e+000 +5.182137016e+002 +5.182137016e+002 -1.5505e+000 +1.5622e+000 -5.8857e-001 -1.6417e+000 -3.5639e+000
% function evaluation | noise-free fitness - Fopt (-1.000000000000e+003) | best noise-free fitness - Fopt | measured fitness | best measured fitness | x1 | x2...
1 +7.105128178e+001 +7.105128178e+001 -9.289487182e+002 -9.289487182e+002 -1.0108e+000 +3.0249e-001 -1.3448e+000 -6.1192e+000 +3.1561e-002
9 +6.437239058e+001 +6.437239058e+001 -9.356276094e+002 -9.356276094e+002 -4.6679e-001 +3.9178e+000 +3.4026e+000 +2.0939e+000 +1.8554e-001
12 +2.546252974e+001 +2.546252974e+001 -9.745374703e+002 -9.745374703e+002 +2.4514e+000 +2.9294e+000 -2.8446e-001 +4.9427e-001 +8.5109e-001
17 +1.954169285e+001 +1.954169285e+001 -9.804583071e+002 -9.804583071e+002 -7.1976e-001 +2.1109e+000 +4.3320e+000 +3.2563e+000 +7.7355e-001
161 +1.264972159e+001 +1.264972159e+001 -9.873502784e+002 -9.873502784e+002 -1.3952e+000 +3.2855e+000 +1.8862e+000 +1.4854e+000 -2.5425e+000
185 +1.147302583e+001 +1.147302583e+001 -9.885269742e+002 -9.885269742e+002 -1.4064e+000 +2.8762e+000 +5.3554e-001 -5.0712e-001 -3.9332e+000
195 +1.010139677e+001 +1.010139677e+001 -9.898986032e+002 -9.898986032e+002 -1.1425e+000 +2.8533e+000 +5.0615e-001 -4.3538e-002 -4.0368e+000
209 +7.154902650e+000 +7.154902650e+000 -9.928450973e+002 -9.928450973e+002 -5.9943e-001 +3.2313e+000 +9.6805e-001 +8.4827e-001 -3.6508e+000
218 +6.256846918e+000 +6.256846918e+000 -9.937431531e+002 -9.937431531e+002 -8.8203e-001 +3.3721e+000 +1.1056e+000 +7.2687e-001 -3.3500e+000
225 +4.860904428e+000 +4.860904428e+000 -9.951390956e+002 -9.951390956e+002 -1.1310e+000 +3.2223e+000 +5.9561e-001 +4.7958e-001 -3.3082e+000
276 +4.432813207e+000 +4.432813207e+000 -9.955671868e+002 -9.955671868e+002 -1.0506e+000 +3.3520e+000 +4.5905e-001 +1.1461e+000 -3.4906e+000
367 +4.038780255e+000 +4.038780255e+000 -9.959612197e+002 -9.959612197e+002 -1.0907e+000 +3.2519e+000 +4.8317e-001 +1.2205e+000 -3.3911e+000
403 +3.757330715e+000 +3.757330715e+000 -9.962426693e+002 -9.962426693e+002 -1.1799e+000 +3.2318e+000 +5.1030e-001 +1.0544e+000 -3.2586e+000
432 +3.712149869e+000 +3.712149869e+000 -9.962878501e+002 -9.962878501e+002 -1.2954e+000 +3.2739e+000 +4.5357e-001 +1.0761e+000 -3.2945e+000
% function evaluation | noise-free fitness - Fopt (9.190000000000e+001) | best noise-free fitness - Fopt | measured fitness | best measured fitness | x1 | x2...
1 +9.762841180e+001 +9.762841180e+001 +1.895284118e+002 +1.895284118e+002 +5.2710e+000 -7.3691e+000 -1.1969e+000 -7.0142e+000 +6.3982e+000
2 +9.048862765e+001 +9.048862765e+001 +1.823886277e+002 +1.823886277e+002 -4.9417e+000 +8.5974e-001 -2.7743e+000 -8.4136e+000 -1.4690e+000
6 +7.047836954e+001 +7.047836954e+001 +1.623783695e+002 +1.623783695e+002 +4.7003e+000 -5.3088e+000 -9.1529e-001 -1.4511e+000 +5.4294e+000
21 +6.427976084e+001 +6.427976084e+001 +1.561797608e+002 +1.561797608e+002 +6.0199e+000 -4.3912e+000 +4.2299e-001 -3.9638e+000 -2.1109e-001
37 +6.037731124e+001 +6.037731124e+001 +1.522773112e+002 +1.522773112e+002 +4.5060e+000 -1.0199e+000 -2.5540e+000 -1.6103e+000 -1.6825e+000
47 +5.098549059e+001 +5.098549059e+001 +1.428854906e+002 +1.428854906e+002 +3.8137e+000 -3.6906e+000 +9.9886e-001 +8.8647e-001 +3.4158e+000
48 +4.787044590e+001 +4.787044590e+001 +1.397704459e+002 +1.397704459e+002 +3.3729e+000 +2.9586e+000 +4.8477e-001 -4.9171e+000 -6.5141e+000
54 +3.262357062e+001 +3.262357062e+001 +1.245235706e+002 +1.245235706e+002 +2.8684e+000 +1.6681e+000 +1.2979e+000 -3.5683e+000 +1.4496e-001
79 +2.474718004e+001 +2.474718004e+001 +1.166471800e+002 +1.166471800e+002 +2.4436e+000 -2.2114e+000 +1.3937e+000 -5.9028e-001 +2.6982e-001
82 +1.455432255e+001 +1.455432255e+001 +1.064543225e+002 +1.064543225e+002 +4.5266e+000 -2.8488e+000 -5.3720e-001 +3.5047e+000 -2.0754e+000
136 +1.198711815e+001 +1.198711815e+001 +1.038871181e+002 +1.038871181e+002 +2.9793e+000 -4.3884e+000 +4.5331e-001 +4.2740e+000 +7.9889e-001
201 +1.006848510e+001 +1.006848510e+001 +1.019684851e+002 +1.019684851e+002 +1.6593e+000 -4.3834e+000 +2.5610e+000 +3.6000e+000 +5.5274e-001
229 +8.901327883e+000 +8.901327883e+000 +1.008013279e+002 +1.008013279e+002 +3.3150e+000 -5.4349e+000 +1.9231e+000 +4.1569e+000 +7.7694e-001
234 +7.879726799e+000 +7.879726799e+000 +9.977972680e+001 +9.977972680e+001 +2.1248e+000 -4.4873e+000 +2.1138e+000 +4.6808e+000 -8.1016e-003
241 +5.945791228e+000 +5.945791228e+000 +9.784579123e+001 +9.784579123e+001 +2.3005e+000 -4.6466e+000 +2.1375e+000 +4.0989e+000 +2.1874e-001
262 +5.458951095e+000 +5.458951095e+000 +9.735895110e+001 +9.735895110e+001 +2.8572e+000 -4.6046e+000 +2.0015e+000 +3.9760e+000 +7.1584e-001
315 +5.307441941e+000 +5.307441941e+000 +9.720744194e+001 +9.720744194e+001 +2.5178e+000 -4.8106e+000 +2.1497e+000 +4.0811e+000 +5.6423e-001
371 +4.475954854e+000 +4.475954854e+000 +9.637595485e+001 +9.637595485e+001 +2.4576e+000 -4.6043e+000 +1.9338e+000 +4.2122e+000 +5.8895e-001
441 +4.354942239e+000 +4.354942239e+000 +9.625494224e+001 +9.625494224e+001 +2.5177e+000 -4.7441e+000 +1.6979e+000 +4.0428e+000 +5.5826e-001
474 +4.257497684e+000 +4.257497684e+000 +9.615749768e+001 +9.615749768e+001 +2.4728e+000 -4.6784e+000 +1.7600e+000 +3.9892e+000 +7.3438e-001
709 +4.164272623e+000 +4.164272623e+000 +9.606427262e+001 +9.606427262e+001 +2.4618e+000 -4.5987e+000 +1.7243e+000 +4.0792e+000 +6.7064e-001
% function evaluation | noise-free fitness - Fopt (-7.597000000000e+001) | best noise-free fitness - Fopt | measured fitness | best measured fitness | x1 | x2...
1 +2.019773265e+001 +2.019773265e+001 -5.577226735e+001 -5.577226735e+001 +2.0785e+000 -1.2808e+000 +1.7486e-002 +5.7604e-001 +8.7072e-001
3 +1.699763187e+001 +1.699763187e+001 -5.897236813e+001 -5.897236813e+001 +1.2273e+000 -1.4318e+000 -1.3054e+000 -1.4024e+000 +1.5380e+000
26 +7.877196450e+000 +7.877196450e+000 -6.809280355e+001 -6.809280355e+001 +2.2702e+000 -1.8424e+000 -9.1335e-001 -8.8008e-001 +3.6650e-001
48 +3.827372238e+000 +3.827372238e+000 -7.214262776e+001 -7.214262776e+001 +2.3091e+000 -1.2056e+000 -8.8055e-001 -1.0694e+000 +2.0122e+000
74 +2.638388570e+000 +2.638388570e+000 -7.333161143e+001 -7.333161143e+001 +2.2982e+000 -9.8780e-001 -1.0234e+000 -7.4615e-001 +1.3404e+000
78 +2.006246164e+000 +2.006246164e+000 -7.396375384e+001 -7.396375384e+001 +2.8837e+000 -3.9687e+000 -4.2698e-001 -2.6735e+000 +1.4068e+000
145 +1.917088678e+000 +1.917088678e+000 -7.405291132e+001 -7.405291132e+001 +3.1641e+000 -2.5562e+000 -1.1903e+000 -2.3082e+000 +1.9346e+000
234 +1.363615187e+000 +1.363615187e+000 -7.460638481e+001 -7.460638481e+001 +2.3961e+000 -2.0452e+000 -1.5157e+000 -2.7235e+000 +1.8505e+000
276 +8.835700488e-001 +8.835700488e-001 -7.508642995e+001 -7.508642995e+001 +2.4067e+000 -1.7586e+000 -1.5142e+000 -1.5486e+000 +1.6460e+000
291 +8.039500552e-001 +8.039500552e-001 -7.516604994e+001 -7.516604994e+001 +2.7023e+000 -1.9436e+000 -1.4840e+000 -2.4483e+000 +1.6033e+000
304 +6.705993487e-001 +6.705993487e-001 -7.529940065e+001 -7.529940065e+001 +2.5105e+000 -1.8172e+000 -1.3878e+000 -2.3442e+000 +1.8188e+000
307 +5.398789439e-001 +5.398789439e-001 -7.543012106e+001 -7.543012106e+001 +2.2725e+000 -1.8335e+000 -1.2434e+000 -2.1517e+000 +1.8000e+000
315 +5.001665889e-001 +5.001665889e-001 -7.546983341e+001 -7.546983341e+001 +2.3383e+000 -1.9893e+000 -1.3158e+000 -2.1226e+000 +1.5950e+000
335 +4.795455884e-001 +4.795455884e-001 -7.549045441e+001 -7.549045441e+001 +2.4960e+000 -2.4849e+000 -1.1050e+000 -2.4889e+000 +2.0324e+000
340 +3.313269324e-001 +3.313269324e-001 -7.563867307e+001 -7.563867307e+001 +2.4830e+000 -2.0171e+000 -1.2492e+000 -1.7991e+000 +1.8738e+000
439 +3.297161986e-001 +3.297161986e-001 -7.564028380e+001 -7.564028380e+001 +2.5383e+000 -2.0112e+000 -1.1191e+000 -1.9918e+000 +1.5811e+000
441 +1.619428134e-001 +1.619428134e-001 -7.580805719e+001 -7.580805719e+001 +2.6171e+000 -2.2222e+000 -1.2008e+000 -1.8697e+000 +1.8452e+000
445 +1.569311912e-001 +1.569311912e-001 -7.581306881e+001 -7.581306881e+001 +2.5399e+000 -2.2624e+000 -1.2030e+000 -1.9240e+000 +1.7733e+000
460 +1.287729445e-001 +1.287729445e-001 -7.584122706e+001 -7.584122706e+001 +2.5698e+000 -2.5940e+000 -1.0742e+000 -1.8146e+000 +1.9990e+000
501 +1.170562969e-001 +1.170562969e-001 -7.585294370e+001 -7.585294370e+001 +2.5934e+000 -2.3685e+000 -1.1317e+000 -1.9115e+000 +1.7472e+000
551 +1.005915344e-001 +1.005915344e-001 -7.586940847e+001 -7.586940847e+001 +2.6199e+000 -2.3611e+000 -1.1042e+000 -1.7448e+000 +1.7999e+000
581 +8.134209519e-002 +8.134209519e-002 -7.588865790e+001 -7.588865790e+001 +2.6112e+000 -2.3986e+000 -1.0720e+000 -1.7896e+000 +1.7211e+000
594 +7.683677180e-002 +7.683677180e-002 -7.589316323e+001 -7.589316323e+001 +2.6207e+000 -2.4188e+000 -1.0356e+000 -1.8866e+000 +1.7392e+000
607 +3.834046910e-002 +3.834046910e-002 -7.593165953e+001 -7.593165953e+001 +2.6108e+000 -2.5873e+000 -8.6649e-001 -1.8079e+000 +1.7255e+000
693 +3.577920844e-002 +3.577920844e-002 -7.593422079e+001 -7.593422079e+001 +2.6269e+000 -2.6165e+000 -9.4277e-001 -1.7281e+000 +1.7718e+000
724 +3.390762167e-002 +3.390762167e-002 -7.593609238e+001 -7.593609238e+001 +2.7066e+000 -2.6183e+000 -9.6241e-001 -1.7624e+000 +1.7191e+000
727 +3.060910224e-002 +3.060910224e-002 -7.593939090e+001 -7.593939090e+001 +2.6833e+000 -2.6204e+000 -9.4911e-001 -1.7577e+000 +1.7714e+000
748 +2.893101894e-002 +2.893101894e-002 -7.594106898e+001 -7.594106898e+001 +2.8000e+000 -2.7193e+000 -9.4479e-001 -1.7214e+000 +1.7391e+000
755 +2.382362898e-002 +2.382362898e-002 -7.594617637e+001 -7.594617637e+001 +2.7219e+000 -2.6533e+000 -9.2306e-001 -1.7574e+000 +1.7395e+000
759 +1.690541286e-002 +1.690541286e-002 -7.595309459e+001 -7.595309459e+001 +2.7447e+000 -2.6669e+000 -8.8106e-001 -1.6956e+000 +1.7459e+000
816 +1.647893298e-002 +1.647893298e-002 -7.595352107e+001 -7.595352107e+001 +2.7339e+000 -2.6738e+000 -8.8428e-001 -1.6841e+000 +1.7370e+000
826 +1.599729456e-002 +1.599729456e-002 -7.595400271e+001 -7.595400271e+001 +2.7835e+000 -2.7509e+000 -8.5986e-001 -1.7272e+000 +1.6939e+000
850 +1.408505509e-002 +1.408505509e-002 -7.595591494e+001 -7.595591494e+001 +2.7403e+000 -2.7333e+000 -8.4804e-001 -1.6960e+000 +1.7413e+000
878 +1.372201989e-002 +1.372201989e-002 -7.595627798e+001 -7.595627798e+001 +2.7522e+000 -2.7142e+000 -8.3663e-001 -1.6593e+000 +1.7408e+000
879 +1.325919203e-002 +1.325919203e-002 -7.595674081e+001 -7.595674081e+001 +2.7935e+000 -2.7346e+000 -8.0646e-001 -1.6295e+000 +1.7255e+000
881 +1.223755974e-002 +1.223755974e-002 -7.595776244e+001 -7.595776244e+001 +2.7413e+000 -2.7350e+000 -8.3266e-001 -1.6193e+000 +1.7545e+000
928 +1.048612749e-002 +1.048612749e-002 -7.595951387e+001 -7.595951387e+001 +2.7585e+000 -2.7777e+000 -8.2062e-001 -1.5740e+000 +1.7379e+000
950 +1.025636075e-002 +1.025636075e-002 -7.595974364e+001 -7.595974364e+001 +2.7559e+000 -2.7517e+000 -8.0682e-001 -1.5972e+000 +1.7279e+000
951 +1.014832118e-002 +1.014832118e-002 -7.595985168e+001 -7.595985168e+001 +2.7206e+000 -2.7576e+000 -8.1381e-001 -1.5863e+000 +1.7761e+000
957 +9.881970040e-003 +9.881970040e-003 -7.596011803e+001 -7.596011803e+001 +2.7892e+000 -2.7802e+000 -7.9754e-001 -1.6258e+000 +1.7320e+000
959 +9.113290759e-003 +9.113290759e-003 -7.596088671e+001 -7.596088671e+001 +2.7563e+000 -2.7720e+000 -8.0725e-001 -1.6028e+000 +1.7419e+000
962 +8.164099819e-003 +8.164099819e-003 -7.596183590e+001 -7.596183590e+001 +2.7747e+000 -2.8355e+000 -7.5491e-001 -1.5736e+000 +1.6633e+000
983 +7.265470722e-003 +7.265470722e-003 -7.596273453e+001 -7.596273453e+001 +2.7563e+000 -2.7944e+000 -7.8441e-001 -1.6387e+000 +1.7518e+000
988 +6.897467895e-003 +6.897467895e-003 -7.596310253e+001 -7.596310253e+001 +2.7481e+000 -2.7983e+000 -7.9574e-001 -1.6126e+000 +1.7642e+000
1002 +5.835475591e-003 +5.835475591e-003 -7.596416452e+001 -7.596416452e+001 +2.7470e+000 -2.7877e+000 -7.7200e-001 -1.6075e+000 +1.7739e+000
1009 +3.835549492e-003 +3.835549492e-003 -7.596616445e+001 -7.596616445e+001 +2.7692e+000 -2.8602e+000 -7.4261e-001 -1.5952e+000 +1.7461e+000
1031 +3.784517336e-003 +3.784517336e-003 -7.596621548e+001 -7.596621548e+001 +2.7835e+000 -2.8553e+000 -7.4881e-001 -1.5368e+000 +1.7511e+000
1051 +3.216542733e-003 +3.216542733e-003 -7.596678346e+001 -7.596678346e+001 +2.7739e+000 -2.9082e+000 -6.7148e-001 -1.5529e+000 +1.7551e+000
1056 +2.033723328e-004 +2.033723328e-004 -7.596979663e+001 -7.596979663e+001 +2.7837e+000 -3.1233e+000 -5.3405e-001 -1.4909e+000 +1.8772e+000
1535 +1.757803202e-004 +1.757803202e-004 -7.596982422e+001 -7.596982422e+001 +2.7948e+000 -3.1172e+000 -5.8479e-001 -1.5272e+000 +1.8865e+000
1562 +1.671121123e-004 +1.671121123e-004 -7.596983289e+001 -7.596983289e+001 +2.8094e+000 -3.1107e+000 -5.8857e-001 -1.4931e+000 +1.8730e+000
1583 +1.448792574e-004 +1.448792574e-004 -7.596985512e+001 -7.596985512e+001 +2.8054e+000 -3.1180e+000 -5.8004e-001 -1.4739e+000 +1.8663e+000
1606 +1.152375591e-004 +1.152375591e-004 -7.596988476e+001 -7.596988476e+001 +2.8127e+000 -3.1448e+000 -5.4860e-001 -1.5122e+000 +1.8519e+000
1628 +9.934714286e-005 +9.934714286e-005 -7.596990065e+001 -7.596990065e+001 +2.8153e+000 -3.1364e+000 -5.6936e-001 -1.5044e+000 +1.8690e+000
1634 +7.213653082e-005 +7.213653082e-005 -7.596992786e+001 -7.596992786e+001 +2.8181e+000 -3.1685e+000 -5.6156e-001 -1.4646e+000 +1.8919e+000
1654 +4.205621656e-005 +4.205621656e-005 -7.596995794e+001 -7.596995794e+001 +2.8191e+000 -3.1891e+000 -5.4832e-001 -1.5278e+000 +1.8834e+000
1697 +3.527476511e-005 +3.527476511e-005 -7.596996473e+001 -7.596996473e+001 +2.8222e+000 -3.1763e+000 -5.4899e-001 -1.4712e+000 +1.8894e+000
1704 +3.228281039e-005 +3.228281039e-005 -7.596996772e+001 -7.596996772e+001 +2.8087e+000 -3.1873e+000 -5.3355e-001 -1.5052e+000 +1.8986e+000
1726 +2.740293148e-005 +2.740293148e-005 -7.596997260e+001 -7.596997260e+001 +2.8119e+000 -3.2208e+000 -5.1087e-001 -1.4888e+000 +1.8702e+000
1757 +2.446405658e-005 +2.446405658e-005 -7.596997554e+001 -7.596997554e+001 +2.8189e+000 -3.2065e+000 -5.1506e-001 -1.4895e+000 +1.8840e+000
1759 +1.900003036e-005 +1.900003036e-005 -7.596998100e+001 -7.596998100e+001 +2.8200e+000 -3.2224e+000 -4.9757e-001 -1.4583e+000 +1.8788e+000
1787 +1.684467760e-005 +1.684467760e-005 -7.596998316e+001 -7.596998316e+001 +2.8238e+000 -3.2049e+000 -5.2443e-001 -1.4729e+000 +1.8870e+000
1820 +1.329515233e-005 +1.329515233e-005 -7.596998670e+001 -7.596998670e+001 +2.8335e+000 -3.2161e+000 -5.3141e-001 -1.4762e+000 +1.8912e+000
1827 +9.039192776e-006 +9.039192776e-006 -7.596999096e+001 -7.596999096e+001 +2.8279e+000 -3.2358e+000 -5.2869e-001 -1.4959e+000 +1.9023e+000
1858 +8.052044009e-006 +8.052044009e-006 -7.596999195e+001 -7.596999195e+001 +2.8319e+000 -3.2268e+000 -5.2703e-001 -1.4820e+000 +1.8931e+000
1885 +7.251750120e-006 +7.251750120e-006 -7.596999275e+001 -7.596999275e+001 +2.8205e+000 -3.2307e+000 -5.1369e-001 -1.4901e+000 +1.8985e+000
1901 +6.898292753e-006 +6.898292753e-006 -7.596999310e+001 -7.596999310e+001 +2.8300e+000 -3.2232e+000 -5.1116e-001 -1.4666e+000 +1.8902e+000
1918 +6.222098222e-006 +6.222098222e-006 -7.596999378e+001 -7.596999378e+001 +2.8294e+000 -3.2387e+000 -5.0160e-001 -1.4764e+000 +1.8976e+000
1931 +6.007124213e-006 +6.007124213e-006 -7.596999399e+001 -7.596999399e+001 +2.8288e+000 -3.2504e+000 -5.1532e-001 -1.4931e+000 +1.9049e+000
1946 +5.766364723e-006 +5.766364723e-006 -7.596999423e+001 -7.596999423e+001 +2.8311e+000 -3.2530e+000 -5.1001e-001 -1.4661e+000 +1.8924e+000
1952 +5.597661868e-006 +5.597661868e-006 -7.596999440e+001 -7.596999440e+001 +2.8373e+000 -3.2424e+000 -5.1241e-001 -1.4841e+000 +1.8963e+000
1958 +5.029415632e-006 +5.029415632e-006 -7.596999497e+001 -7.596999497e+001 +2.8337e+000 -3.2394e+000 -5.0967e-001 -1.4678e+000 +1.9019e+000
1970 +2.989844390e-006 +2.989844390e-006 -7.596999701e+001 -7.596999701e+001 +2.8312e+000 -3.2577e+000 -5.0846e-001 -1.4887e+000 +1.9032e+000
2001 +2.827434884e-006 +2.827434884e-006 -7.596999717e+001 -7.596999717e+001 +2.8398e+000 -3.2526e+000 -4.9846e-001 -1.4774e+000 +1.8994e+000
2010 +2.505940159e-006 +2.505940159e-006 -7.596999749e+001 -7.596999749e+001 +2.8337e+000 -3.2540e+000 -5.0824e-001 -1.4792e+000 +1.9086e+000
2011 +1.796139216e-006 +1.796139216e-006 -7.596999820e+001 -7.596999820e+001 +2.8414e+000 -3.2592e+000 -5.0178e-001 -1.4783e+000 +1.8961e+000
2032 +1.737134795e-006 +1.737134795e-006 -7.596999826e+001 -7.596999826e+001 +2.8401e+000 -3.2574e+000 -5.0414e-001 -1.4720e+000 +1.9024e+000
2071 +1.643528392e-006 +1.643528392e-006 -7.596999836e+001 -7.596999836e+001 +2.8364e+000 -3.2626e+000 -5.0032e-001 -1.4822e+000 +1.9036e+000
2113 +1.612224224e-006 +1.612224224e-006 -7.596999839e+001 -7.596999839e+001 +2.8400e+000 -3.2639e+000 -5.0116e-001 -1.4787e+000 +1.8988e+000
2154 +1.575246401e-006 +1.575246401e-006 -7.596999842e+001 -7.596999842e+001 +2.8361e+000 -3.2625e+000 -4.9791e-001 -1.4753e+000 +1.9010e+000
2158 +1.465829683e-006 +1.465829683e-006 -7.596999853e+001 -7.596999853e+001 +2.8363e+000 -3.2757e+000 -5.0097e-001 -1.4816e+000 +1.9089e+000
2165 +1.247175874e-006 +1.247175874e-006 -7.596999875e+001 -7.596999875e+001 +2.8399e+000 -3.2704e+000 -4.9368e-001 -1.4780e+000 +1.9123e+000
2183 +9.990362031e-007 +9.990362031e-007 -7.596999900e+001 -7.596999900e+001 +2.8387e+000 -3.2807e+000 -4.9594e-001 -1.4779e+000 +1.9019e+000
2185 +6.327498596e-007 +6.327498596e-007 -7.596999937e+001 -7.596999937e+001 +2.8377e+000 -3.2817e+000 -4.9449e-001 -1.4755e+000 +1.9122e+000
2258 +5.990351184e-007 +5.990351184e-007 -7.596999940e+001 -7.596999940e+001 +2.8398e+000 -3.2811e+000 -4.9480e-001 -1.4785e+000 +1.9113e+000
2265 +5.744870464e-007 +5.744870464e-007 -7.596999943e+001 -7.596999943e+001 +2.8406e+000 -3.2863e+000 -4.9438e-001 -1.4790e+000 +1.9083e+000
2282 +5.504409870e-007 +5.504409870e-007 -7.596999945e+001 -7.596999945e+001 +2.8411e+000 -3.2794e+000 -4.9272e-001 -1.4773e+000 +1.9069e+000
2302 +4.808215550e-007 +4.808215550e-007 -7.596999952e+001 -7.596999952e+001 +2.8388e+000 -3.2845e+000 -4.9147e-001 -1.4786e+000 +1.9148e+000
2330 +4.457824048e-007 +4.457824048e-007 -7.596999955e+001 -7.596999955e+001 +2.8422e+000 -3.2893e+000 -4.9222e-001 -1.4787e+000 +1.9084e+000
2337 +3.586150825e-007 +3.586150825e-007 -7.596999964e+001 -7.596999964e+001 +2.8414e+000 -3.2889e+000 -4.8730e-001 -1.4784e+000 +1.9178e+000
2386 +2.697935884e-007 +2.697935884e-007 -7.596999973e+001 -7.596999973e+001 +2.8404e+000 -3.2925e+000 -4.8450e-001 -1.4784e+000 +1.9179e+000
2448 +2.212043597e-007 +2.212043597e-007 -7.596999978e+001 -7.596999978e+001 +2.8432e+000 -3.2929e+000 -4.8642e-001 -1.4739e+000 +1.9080e+000
2487 +2.051471881e-007 +2.051471881e-007 -7.596999979e+001 -7.596999979e+001 +2.8464e+000 -3.2912e+000 -4.8668e-001 -1.4711e+000 +1.9097e+000
2501 +1.926813269e-007 +1.926813269e-007 -7.596999981e+001 -7.596999981e+001 +2.8434e+000 -3.2925e+000 -4.8462e-001 -1.4746e+000 +1.9117e+000
2507 +1.808574979e-007 +1.808574979e-007 -7.596999982e+001 -7.596999982e+001 +2.8448e+000 -3.2953e+000 -4.8235e-001 -1.4763e+000 +1.9119e+000
2526 +1.702287875e-007 +1.702287875e-007 -7.596999983e+001 -7.596999983e+001 +2.8435e+000 -3.2979e+000 -4.8486e-001 -1.4763e+000 +1.9131e+000
2529 +1.693202876e-007 +1.693202876e-007 -7.596999983e+001 -7.596999983e+001 +2.8438e+000 -3.2953e+000 -4.8466e-001 -1.4746e+000 +1.9122e+000
2530 +1.631779440e-007 +1.631779440e-007 -7.596999984e+001 -7.596999984e+001 +2.8440e+000 -3.2939e+000 -4.8372e-001 -1.4727e+000 +1.9122e+000
2540 +1.578629565e-007 +1.578629565e-007 -7.596999984e+001 -7.596999984e+001 +2.8441e+000 -3.2957e+000 -4.8363e-001 -1.4744e+000 +1.9138e+000
2555 +1.547206807e-007 +1.547206807e-007 -7.596999985e+001 -7.596999985e+001 +2.8437e+000 -3.2915e+000 -4.8195e-001 -1.4659e+000 +1.9121e+000
2572 +1.110333585e-007 +1.110333585e-007 -7.596999989e+001 -7.596999989e+001 +2.8430e+000 -3.2983e+000 -4.8231e-001 -1.4704e+000 +1.9134e+000
2585 +8.963459663e-008 +8.963459663e-008 -7.596999991e+001 -7.596999991e+001 +2.8444e+000 -3.3040e+000 -4.8175e-001 -1.4684e+000 +1.9129e+000
2602 +8.121295991e-008 +8.121295991e-008 -7.596999992e+001 -7.596999992e+001 +2.8488e+000 -3.3023e+000 -4.8150e-001 -1.4594e+000 +1.9135e+000
2615 +5.496688971e-008 +5.496688971e-008 -7.596999995e+001 -7.596999995e+001 +2.8451e+000 -3.3024e+000 -4.8014e-001 -1.4698e+000 +1.9128e+000
2638 +5.275971660e-008 +5.275971660e-008 -7.596999995e+001 -7.596999995e+001 +2.8463e+000 -3.3008e+000 -4.8043e-001 -1.4653e+000 +1.9147e+000
2644 +5.033456318e-008 +5.033456318e-008 -7.596999995e+001 -7.596999995e+001 +2.8453e+000 -3.3057e+000 -4.7962e-001 -1.4694e+000 +1.9133e+000
2652 +4.809565723e-008 +4.809565723e-008 -7.596999995e+001 -7.596999995e+001 +2.8468e+000 -3.3039e+000 -4.7411e-001 -1.4663e+000 +1.9116e+000
2683 +4.407500853e-008 +4.407500853e-008 -7.596999996e+001 -7.596999996e+001 +2.8455e+000 -3.3057e+000 -4.7477e-001 -1.4672e+000 +1.9120e+000
2718 +4.120852282e-008 +4.120852282e-008 -7.596999996e+001 -7.596999996e+001 +2.8488e+000 -3.3040e+000 -4.7700e-001 -1.4621e+000 +1.9113e+000
2721 +3.071951937e-008 +3.071951937e-008 -7.596999997e+001 -7.596999997e+001 +2.8475e+000 -3.3096e+000 -4.7635e-001 -1.4652e+000 +1.9116e+000
2728 +1.173515329e-008 +1.173515329e-008 -7.596999999e+001 -7.596999999e+001 +2.8474e+000 -3.3123e+000 -4.7229e-001 -1.4659e+000 +1.9144e+000
2856 +1.128272231e-008 +1.128272231e-008 -7.596999999e+001 -7.596999999e+001 +2.8492e+000 -3.3146e+000 -4.7191e-001 -1.4647e+000 +1.9122e+000
2857 +1.028352870e-008 +1.028352870e-008 -7.596999999e+001 -7.596999999e+001 +2.8494e+000 -3.3117e+000 -4.7153e-001 -1.4598e+000 +1.9132e+000
2872 +9.851689242e-009 +9.851689242e-009 -7.596999999e+001 -7.596999999e+001 +2.8501e+000 -3.3160e+000 -4.7202e-001 -1.4647e+000 +1.9126e+000
4976 +0.000000000e+000 +0.000000000e+000 -7.597000000e+001 -7.597000000e+001 +2.8523e+000 -3.3300e+000 -4.6282e-001 -1.4593e+000 +1.9205e+000
% function evaluation | noise-free fitness - Fopt (-1.699000000000e+001) | best noise-free fitness - Fopt | measured fitness | best measured fitness | x1 | x2...
1 +7.242576259e+001 +7.242576259e+001 +5.543576259e+001 +5.543576259e+001 +2.2176e+000 +7.5877e-001 +2.0313e+000 -1.2797e+000 -3.3499e+000
7 +6.611859065e+001 +6.611859065e+001 +4.912859065e+001 +4.912859065e+001 +4.1577e+000 -7.1244e+000 +4.2028e+000 -3.2725e+000 -5.3590e+000
8 +5.853541762e+001 +5.853541762e+001 +4.154541762e+001 +4.154541762e+001 +5.0170e+000 -9.5953e-001 +2.6194e+000 -1.5955e-001 -2.9535e+000
26 +5.150907531e+001 +5.150907531e+001 +3.451907531e+001 +3.451907531e+001 +1.8468e+000 -3.4581e+000 +3.8223e+000 -3.8718e-001 +4.7276e+000
33 +1.771270998e+001 +1.771270998e+001 +7.227099816e-001 +7.227099816e-001 +2.5844e+000 -1.5219e+000 +2.4594e+000 +3.6700e+000 -2.1486e+000
110 +1.670816419e+001 +1.670816419e+001 -2.818358054e-001 -2.818358054e-001 +1.4263e-001 -3.6386e+000 +2.1680e+000 -4.6310e-002 -1.0211e+000
165 +1.395929420e+001 +1.395929420e+001 -3.030705800e+000 -3.030705800e+000 +1.4023e+000 -1.3988e+000 +1.6213e+000 +1.8976e+000 +1.0292e+000
221 +1.200063216e+001 +1.200063216e+001 -4.989367843e+000 -4.989367843e+000 -4.1392e-001 -3.5075e-001 +1.1938e+000 +6.5093e-001 +2.8811e-001
261 +8.215684569e+000 +8.215684569e+000 -8.774315431e+000 -8.774315431e+000 +1.4987e+000 -1.1564e+000 -1.0214e+000 -3.6844e-001 +4.9827e+000
264 +5.853268216e+000 +5.853268216e+000 -1.113673178e+001 -1.113673178e+001 +9.4558e-001 -1.4641e+000 -1.9554e+000 -2.9196e-001 +3.8676e+000
363 +4.511924581e+000 +4.511924581e+000 -1.247807542e+001 -1.247807542e+001 +1.1899e+000 -1.4749e+000 -3.9304e+000 -1.1952e+000 +2.6519e+000
482 +2.800290853e+000 +2.800290853e+000 -1.418970915e+001 -1.418970915e+001 +1.7270e+000 -5.5713e-001 -3.2452e+000 -8.1305e-001 +2.5704e+000
529 +2.115908600e+000 +2.115908600e+000 -1.487409140e+001 -1.487409140e+001 +1.8966e+000 -7.1566e-001 -3.2576e+000 -7.9678e-001 +2.6510e+000
533 +1.541161541e+000 +1.541161541e+000 -1.544883846e+001 -1.544883846e+001 +1.8425e+000 -9.0286e-001 -3.0452e+000 -7.2720e-001 +3.1649e+000
552 +1.396173070e+000 +1.396173070e+000 -1.559382693e+001 -1.559382693e+001 +2.2764e+000 -1.0137e+000 -3.2604e+000 -7.6643e-001 +3.0611e+000
563 +8.512972792e-001 +8.512972792e-001 -1.613870272e+001 -1.613870272e+001 +1.9926e+000 -1.1678e+000 -3.1792e+000 -7.7002e-001 +2.9074e+000
579 +2.006979660e-001 +2.006979660e-001 -1.678930203e+001 -1.678930203e+001 +2.4220e+000 -2.2103e+000 -3.3716e+000 -9.9914e-001 +3.1367e+000
626 +1.974011856e-001 +1.974011856e-001 -1.679259881e+001 -1.679259881e+001 +2.1511e+000 -1.5562e+000 -3.5476e+000 -7.5315e-001 +3.0918e+000
633 +1.444608690e-001 +1.444608690e-001 -1.684553913e+001 -1.684553913e+001 +2.1181e+000 -1.9922e+000 -3.3740e+000 -1.0594e+000 +3.0013e+000
646 +1.329074250e-001 +1.329074250e-001 -1.685709257e+001 -1.685709257e+001 +2.0383e+000 -1.4976e+000 -3.3582e+000 -1.0012e+000 +3.0339e+000
651 +1.260220626e-001 +1.260220626e-001 -1.686397794e+001 -1.686397794e+001 +2.4548e+000 -1.9612e+000 -3.7374e+000 -8.6087e-001 +3.4896e+000
665 +1.221088302e-001 +1.221088302e-001 -1.686789117e+001 -1.686789117e+001 +2.1466e+000 -1.8406e+000 -3.4735e+000 -8.7563e-001 +3.0729e+000
677 +8.870737314e-002 +8.870737314e-002 -1.690129263e+001 -1.690129263e+001 +2.0744e+000 -1.9274e+000 -3.4884e+000 -9.3097e-001 +3.1270e+000
688 +4.016594987e-002 +4.016594987e-002 -1.694983405e+001 -1.694983405e+001 +2.0960e+000 -1.8127e+000 -3.4888e+000 -9.8186e-001 +3.2864e+000
706 +3.189663638e-002 +3.189663638e-002 -1.695810336e+001 -1.695810336e+001 +2.2186e+000 -1.8700e+000 -3.4608e+000 -9.7938e-001 +3.1667e+000
754 +2.607504465e-002 +2.607504465e-002 -1.696392496e+001 -1.696392496e+001 +2.1099e+000 -1.8455e+000 -3.4278e+000 -9.1252e-001 +3.3201e+000
765 +2.449110988e-002 +2.449110988e-002 -1.696550889e+001 -1.696550889e+001 +2.1824e+000 -1.8092e+000 -3.3814e+000 -1.0114e+000 +3.2086e+000
776 +1.379830152e-002 +1.379830152e-002 -1.697620170e+001 -1.697620170e+001 +2.1640e+000 -1.9683e+000 -3.4252e+000 -1.0150e+000 +3.2824e+000
800 +1.065513204e-002 +1.065513204e-002 -1.697934487e+001 -1.697934487e+001 +2.2440e+000 -1.9827e+000 -3.3986e+000 -1.0218e+000 +3.4578e+000
805 +6.783328067e-003 +6.783328067e-003 -1.698321667e+001 -1.698321667e+001 +2.2375e+000 -2.0340e+000 -3.3906e+000 -1.0505e+000 +3.3300e+000
878 +5.876433203e-003 +5.876433203e-003 -1.698412357e+001 -1.698412357e+001 +2.1309e+000 -1.9341e+000 -3.3181e+000 -1.0196e+000 +3.4364e+000
900 +5.655178599e-003 +5.655178599e-003 -1.698434482e+001 -1.698434482e+001 +2.1511e+000 -2.0054e+000 -3.3571e+000 -1.0579e+000 +3.3475e+000
915 +5.121280344e-003 +5.121280344e-003 -1.698487872e+001 -1.698487872e+001 +2.2462e+000 -2.0197e+000 -3.3874e+000 -1.0233e+000 +3.3615e+000
927 +3.573804438e-003 +3.573804438e-003 -1.698642620e+001 -1.698642620e+001 +2.1854e+000 -2.1240e+000 -3.1794e+000 -1.0633e+000 +3.4614e+000
962 +3.489299082e-003 +3.489299082e-003 -1.698651070e+001 -1.698651070e+001 +2.2175e+000 -2.0697e+000 -3.2643e+000 -1.0723e+000 +3.4299e+000
1017 +3.311597939e-003 +3.311597939e-003 -1.698668840e+001 -1.698668840e+001 +2.0652e+000 -1.9923e+000 -3.2170e+000 -1.0735e+000 +3.4544e+000
1019 +2.617493580e-003 +2.617493580e-003 -1.698738251e+001 -1.698738251e+001 +2.2082e+000 -2.0386e+000 -3.2323e+000 -1.0594e+000 +3.4856e+000
1046 +2.217433971e-003 +2.217433971e-003 -1.698778257e+001 -1.698778257e+001 +2.1674e+000 -2.0095e+000 -3.2345e+000 -1.0354e+000 +3.5184e+000
1052 +2.055340333e-003 +2.055340333e-003 -1.698794466e+001 -1.698794466e+001 +2.0514e+000 -2.0400e+000 -3.1949e+000 -1.0574e+000 +3.4650e+000
1060 +1.769568542e-003 +1.769568542e-003 -1.698823043e+001 -1.698823043e+001 +2.1419e+000 -2.0542e+000 -3.2306e+000 -1.0354e+000 +3.4560e+000
1089 +1.389353347e-003 +1.389353347e-003 -1.698861065e+001 -1.698861065e+001 +2.1258e+000 -2.0412e+000 -3.2398e+000 -1.0448e+000 +3.4770e+000
1110 +1.317922299e-003 +1.317922299e-003 -1.698868208e+001 -1.698868208e+001 +2.1686e+000 -2.0383e+000 -3.2394e+000 -1.0403e+000 +3.4910e+000
1136 +1.011989336e-003 +1.011989336e-003 -1.698898801e+001 -1.698898801e+001 +2.1603e+000 -2.0490e+000 -3.2380e+000 -1.0321e+000 +3.5148e+000
1177 +9.588927466e-004 +9.588927466e-004 -1.698904111e+001 -1.698904111e+001 +2.1377e+000 -2.0676e+000 -3.2305e+000 -1.0352e+000 +3.4956e+000
1183 +8.941542646e-004 +8.941542646e-004 -1.698910585e+001 -1.698910585e+001 +2.1493e+000 -2.0842e+000 -3.2393e+000 -1.0292e+000 +3.5380e+000
1224 +8.724135807e-004 +8.724135807e-004 -1.698912759e+001 -1.698912759e+001 +2.2150e+000 -2.1414e+000 -3.2208e+000 -1.0196e+000 +3.5419e+000
1246 +8.657667718e-004 +8.657667718e-004 -1.698913423e+001 -1.698913423e+001 +2.1809e+000 -2.0978e+000 -3.2359e+000 -1.0256e+000 +3.5669e+000
1262 +8.084965460e-004 +8.084965460e-004 -1.698919150e+001 -1.698919150e+001 +2.1520e+000 -2.1233e+000 -3.2357e+000 -1.0276e+000 +3.5448e+000
1301 +7.838041106e-004 +7.838041106e-004 -1.698921620e+001 -1.698921620e+001 +2.1625e+000 -2.1139e+000 -3.2341e+000 -1.0263e+000 +3.5455e+000
1328 +7.711310698e-004 +7.711310698e-004 -1.698922887e+001 -1.698922887e+001 +2.1465e+000 -2.1154e+000 -3.2321e+000 -1.0205e+000 +3.5516e+000
1352 +7.150914806e-004 +7.150914806e-004 -1.698928491e+001 -1.698928491e+001 +2.1568e+000 -2.1272e+000 -3.2331e+000 -1.0232e+000 +3.5652e+000
1367 +7.060955750e-004 +7.060955750e-004 -1.698929390e+001 -1.698929390e+001 +2.1621e+000 -2.1190e+000 -3.2305e+000 -1.0228e+000 +3.5551e+000
1373 +6.631840860e-004 +6.631840860e-004 -1.698933682e+001 -1.698933682e+001 +2.1570e+000 -2.1109e+000 -3.2238e+000 -1.0218e+000 +3.5551e+000
1388 +6.531605692e-004 +6.531605692e-004 -1.698934684e+001 -1.698934684e+001 +2.1708e+000 -2.1202e+000 -3.2201e+000 -1.0274e+000 +3.5888e+000
1389 +6.237240207e-004 +6.237240207e-004 -1.698937628e+001 -1.698937628e+001 +2.1621e+000 -2.1148e+000 -3.2218e+000 -1.0225e+000 +3.5566e+000
1407 +5.985491144e-004 +5.985491144e-004 -1.698940145e+001 -1.698940145e+001 +2.1851e+000 -2.1235e+000 -3.2144e+000 -1.0247e+000 +3.5580e+000
1414 +5.092365968e-004 +5.092365968e-004 -1.698949076e+001 -1.698949076e+001 +2.1560e+000 -2.1207e+000 -3.2156e+000 -1.0232e+000 +3.5792e+000
1432 +4.615189930e-004 +4.615189930e-004 -1.698953848e+001 -1.698953848e+001 +2.1724e+000 -2.1211e+000 -3.2166e+000 -1.0108e+000 +3.5779e+000
1461 +4.506990221e-004 +4.506990221e-004 -1.698954930e+001 -1.698954930e+001 +2.1820e+000 -2.1232e+000 -3.2074e+000 -1.0226e+000 +3.5777e+000
1485 +3.409961580e-004 +3.409961580e-004 -1.698965900e+001 -1.698965900e+001 +2.1799e+000 -2.1529e+000 -3.1968e+000 -1.0130e+000 +3.5845e+000
1516 +2.970839134e-004 +2.970839134e-004 -1.698970292e+001 -1.698970292e+001 +2.1742e+000 -2.1312e+000 -3.1876e+000 -1.0196e+000 +3.5877e+000
1521 +2.918598146e-004 +2.918598146e-004 -1.698970814e+001 -1.698970814e+001 +2.1734e+000 -2.1696e+000 -3.2020e+000 -1.0158e+000 +3.6124e+000
1527 +2.623277562e-004 +2.623277562e-004 -1.698973767e+001 -1.698973767e+001 +2.1742e+000 -2.1516e+000 -3.1927e+000 -1.0151e+000 +3.6085e+000
1531 +2.317145148e-004 +2.317145148e-004 -1.698976829e+001 -1.698976829e+001 +2.1754e+000 -2.1406e+000 -3.1763e+000 -1.0138e+000 +3.6195e+000
1563 +2.242268240e-004 +2.242268240e-004 -1.698977577e+001 -1.698977577e+001 +2.1754e+000 -2.1535e+000 -3.1780e+000 -1.0149e+000 +3.6272e+000
1564 +1.953269712e-004 +1.953269712e-004 -1.698980467e+001 -1.698980467e+001 +2.1734e+000 -2.1522e+000 -3.1575e+000 -1.0131e+000 +3.6200e+000
1588 +1.832398077e-004 +1.832398077e-004 -1.698981676e+001 -1.698981676e+001 +2.1753e+000 -2.1596e+000 -3.1714e+000 -9.9726e-001 +3.6423e+000
1604 +1.642543228e-004 +1.642543228e-004 -1.698983575e+001 -1.698983575e+001 +2.1676e+000 -2.1460e+000 -3.1561e+000 -1.0114e+000 +3.6328e+000
1614 +1.572500110e-004 +1.572500110e-004 -1.698984275e+001 -1.698984275e+001 +2.1668e+000 -2.1456e+000 -3.1521e+000 -1.0085e+000 +3.6297e+000
1625 +1.109659663e-004 +1.109659663e-004 -1.698988903e+001 -1.698988903e+001 +2.1593e+000 -2.1617e+000 -3.1133e+000 -1.0112e+000 +3.6467e+000
1627 +1.028767101e-004 +1.028767101e-004 -1.698989712e+001 -1.698989712e+001 +2.1515e+000 -2.1416e+000 -3.1327e+000 -1.0095e+000 +3.6428e+000
1655 +8.144516118e-005 +8.144516118e-005 -1.698991855e+001 -1.698991855e+001 +2.1477e+000 -2.1444e+000 -3.0815e+000 -1.0112e+000 +3.6688e+000
1678 +7.764826269e-005 +7.764826269e-005 -1.698992235e+001 -1.698992235e+001 +2.1208e+000 -2.1336e+000 -3.1172e+000 -1.0141e+000 +3.6645e+000
1689 +6.309605930e-005 +6.309605930e-005 -1.698993690e+001 -1.698993690e+001 +2.1398e+000 -2.1444e+000 -3.1064e+000 -1.0105e+000 +3.6602e+000
1708 +6.233742444e-005 +6.233742444e-005 -1.698993766e+001 -1.698993766e+001 +2.1359e+000 -2.1500e+000 -3.1097e+000 -1.0136e+000 +3.6554e+000
1726 +4.491565152e-005 +4.491565152e-005 -1.698995508e+001 -1.698995508e+001 +2.1272e+000 -2.1487e+000 -3.0884e+000 -1.0144e+000 +3.6612e+000
1738 +3.028357493e-005 +3.028357493e-005 -1.698996972e+001 -1.698996972e+001 +2.1180e+000 -2.1500e+000 -3.0857e+000 -1.0158e+000 +3.6681e+000
1780 +2.905962568e-005 +2.905962568e-005 -1.698997094e+001 -1.698997094e+001 +2.1187e+000 -2.1486e+000 -3.0882e+000 -1.0133e+000 +3.6713e+000
1781 +2.544851717e-005 +2.544851717e-005 -1.698997455e+001 -1.698997455e+001 +2.0986e+000 -2.1446e+000 -3.0504e+000 -1.0123e+000 +3.6783e+000
1814 +2.299156940e-005 +2.299156940e-005 -1.698997701e+001 -1.698997701e+001 +2.0785e+000 -2.1481e+000 -3.0756e+000 -1.0093e+000 +3.6791e+000
1827 +1.393967979e-005 +1.393967979e-005 -1.698998606e+001 -1.698998606e+001 +2.0909e+000 -2.1487e+000 -3.0701e+000 -1.0123e+000 +3.6897e+000
1840 +1.329714499e-005 +1.329714499e-005 -1.698998670e+001 -1.698998670e+001 +2.0866e+000 -2.1596e+000 -3.0722e+000 -1.0121e+000 +3.6919e+000
1852 +4.585078482e-006 +4.585078482e-006 -1.698999541e+001 -1.698999541e+001 +2.0482e+000 -2.1450e+000 -3.0105e+000 -1.0221e+000 +3.7120e+000
1920 +2.396217287e-006 +2.396217287e-006 -1.698999760e+001 -1.698999760e+001 +2.0836e+000 -2.1873e+000 -3.0386e+000 -1.0092e+000 +3.7344e+000
1959 +1.876507984e-006 +1.876507984e-006 -1.698999812e+001 -1.698999812e+001 +2.0647e+000 -2.1796e+000 -3.0017e+000 -1.0106e+000 +3.7335e+000
1963 +1.613932636e-006 +1.613932636e-006 -1.698999839e+001 -1.698999839e+001 +2.0826e+000 -2.1675e+000 -3.0197e+000 -1.0078e+000 +3.7307e+000
1975 +5.303487356e-007 +5.303487356e-007 -1.698999947e+001 -1.698999947e+001 +2.0696e+000 -2.1686e+000 -3.0156e+000 -1.0079e+000 +3.7368e+000
2029 +4.240684390e-007 +4.240684390e-007 -1.698999958e+001 -1.698999958e+001 +2.0738e+000 -2.1679e+000 -3.0172e+000 -9.9535e-001 +3.7467e+000
2059 +3.996051170e-007 +3.996051170e-007 -1.698999960e+001 -1.698999960e+001 +2.0670e+000 -2.1744e+000 -2.9976e+000 -1.0100e+000 +3.7478e+000
2061 +3.614205042e-007 +3.614205042e-007 -1.698999964e+001 -1.698999964e+001 +2.0683e+000 -2.1667e+000 -3.0153e+000 -1.0021e+000 +3.7421e+000
2078 +3.310719201e-007 +3.310719201e-007 -1.698999967e+001 -1.698999967e+001 +2.0713e+000 -2.1721e+000 -3.0119e+000 -1.0043e+000 +3.7444e+000
2084 +2.197680757e-007 +2.197680757e-007 -1.698999978e+001 -1.698999978e+001 +2.0708e+000 -2.1691e+000 -3.0071e+000 -1.0004e+000 +3.7544e+000
2144 +1.794435640e-007 +1.794435640e-007 -1.698999982e+001 -1.698999982e+001 +2.0664e+000 -2.1706e+000 -2.9962e+000 -1.0057e+000 +3.7543e+000
2160 +1.363029440e-007 +1.363029440e-007 -1.698999986e+001 -1.698999986e+001 +2.0619e+000 -2.1692e+000 -2.9993e+000 -1.0042e+000 +3.7489e+000
2228 +1.244506436e-007 +1.244506436e-007 -1.698999988e+001 -1.698999988e+001 +2.0593e+000 -2.1698e+000 -3.0052e+000 -9.9900e-001 +3.7506e+000
2230 +7.028567595e-008 +7.028567595e-008 -1.698999993e+001 -1.698999993e+001 +2.0644e+000 -2.1696e+000 -2.9965e+000 -1.0006e+000 +3.7614e+000
2260 +6.269893049e-008 +6.269893049e-008 -1.698999994e+001 -1.698999994e+001 +2.0568e+000 -2.1699e+000 -3.0023e+000 -9.9989e-001 +3.7549e+000
2284 +5.789262403e-008 +5.789262403e-008 -1.698999994e+001 -1.698999994e+001 +2.0609e+000 -2.1701e+000 -3.0010e+000 -9.9982e-001 +3.7534e+000
2306 +5.124805114e-008 +5.124805114e-008 -1.698999995e+001 -1.698999995e+001 +2.0579e+000 -2.1699e+000 -3.0003e+000 -9.9994e-001 +3.7539e+000
2307 +4.105056206e-008 +4.105056206e-008 -1.698999996e+001 -1.698999996e+001 +2.0576e+000 -2.1685e+000 -2.9957e+000 -9.9991e-001 +3.7562e+000
2394 +3.650356462e-008 +3.650356462e-008 -1.698999996e+001 -1.698999996e+001 +2.0543e+000 -2.1683e+000 -2.9958e+000 -1.0007e+000 +3.7563e+000
2404 +3.265196113e-008 +3.265196113e-008 -1.698999997e+001 -1.698999997e+001 +2.0561e+000 -2.1676e+000 -2.9943e+000 -1.0010e+000 +3.7570e+000
2434 +2.791479048e-008 +2.791479048e-008 -1.698999997e+001 -1.698999997e+001 +2.0568e+000 -2.1697e+000 -2.9957e+000 -1.0005e+000 +3.7581e+000
2437 +2.351538697e-008 +2.351538697e-008 -1.698999998e+001 -1.698999998e+001 +2.0563e+000 -2.1698e+000 -2.9936e+000 -1.0013e+000 +3.7574e+000
2439 +1.486244017e-008 +1.486244017e-008 -1.698999999e+001 -1.698999999e+001 +2.0571e+000 -2.1715e+000 -2.9939e+000 -1.0003e+000 +3.7599e+000
2473 +1.190118226e-008 +1.190118226e-008 -1.698999999e+001 -1.698999999e+001 +2.0554e+000 -2.1699e+000 -2.9911e+000 -1.0004e+000 +3.7613e+000
2517 +1.098357316e-008 +1.098357316e-008 -1.698999999e+001 -1.698999999e+001 +2.0543e+000 -2.1720e+000 -2.9910e+000 -1.0016e+000 +3.7625e+000
2534 +1.079417089e-008 +1.079417089e-008 -1.698999999e+001 -1.698999999e+001 +2.0549e+000 -2.1714e+000 -2.9887e+000 -1.0015e+000 +3.7655e+000
2555 +7.305178684e-009 +7.305178684e-009 -1.698999999e+001 -1.698999999e+001 +2.0542e+000 -2.1714e+000 -2.9880e+000 -1.0014e+000 +3.7635e+000
5162 +0.000000000e+000 +0.000000000e+000 -1.699000000e+001 -1.699000000e+001 +2.0454e+000 -2.1751e+000 -2.9756e+000 -9.9981e-001 +3.7753e+000
% function evaluation | noise-free fitness - Fopt (2.740000000000e+000) | best noise-free fitness - Fopt | measured fitness | best measured fitness | x1 | x2...
1 +7.373467397e+001 +7.373467397e+001 +7.647467397e+001 +7.647467397e+001 +4.4286e+000 -3.9773e+000 -6.2603e+000 +3.3027e-001 +1.1795e+000
4 +3.341388922e+001 +3.341388922e+001 +3.615388922e+001 +3.615388922e+001 -1.5996e-001 -8.1383e-001 -1.1716e+000 +2.4318e+000 +2.4156e+000
47 +2.786577675e+001 +2.786577675e+001 +3.060577675e+001 +3.060577675e+001 +3.5829e+000 -1.5103e+000 -5.7187e+000 +8.4417e-001 +2.0189e+000
60 +7.926271988e+000 +7.926271988e+000 +1.066627199e+001 +1.066627199e+001 +1.7904e+000 -1.8805e+000 +1.0126e+000 -3.2682e+000 +1.1377e+000
243 +2.034367389e+000 +2.034367389e+000 +4.774367389e+000 +4.774367389e+000 +6.8132e-001 -1.3375e+000 +3.8982e+000 -3.3391e+000 +6.2873e-001
537 +1.285263109e+000 +1.285263109e+000 +4.025263109e+000 +4.025263109e+000 +1.2248e+000 -1.9879e+000 +4.1646e+000 -2.7962e+000 -6.5259e-001
581 +4.794855480e-001 +4.794855480e-001 +3.219485548e+000 +3.219485548e+000 +1.1153e+000 -1.8433e+000 +2.5603e+000 -1.9790e+000 +1.5659e-001
651 +3.691118598e-001 +3.691118598e-001 +3.109111860e+000 +3.109111860e+000 +8.5690e-001 -1.8456e+000 +2.9949e+000 -2.6188e+000 +2.2195e-001
678 +1.602898012e-001 +1.602898012e-001 +2.900289801e+000 +2.900289801e+000 +1.1483e+000 -2.0694e+000 +3.0332e+000 -2.5359e+000 +4.6994e-002
709 +1.325230863e-001 +1.325230863e-001 +2.872523086e+000 +2.872523086e+000 +1.0252e+000 -1.8798e+000 +3.1629e+000 -2.3441e+000 +7.2067e-002
716 +5.134348656e-002 +5.134348656e-002 +2.791343487e+000 +2.791343487e+000 +1.2096e+000 -1.8011e+000 +3.2923e+000 -2.6460e+000 +1.3191e-001
734 +4.846099898e-002 +4.846099898e-002 +2.788460999e+000 +2.788460999e+000 +1.2798e+000 -1.8376e+000 +3.3618e+000 -2.3603e+000 -1.3512e-001
744 +2.980884134e-002 +2.980884134e-002 +2.769808841e+000 +2.769808841e+000 +1.1232e+000 -1.8468e+000 +3.4664e+000 -2.7418e+000 -1.2874e-001
746 +1.463430447e-002 +1.463430447e-002 +2.754634304e+000 +2.754634304e+000 +1.2116e+000 -1.8739e+000 +3.3967e+000 -2.5760e+000 -8.8682e-002
805 +1.083706682e-002 +1.083706682e-002 +2.750837067e+000 +2.750837067e+000 +1.2779e+000 -1.8411e+000 +3.5219e+000 -2.6452e+000 -2.9136e-002
864 +1.062703525e-002 +1.062703525e-002 +2.750627035e+000 +2.750627035e+000 +1.2628e+000 -1.8802e+000 +3.5155e+000 -2.6949e+000 -3.6703e-002
865 +5.562596498e-003 +5.562596498e-003 +2.745562596e+000 +2.745562596e+000 +1.3155e+000 -1.8525e+000 +3.5223e+000 -2.7009e+000 -4.1986e-002
882 +4.805853752e-003 +4.805853752e-003 +2.744805854e+000 +2.744805854e+000 +1.3184e+000 -1.8579e+000 +3.5045e+000 -2.6394e+000 -5.2615e-002
927 +3.871414265e-003 +3.871414265e-003 +2.743871414e+000 +2.743871414e+000 +1.3302e+000 -1.8347e+000 +3.4911e+000 -2.6235e+000 -1.1979e-001
969 +3.648121843e-003 +3.648121843e-003 +2.743648122e+000 +2.743648122e+000 +1.4626e+000 -1.9184e+000 +3.5540e+000 -2.7089e+000 -1.1316e-001
974 +1.387046355e-003 +1.387046355e-003 +2.741387046e+000 +2.741387046e+000 +1.5441e+000 -1.8774e+000 +3.4796e+000 -2.6308e+000 -6.4072e-002
989 +1.286809220e-003 +1.286809220e-003 +2.741286809e+000 +2.741286809e+000 +1.4869e+000 -1.9111e+000 +3.5079e+000 -2.5980e+000 -4.3471e-002
1027 +8.351335536e-004 +8.351335536e-004 +2.740835134e+000 +2.740835134e+000 +1.5779e+000 -1.8933e+000 +3.5491e+000 -2.5352e+000 -1.3052e-001
1041 +3.895890628e-004 +3.895890628e-004 +2.740389589e+000 +2.740389589e+000 +1.5704e+000 -1.8878e+000 +3.5485e+000 -2.6275e+000 -1.3055e-001
1054 +2.264123740e-004 +2.264123740e-004 +2.740226412e+000 +2.740226412e+000 +1.6384e+000 -1.8872e+000 +3.5260e+000 -2.5401e+000 -1.1440e-001
1057 +2.206667898e-004 +2.206667898e-004 +2.740220667e+000 +2.740220667e+000 +1.5747e+000 -1.8862e+000 +3.5053e+000 -2.5756e+000 -1.5388e-001
1095 +1.929518328e-004 +1.929518328e-004 +2.740192952e+000 +2.740192952e+000 +1.6261e+000 -1.8854e+000 +3.5221e+000 -2.5883e+000 -1.7201e-001
1105 +1.782399798e-004 +1.782399798e-004 +2.740178240e+000 +2.740178240e+000 +1.6020e+000 -1.8738e+000 +3.5070e+000 -2.5664e+000 -1.3412e-001
1117 +1.571449282e-004 +1.571449282e-004 +2.740157145e+000 +2.740157145e+000 +1.6095e+000 -1.8777e+000 +3.5034e+000 -2.5578e+000 -1.3014e-001
1142 +1.450079819e-004 +1.450079819e-004 +2.740145008e+000 +2.740145008e+000 +1.6253e+000 -1.8804e+000 +3.5123e+000 -2.5649e+000 -1.2712e-001
1163 +1.347044005e-004 +1.347044005e-004 +2.740134704e+000 +2.740134704e+000 +1.6869e+000 -1.8826e+000 +3.5087e+000 -2.5671e+000 -1.4275e-001
1164 +1.196846996e-004 +1.196846996e-004 +2.740119685e+000 +2.740119685e+000 +1.6309e+000 -1.8861e+000 +3.5085e+000 -2.5727e+000 -1.4720e-001
1180 +6.164909683e-005 +6.164909683e-005 +2.740061649e+000 +2.740061649e+000 +1.6692e+000 -1.8820e+000 +3.5131e+000 -2.5423e+000 -1.6936e-001
1206 +5.676699446e-005 +5.676699446e-005 +2.740056767e+000 +2.740056767e+000 +1.6719e+000 -1.8836e+000 +3.5084e+000 -2.5335e+000 -1.5902e-001
1213 +5.277831766e-005 +5.277831766e-005 +2.740052778e+000 +2.740052778e+000 +1.6882e+000 -1.9120e+000 +3.5328e+000 -2.5222e+000 -1.7728e-001
1214 +4.305187239e-005 +4.305187239e-005 +2.740043052e+000 +2.740043052e+000 +1.6793e+000 -1.8884e+000 +3.5134e+000 -2.5339e+000 -1.7233e-001
1233 +3.713875913e-005 +3.713875913e-005 +2.740037139e+000 +2.740037139e+000 +1.7050e+000 -1.8880e+000 +3.4874e+000 -2.5230e+000 -1.5522e-001
1234 +3.508695724e-005 +3.508695724e-005 +2.740035087e+000 +2.740035087e+000 +1.6768e+000 -1.8962e+000 +3.5119e+000 -2.5408e+000 -1.6573e-001
1254 +3.156046334e-005 +3.156046334e-005 +2.740031560e+000 +2.740031560e+000 +1.7010e+000 -1.8894e+000 +3.4908e+000 -2.5261e+000 -1.7574e-001
1276 +3.005303383e-005 +3.005303383e-005 +2.740030053e+000 +2.740030053e+000 +1.6899e+000 -1.8955e+000 +3.5078e+000 -2.5249e+000 -1.5985e-001
1279 +2.859250117e-005 +2.859250117e-005 +2.740028593e+000 +2.740028593e+000 +1.6830e+000 -1.8968e+000 +3.5032e+000 -2.5306e+000 -1.7075e-001
1292 +2.771945252e-005 +2.771945252e-005 +2.740027719e+000 +2.740027719e+000 +1.6856e+000 -1.8935e+000 +3.4894e+000 -2.5249e+000 -1.6728e-001
1310 +2.713945641e-005 +2.713945641e-005 +2.740027139e+000 +2.740027139e+000 +1.6892e+000 -1.8942e+000 +3.4945e+000 -2.5236e+000 -1.7131e-001
1340 +2.338615827e-005 +2.338615827e-005 +2.740023386e+000 +2.740023386e+000 +1.6895e+000 -1.9076e+000 +3.4971e+000 -2.5237e+000 -1.6997e-001
1389 +1.751179728e-005 +1.751179728e-005 +2.740017512e+000 +2.740017512e+000 +1.6860e+000 -1.9115e+000 +3.4907e+000 -2.5164e+000 -1.6092e-001
1409 +1.302383094e-005 +1.302383094e-005 +2.740013024e+000 +2.740013024e+000 +1.6877e+000 -1.9180e+000 +3.4899e+000 -2.5098e+000 -1.6676e-001
1463 +7.615418485e-006 +7.615418485e-006 +2.740007615e+000 +2.740007615e+000 +1.7048e+000 -1.9152e+000 +3.4845e+000 -2.5074e+000 -1.6806e-001
1526 +6.820010740e-006 +6.820010740e-006 +2.740006820e+000 +2.740006820e+000 +1.7043e+000 -1.9164e+000 +3.4814e+000 -2.5023e+000 -1.6709e-001
1543 +6.732773701e-006 +6.732773701e-006 +2.740006733e+000 +2.740006733e+000 +1.7235e+000 -1.9149e+000 +3.4800e+000 -2.4989e+000 -1.7761e-001
1545 +6.586142804e-006 +6.586142804e-006 +2.740006586e+000 +2.740006586e+000 +1.7039e+000 -1.9197e+000 +3.4741e+000 -2.5012e+000 -1.6561e-001
1557 +6.220024376e-006 +6.220024376e-006 +2.740006220e+000 +2.740006220e+000 +1.7098e+000 -1.9218e+000 +3.4631e+000 -2.4945e+000 -1.6694e-001
1609 +6.161838646e-006 +6.161838646e-006 +2.740006162e+000 +2.740006162e+000 +1.7078e+000 -1.9226e+000 +3.4721e+000 -2.4962e+000 -1.6747e-001
1626 +5.641053340e-006 +5.641053340e-006 +2.740005641e+000 +2.740005641e+000 +1.7117e+000 -1.9259e+000 +3.4746e+000 -2.4967e+000 -1.6688e-001
1636 +5.593916741e-006 +5.593916741e-006 +2.740005594e+000 +2.740005594e+000 +1.7147e+000 -1.9247e+000 +3.4743e+000 -2.4976e+000 -1.6485e-001
1654 +4.770087489e-006 +4.770087489e-006 +2.740004770e+000 +2.740004770e+000 +1.7156e+000 -1.9229e+000 +3.4697e+000 -2.4936e+000 -1.6247e-001
1658 +4.534777037e-006 +4.534777037e-006 +2.740004535e+000 +2.740004535e+000 +1.7148e+000 -1.9295e+000 +3.4765e+000 -2.4951e+000 -1.6547e-001
1678 +3.468229837e-006 +3.468229837e-006 +2.740003468e+000 +2.740003468e+000 +1.7139e+000 -1.9259e+000 +3.4676e+000 -2.4898e+000 -1.6560e-001
1703 +2.883218426e-006 +2.883218426e-006 +2.740002883e+000 +2.740002883e+000 +1.7297e+000 -1.9285e+000 +3.4721e+000 -2.4835e+000 -1.5405e-001
1728 +2.668985016e-006 +2.668985016e-006 +2.740002669e+000 +2.740002669e+000 +1.7187e+000 -1.9327e+000 +3.4742e+000 -2.4891e+000 -1.5623e-001
1733 +2.578625559e-006 +2.578625559e-006 +2.740002579e+000 +2.740002579e+000 +1.7307e+000 -1.9276e+000 +3.4765e+000 -2.4870e+000 -1.6133e-001
1757 +2.149949563e-006 +2.149949563e-006 +2.740002150e+000 +2.740002150e+000 +1.7277e+000 -1.9284e+000 +3.4746e+000 -2.4853e+000 -1.6447e-001
1764 +2.113209663e-006 +2.113209663e-006 +2.740002113e+000 +2.740002113e+000 +1.7341e+000 -1.9274e+000 +3.4708e+000 -2.4864e+000 -1.6119e-001
1781 +1.980810018e-006 +1.980810018e-006 +2.740001981e+000 +2.740001981e+000 +1.7293e+000 -1.9293e+000 +3.4732e+000 -2.4859e+000 -1.6152e-001
1808 +1.674137588e-006 +1.674137588e-006 +2.740001674e+000 +2.740001674e+000 +1.7326e+000 -1.9333e+000 +3.4658e+000 -2.4852e+000 -1.6232e-001
1849 +1.518812701e-006 +1.518812701e-006 +2.740001519e+000 +2.740001519e+000 +1.7342e+000 -1.9334e+000 +3.4665e+000 -2.4802e+000 -1.6005e-001
1887 +1.505530527e-006 +1.505530527e-006 +2.740001506e+000 +2.740001506e+000 +1.7306e+000 -1.9364e+000 +3.4658e+000 -2.4817e+000 -1.6460e-001
1894 +1.443414686e-006 +1.443414686e-006 +2.740001443e+000 +2.740001443e+000 +1.7331e+000 -1.9317e+000 +3.4589e+000 -2.4786e+000 -1.6503e-001
1980 +1.405307997e-006 +1.405307997e-006 +2.740001405e+000 +2.740001405e+000 +1.7281e+000 -1.9355e+000 +3.4616e+000 -2.4796e+000 -1.6257e-001
2014 +1.369795062e-006 +1.369795062e-006 +2.740001370e+000 +2.740001370e+000 +1.7292e+000 -1.9348e+000 +3.4603e+000 -2.4790e+000 -1.6106e-001
2037 +1.336527411e-006 +1.336527411e-006 +2.740001337e+000 +2.740001337e+000 +1.7307e+000 -1.9352e+000 +3.4631e+000 -2.4791e+000 -1.6335e-001
2041 +1.235697894e-006 +1.235697894e-006 +2.740001236e+000 +2.740001236e+000 +1.7293e+000 -1.9361e+000 +3.4579e+000 -2.4778e+000 -1.6180e-001
2068 +1.099640739e-006 +1.099640739e-006 +2.740001100e+000 +2.740001100e+000 +1.7300e+000 -1.9397e+000 +3.4637e+000 -2.4754e+000 -1.6337e-001
2090 +1.083995171e-006 +1.083995171e-006 +2.740001084e+000 +2.740001084e+000 +1.7311e+000 -1.9358e+000 +3.4590e+000 -2.4766e+000 -1.6322e-001
2106 +1.012004790e-006 +1.012004790e-006 +2.740001012e+000 +2.740001012e+000 +1.7312e+000 -1.9363e+000 +3.4583e+000 -2.4761e+000 -1.6246e-001
2118 +9.607034017e-007 +9.607034017e-007 +2.740000961e+000 +2.740000961e+000 +1.7308e+000 -1.9374e+000 +3.4597e+000 -2.4756e+000 -1.6195e-001
2131 +9.218503130e-007 +9.218503130e-007 +2.740000922e+000 +2.740000922e+000 +1.7304e+000 -1.9356e+000 +3.4552e+000 -2.4736e+000 -1.5961e-001
2135 +8.774677576e-007 +8.774677576e-007 +2.740000877e+000 +2.740000877e+000 +1.7365e+000 -1.9380e+000 +3.4610e+000 -2.4761e+000 -1.6098e-001
2152 +6.928957159e-007 +6.928957159e-007 +2.740000693e+000 +2.740000693e+000 +1.7331e+000 -1.9394e+000 +3.4505e+000 -2.4719e+000 -1.5845e-001
2167 +5.210931802e-007 +5.210931802e-007 +2.740000521e+000 +2.740000521e+000 +1.7289e+000 -1.9437e+000 +3.4464e+000 -2.4657e+000 -1.5607e-001
2252 +5.115026158e-007 +5.115026158e-007 +2.740000512e+000 +2.740000512e+000 +1.7366e+000 -1.9411e+000 +3.4525e+000 -2.4705e+000 -1.6057e-001
2273 +4.674130309e-007 +4.674130309e-007 +2.740000467e+000 +2.740000467e+000 +1.7385e+000 -1.9428e+000 +3.4542e+000 -2.4700e+000 -1.5933e-001
2295 +4.300342504e-007 +4.300342504e-007 +2.740000430e+000 +2.740000430e+000 +1.7356e+000 -1.9424e+000 +3.4515e+000 -2.4678e+000 -1.6017e-001
2322 +4.053297094e-007 +4.053297094e-007 +2.740000405e+000 +2.740000405e+000 +1.7315e+000 -1.9434e+000 +3.4475e+000 -2.4610e+000 -1.6085e-001
2330 +3.928522534e-007 +3.928522534e-007 +2.740000393e+000 +2.740000393e+000 +1.7416e+000 -1.9411e+000 +3.4557e+000 -2.4673e+000 -1.6523e-001
2334 +3.889250260e-007 +3.889250260e-007 +2.740000389e+000 +2.740000389e+000 +1.7382e+000 -1.9422e+000 +3.4510e+000 -2.4673e+000 -1.6099e-001
2361 +3.205444532e-007 +3.205444532e-007 +2.740000321e+000 +2.740000321e+000 +1.7393e+000 -1.9437e+000 +3.4525e+000 -2.4652e+000 -1.6237e-001
2387 +2.336202622e-007 +2.336202622e-007 +2.740000234e+000 +2.740000234e+000 +1.7447e+000 -1.9455e+000 +3.4535e+000 -2.4601e+000 -1.6378e-001
2449 +1.880004779e-007 +1.880004779e-007 +2.740000188e+000 +2.740000188e+000 +1.7494e+000 -1.9456e+000 +3.4518e+000 -2.4621e+000 -1.6241e-001
2488 +1.836717161e-007 +1.836717161e-007 +2.740000184e+000 +2.740000184e+000 +1.7471e+000 -1.9472e+000 +3.4518e+000 -2.4613e+000 -1.6307e-001
2502 +1.667269856e-007 +1.667269856e-007 +2.740000167e+000 +2.740000167e+000 +1.7478e+000 -1.9464e+000 +3.4500e+000 -2.4596e+000 -1.6089e-001
2538 +1.649390713e-007 +1.649390713e-007 +2.740000165e+000 +2.740000165e+000 +1.7477e+000 -1.9462e+000 +3.4500e+000 -2.4604e+000 -1.6388e-001
2554 +1.511469181e-007 +1.511469181e-007 +2.740000151e+000 +2.740000151e+000 +1.7486e+000 -1.9467e+000 +3.4501e+000 -2.4590e+000 -1.6378e-001
2560 +1.475743341e-007 +1.475743341e-007 +2.740000148e+000 +2.740000148e+000 +1.7505e+000 -1.9454e+000 +3.4495e+000 -2.4593e+000 -1.6528e-001
2592 +1.366727092e-007 +1.366727092e-007 +2.740000137e+000 +2.740000137e+000 +1.7485e+000 -1.9473e+000 +3.4490e+000 -2.4556e+000 -1.6362e-001
2595 +1.283958957e-007 +1.283958957e-007 +2.740000128e+000 +2.740000128e+000 +1.7500e+000 -1.9469e+000 +3.4494e+000 -2.4561e+000 -1.6400e-001
2622 +1.181231202e-007 +1.181231202e-007 +2.740000118e+000 +2.740000118e+000 +1.7487e+000 -1.9465e+000 +3.4473e+000 -2.4541e+000 -1.6544e-001
2637 +9.832653269e-008 +9.832653269e-008 +2.740000098e+000 +2.740000098e+000 +1.7504e+000 -1.9469e+000 +3.4477e+000 -2.4561e+000 -1.6342e-001
2638 +8.587125366e-008 +8.587125366e-008 +2.740000086e+000 +2.740000086e+000 +1.7500e+000 -1.9471e+000 +3.4467e+000 -2.4558e+000 -1.6424e-001
2678 +7.484290565e-008 +7.484290565e-008 +2.740000075e+000 +2.740000075e+000 +1.7495e+000 -1.9473e+000 +3.4442e+000 -2.4516e+000 -1.6253e-001
2680 +5.698996697e-008 +5.698996697e-008 +2.740000057e+000 +2.740000057e+000 +1.7503e+000 -1.9464e+000 +3.4415e+000 -2.4494e+000 -1.6775e-001
2687 +5.012521020e-008 +5.012521020e-008 +2.740000050e+000 +2.740000050e+000 +1.7519e+000 -1.9510e+000 +3.4439e+000 -2.4526e+000 -1.6288e-001
2737 +4.818863131e-008 +4.818863131e-008 +2.740000048e+000 +2.740000048e+000 +1.7552e+000 -1.9485e+000 +3.4442e+000 -2.4507e+000 -1.6344e-001
2773 +3.969055262e-008 +3.969055262e-008 +2.740000040e+000 +2.740000040e+000 +1.7567e+000 -1.9483e+000 +3.4395e+000 -2.4450e+000 -1.6874e-001
2778 +3.706653029e-008 +3.706653029e-008 +2.740000037e+000 +2.740000037e+000 +1.7573e+000 -1.9493e+000 +3.4426e+000 -2.4499e+000 -1.6416e-001
2805 +3.272326232e-008 +3.272326232e-008 +2.740000033e+000 +2.740000033e+000 +1.7580e+000 -1.9498e+000 +3.4402e+000 -2.4497e+000 -1.6187e-001
2836 +2.808033184e-008 +2.808033184e-008 +2.740000028e+000 +2.740000028e+000 +1.7569e+000 -1.9511e+000 +3.4419e+000 -2.4488e+000 -1.6371e-001
2851 +2.280261979e-008 +2.280261979e-008 +2.740000023e+000 +2.740000023e+000 +1.7558e+000 -1.9489e+000 +3.4394e+000 -2.4474e+000 -1.6597e-001
2882 +2.108037789e-008 +2.108037789e-008 +2.740000021e+000 +2.740000021e+000 +1.7602e+000 -1.9503e+000 +3.4405e+000 -2.4492e+000 -1.6418e-001
2887 +8.645923977e-009 +8.645923977e-009 +2.740000009e+000 +2.740000009e+000 +1.7593e+000 -1.9541e+000 +3.4351e+000 -2.4442e+000 -1.6330e-001
8224 +0.000000000e+000 +0.000000000e+000 +2.740000000e+000 +2.740000000e+000 +1.7704e+000 -1.9569e+000 +3.4240e+000 -2.4309e+000 -1.6563e-001
% function evaluation | noise-free fitness - Fopt (-3.564000000000e+001) | best noise-free fitness - Fopt | measured fitness | best measured fitness | x1 | x2...
1 +1.331288517e+002 +1.331288517e+002 +9.748885172e+001 +9.748885172e+001 +3.4007e+000 -4.6421e+000 +2.9424e+000 +1.1829e+001 -5.2532e+000
2 +3.419863203e+001 +3.419863203e+001 -1.441367967e+000 -1.441367967e+000 -2.7233e+000 +7.2574e-001 -2.9887e+000 +4.3563e+000 +1.0031e+000
26 +1.933804277e+001 +1.933804277e+001 -1.630195723e+001 -1.630195723e+001 +4.3455e+000 +5.7566e+000 +1.0048e+000 +4.4099e+000 -1.8012e+000
74 +1.525846642e+001 +1.525846642e+001 -2.038153358e+001 -2.038153358e+001 +2.9320e+000 +3.4478e+000 +1.2145e+000 +4.4108e+000 -2.0196e+000
133 +1.308722737e+001 +1.308722737e+001 -2.255277263e+001 -2.255277263e+001 +2.6465e+000 +3.5440e+000 +1.8400e+000 +3.7178e+000 -2.5202e+000
189 +1.267202128e+001 +1.267202128e+001 -2.296797872e+001 -2.296797872e+001 +5.0259e+000 +4.8283e+000 -5.3003e-001 +2.5930e+000 -1.9968e+000
209 +6.931220513e+000 +6.931220513e+000 -2.870877949e+001 -2.870877949e+001 +3.8371e+000 +3.5139e+000 -1.6808e-001 +3.3131e+000 -2.6135e+000
234 +3.377355765e+000 +3.377355765e+000 -3.226264424e+001 -3.226264424e+001 +3.7284e+000 +4.0290e+000 +1.0880e+000 +2.2185e+000 -2.7264e+000
247 +2.781588134e+000 +2.781588134e+000 -3.285841187e+001 -3.285841187e+001 +3.9236e+000 +3.7839e+000 +6.8191e-001 +2.7571e+000 -2.5997e+000
268 +2.280183993e+000 +2.280183993e+000 -3.335981601e+001 -3.335981601e+001 +3.6703e+000 +3.9605e+000 +7.5582e-001 +3.1613e+000 -2.5233e+000
333 +2.054579522e+000 +2.054579522e+000 -3.358542048e+001 -3.358542048e+001 +3.8012e+000 +4.0959e+000 +4.9641e-001 +2.7046e+000 -2.5381e+000
% function evaluation | noise-free fitness - Fopt (-4.590900000000e+002) | best noise-free fitness - Fopt | measured fitness | best measured fitness | x1 | x2...
1 +7.737649490e+001 +7.737649490e+001 -3.817135051e+002 -3.817135051e+002 +4.4595e+000 -4.5806e+000 -6.5730e+000 +2.3507e+000 +1.2221e+000
2 +6.533160275e+001 +6.533160275e+001 -3.937583973e+002 -3.937583973e+002 +4.1918e+000 -3.9036e+000 +1.8377e+000 +1.1432e+000 +5.3727e+000
8 +6.397342140e+001 +6.397342140e+001 -3.951165786e+002 -3.951165786e+002 +5.8213e-001 -3.8692e+000 -2.2827e+000 -2.6514e+000 +2.3609e+000
24 +5.790621928e+001 +5.790621928e+001 -4.011837807e+002 -4.011837807e+002 +3.9601e+000 +5.9635e+000 +1.5645e-001 +7.0685e-002 +1.9505e+000
33 +2.446793071e+001 +2.446793071e+001 -4.346220693e+002 -4.346220693e+002 +2.8676e+000 -2.0080e+000 +2.1147e+000 +1.4888e+000 +5.2204e+000
73 +1.788165584e+001 +1.788165584e+001 -4.412083442e+002 -4.412083442e+002 -2.4984e+000 -3.3247e+000 -8.0208e-001 +3.3441e+000 +2.0086e+000
251 +1.457228067e+001 +1.457228067e+001 -4.445177193e+002 -4.445177193e+002 -1.1886e+000 +4.7703e+000 -4.1239e+000 +2.2435e+000 -1.9989e+000
290 +6.549116124e+000 +6.549116124e+000 -4.525408839e+002 -4.525408839e+002 -2.7467e+000 +4.0336e+000 -3.7773e+000 +2.5443e+000 +3.7577e-002
1127 +6.411482381e+000 +6.411482381e+000 -4.526785176e+002 -4.526785176e+002 +2.4943e-001 +2.5408e+000 -2.5136e+000 +4.2939e-002 +2.8303e-001
1376 +6.307959569e+000 +6.307959569e+000 -4.527820404e+002 -4.527820404e+002 +2.3581e-001 +2.5777e+000 -2.4846e+000 +1.0368e-001 +3.4552e-001
1473 +6.160985896e+000 +6.160985896e+000 -4.529290141e+002 -4.529290141e+002 +2.2328e-001 +2.6947e+000 -2.4098e+000 +1.4244e-001 +4.6269e-001
1594 +6.011000942e+000 +6.011000942e+000 -4.530789991e+002 -4.530789991e+002 +2.2925e-001 +2.8154e+000 -2.2919e+000 +1.0990e-001 +4.6396e-001
2014 +5.883557712e+000 +5.883557712e+000 -4.532064423e+002 -4.532064423e+002 +2.4359e-001 +2.9604e+000 -2.2170e+000 +2.3323e-001 +5.4709e-001
% function evaluation | noise-free fitness - Fopt (6.085000000000e+001) | best noise-free fitness - Fopt | measured fitness | best measured fitness | x1 | x2...
1 +1.399825819e+002 +1.399825819e+002 +2.008325819e+002 +2.008325819e+002 -9.6459e+000 -6.6969e+000 +4.8754e+000 +9.3084e+000 -8.2236e+000
2 +1.010588152e+002 +1.010588152e+002 +1.619088152e+002 +1.619088152e+002 -1.1095e+000 -9.4297e+000 -3.8253e+000 +2.8333e+000 +1.1943e-001
3 +8.668746386e+001 +8.668746386e+001 +1.475374639e+002 +1.475374639e+002 +4.4639e+000 -3.8866e+000 +6.6132e+000 +4.7456e+000 +1.7941e+000
6 +4.006263545e+000 +4.006263545e+000 +6.485626355e+001 +6.485626355e+001 -5.6271e+000 -2.3765e+000 +7.7552e-001 +5.5584e+000 -4.1836e+000
283 +2.297320056e+000 +2.297320056e+000 +6.314732006e+001 +6.314732006e+001 -7.5024e-001 +3.6794e+000 +1.2978e+000 +3.3453e+000 +5.9752e-001
409 +2.177523853e+000 +2.177523853e+000 +6.302752385e+001 +6.302752385e+001 +4.6166e-001 +3.4923e+000 +8.8189e-001 +2.8639e+000 +2.0327e+000
419 +1.252515783e+000 +1.252515783e+000 +6.210251578e+001 +6.210251578e+001 +3.8975e-001 +3.8735e+000 +4.5184e-001 +2.7193e+000 +1.0752e+000
574 +1.227486266e+000 +1.227486266e+000 +6.207748627e+001 +6.207748627e+001 +5.9122e-001 +3.9306e+000 +7.1213e-001 +3.1198e+000 +1.0963e+000
583 +9.892365511e-001 +9.892365511e-001 +6.183923655e+001 +6.183923655e+001 +7.3309e-001 +3.6655e+000 +9.1728e-001 +2.9731e+000 +1.2076e+000
613 +8.224374737e-001 +8.224374737e-001 +6.167243747e+001 +6.167243747e+001 +6.5818e-001 +3.8233e+000 +9.4907e-001 +2.7264e+000 +1.1292e+000
641 +6.533954420e-001 +6.533954420e-001 +6.150339544e+001 +6.150339544e+001 +5.9235e-001 +3.5831e+000 +9.0909e-001 +2.9553e+000 +1.3432e+000
707 +5.766450228e-001 +5.766450228e-001 +6.142664502e+001 +6.142664502e+001 +6.3275e-001 +3.5619e+000 +8.6560e-001 +2.8886e+000 +1.3319e+000
716 +5.707890120e-001 +5.707890120e-001 +6.142078901e+001 +6.142078901e+001 +7.1768e-001 +3.7276e+000 +9.0067e-001 +2.7388e+000 +1.2422e+000
727 +5.197233950e-001 +5.197233950e-001 +6.136972339e+001 +6.136972339e+001 +6.6848e-001 +3.7073e+000 +8.9350e-001 +2.4223e+000 +1.3105e+000
735 +5.067504923e-001 +5.067504923e-001 +6.135675049e+001 +6.135675049e+001 +6.7679e-001 +3.6093e+000 +8.7193e-001 +2.7405e+000 +1.3527e+000
785 +4.988433454e-001 +4.988433454e-001 +6.134884335e+001 +6.134884335e+001 +6.9790e-001 +3.6353e+000 +8.5805e-001 +2.6760e+000 +1.4485e+000
805 +4.815211252e-001 +4.815211252e-001 +6.133152113e+001 +6.133152113e+001 +7.1386e-001 +3.5824e+000 +8.5124e-001 +2.5858e+000 +1.4599e+000
859 +4.764861750e-001 +4.764861750e-001 +6.132648618e+001 +6.132648618e+001 +7.2565e-001 +3.5682e+000 +8.3299e-001 +2.6057e+000 +1.4854e+000
874 +4.480129718e-001 +4.480129718e-001 +6.129801297e+001 +6.129801297e+001 +7.6946e-001 +3.4704e+000 +7.0851e-001 +2.6347e+000 +1.4154e+000
881 +4.120100232e-001 +4.120100232e-001 +6.126201002e+001 +6.126201002e+001 +7.0907e-001 +3.6520e+000 +6.5026e-001 +2.5973e+000 +1.4448e+000
890 +3.827912633e-001 +3.827912633e-001 +6.123279126e+001 +6.123279126e+001 +7.4776e-001 +3.3428e+000 +7.9541e-001 +2.1875e+000 +1.5847e+000
901 +2.808240209e-001 +2.808240209e-001 +6.113082402e+001 +6.113082402e+001 +7.1522e-001 +3.3953e+000 +6.6163e-001 +2.4472e+000 +1.5396e+000
920 +1.778139784e-001 +1.778139784e-001 +6.102781398e+001 +6.102781398e+001 +8.5831e-001 +3.4670e+000 +5.5272e-001 +2.4580e+000 +1.6030e+000
951 +1.717698210e-001 +1.717698210e-001 +6.102176982e+001 +6.102176982e+001 +8.5234e-001 +3.4551e+000 +5.4438e-001 +2.4058e+000 +1.4861e+000
957 +1.658297460e-001 +1.658297460e-001 +6.101582975e+001 +6.101582975e+001 +8.7511e-001 +3.4765e+000 +5.6316e-001 +2.2988e+000 +1.4931e+000
958 +1.421778640e-001 +1.421778640e-001 +6.099217786e+001 +6.099217786e+001 +8.2023e-001 +3.4682e+000 +4.4649e-001 +2.4640e+000 +1.5195e+000
987 +1.361597037e-001 +1.361597037e-001 +6.098615970e+001 +6.098615970e+001 +8.1808e-001 +3.5176e+000 +3.7635e-001 +2.4635e+000 +1.4808e+000
1024 +1.346505524e-001 +1.346505524e-001 +6.098465055e+001 +6.098465055e+001 +7.9575e-001 +3.5243e+000 +3.4870e-001 +2.4081e+000 +1.4626e+000
1027 +1.265816759e-001 +1.265816759e-001 +6.097658168e+001 +6.097658168e+001 +8.4797e-001 +3.4774e+000 +4.0284e-001 +2.3988e+000 +1.6123e+000
1037 +1.221500978e-001 +1.221500978e-001 +6.097215010e+001 +6.097215010e+001 +8.5112e-001 +3.4722e+000 +1.9310e-001 +2.4311e+000 +1.4539e+000
1051 +7.878097624e-002 +7.878097624e-002 +6.092878098e+001 +6.092878098e+001 +8.0443e-001 +3.4842e+000 +1.4300e-001 +2.3306e+000 +1.5698e+000
1082 +7.604862245e-002 +7.604862245e-002 +6.092604862e+001 +6.092604862e+001 +8.5834e-001 +3.4834e+000 +1.9545e-001 +2.3602e+000 +1.5801e+000
1088 +3.518909264e-002 +3.518909264e-002 +6.088518909e+001 +6.088518909e+001 +9.3789e-001 +3.4416e+000 -3.3203e-001 +2.3754e+000 +1.5741e+000
1131 +3.389219928e-002 +3.389219928e-002 +6.088389220e+001 +6.088389220e+001 +9.3978e-001 +3.4846e+000 -1.2343e-001 +2.3628e+000 +1.5928e+000
1139 +2.422371513e-002 +2.422371513e-002 +6.087422372e+001 +6.087422372e+001 +9.6085e-001 +3.4515e+000 -1.7261e-001 +2.3369e+000 +1.6123e+000
1166 +2.198002587e-002 +2.198002587e-002 +6.087198003e+001 +6.087198003e+001 +9.2263e-001 +3.4779e+000 -4.5403e-001 +2.3739e+000 +1.6547e+000
1173 +1.845010374e-002 +1.845010374e-002 +6.086845010e+001 +6.086845010e+001 +9.5928e-001 +3.4791e+000 -3.2073e-001 +2.3240e+000 +1.6171e+000
1194 +1.551056401e-002 +1.551056401e-002 +6.086551056e+001 +6.086551056e+001 +9.4535e-001 +3.4675e+000 -4.1014e-001 +2.3034e+000 +1.6660e+000
1248 +1.498918135e-002 +1.498918135e-002 +6.086498918e+001 +6.086498918e+001 +9.9693e-001 +3.4586e+000 -4.8600e-001 +2.3439e+000 +1.6846e+000
1253 +1.407357224e-002 +1.407357224e-002 +6.086407357e+001 +6.086407357e+001 +1.0387e+000 +3.4668e+000 -4.3978e-001 +2.3006e+000 +1.6970e+000
1306 +1.296303940e-002 +1.296303940e-002 +6.086296304e+001 +6.086296304e+001 +1.0630e+000 +3.4864e+000 -4.6827e-001 +2.2489e+000 +1.6738e+000
1316 +1.237297851e-002 +1.237297851e-002 +6.086237298e+001 +6.086237298e+001 +1.0033e+000 +3.4839e+000 -4.5428e-001 +2.1965e+000 +1.6464e+000
1329 +1.149766780e-002 +1.149766780e-002 +6.086149767e+001 +6.086149767e+001 +1.0226e+000 +3.4807e+000 -4.6810e-001 +2.2188e+000 +1.6870e+000
1342 +5.536511648e-003 +5.536511648e-003 +6.085553651e+001 +6.085553651e+001 +1.0296e+000 +3.4399e+000 -4.7889e-001 +2.1841e+000 +1.7050e+000
1386 +4.543766979e-003 +4.543766979e-003 +6.085454377e+001 +6.085454377e+001 +1.0693e+000 +3.4332e+000 -5.0192e-001 +2.1707e+000 +1.6757e+000
1415 +4.106223567e-003 +4.106223567e-003 +6.085410622e+001 +6.085410622e+001 +1.0483e+000 +3.4352e+000 -4.8366e-001 +2.0625e+000 +1.6941e+000
1420 +3.964055794e-003 +3.964055794e-003 +6.085396406e+001 +6.085396406e+001 +1.0643e+000 +3.4324e+000 -5.0148e-001 +2.1458e+000 +1.6881e+000
1427 +3.724585552e-003 +3.724585552e-003 +6.085372459e+001 +6.085372459e+001 +1.0642e+000 +3.4371e+000 -5.4081e-001 +2.1018e+000 +1.7019e+000
1457 +3.606675726e-003 +3.606675726e-003 +6.085360668e+001 +6.085360668e+001 +1.0787e+000 +3.4278e+000 -5.3520e-001 +2.0565e+000 +1.7297e+000
1483 +3.547823978e-003 +3.547823978e-003 +6.085354782e+001 +6.085354782e+001 +1.0753e+000 +3.4239e+000 -5.5204e-001 +2.0690e+000 +1.7176e+000
1498 +2.672377387e-003 +2.672377387e-003 +6.085267238e+001 +6.085267238e+001 +1.0718e+000 +3.3865e+000 -5.1639e-001 +2.0760e+000 +1.7309e+000
1541 +2.307642172e-003 +2.307642172e-003 +6.085230764e+001 +6.085230764e+001 +1.0808e+000 +3.3889e+000 -5.3241e-001 +2.0232e+000 +1.7408e+000
1554 +2.138860343e-003 +2.138860343e-003 +6.085213886e+001 +6.085213886e+001 +1.1008e+000 +3.3905e+000 -5.2776e-001 +2.0516e+000 +1.7617e+000
1560 +2.052516127e-003 +2.052516127e-003 +6.085205252e+001 +6.085205252e+001 +1.1060e+000 +3.3365e+000 -5.5623e-001 +2.1027e+000 +1.7302e+000
1562 +1.957641193e-003 +1.957641193e-003 +6.085195764e+001 +6.085195764e+001 +1.0863e+000 +3.3656e+000 -5.3494e-001 +2.0915e+000 +1.7302e+000
1565 +1.805973788e-003 +1.805973788e-003 +6.085180597e+001 +6.085180597e+001 +1.0913e+000 +3.3787e+000 -5.2854e-001 +2.0610e+000 +1.7297e+000
1567 +1.083509091e-003 +1.083509091e-003 +6.085108351e+001 +6.085108351e+001 +1.1368e+000 +3.3608e+000 -5.2621e-001 +2.0438e+000 +1.7825e+000
1586 +9.611111132e-004 +9.611111132e-004 +6.085096111e+001 +6.085096111e+001 +1.1624e+000 +3.3409e+000 -5.4361e-001 +2.0452e+000 +1.7479e+000
1607 +9.256987189e-004 +9.256987189e-004 +6.085092570e+001 +6.085092570e+001 +1.1314e+000 +3.3409e+000 -5.8658e-001 +2.0499e+000 +1.7423e+000
1631 +8.971871490e-004 +8.971871490e-004 +6.085089719e+001 +6.085089719e+001 +1.1831e+000 +3.3568e+000 -6.1017e-001 +2.0020e+000 +1.7439e+000
1639 +8.899649096e-004 +8.899649096e-004 +6.085088996e+001 +6.085088996e+001 +1.1309e+000 +3.3439e+000 -6.0415e-001 +2.0488e+000 +1.7512e+000
1649 +8.124481350e-004 +8.124481350e-004 +6.085081245e+001 +6.085081245e+001 +1.1471e+000 +3.3498e+000 -6.0642e-001 +2.0401e+000 +1.7770e+000
1659 +7.072381275e-004 +7.072381275e-004 +6.085070724e+001 +6.085070724e+001 +1.1451e+000 +3.3354e+000 -5.6781e-001 +2.0249e+000 +1.7757e+000
1662 +5.568462115e-004 +5.568462115e-004 +6.085055685e+001 +6.085055685e+001 +1.1636e+000 +3.3262e+000 -5.4769e-001 +1.9417e+000 +1.7994e+000
1676 +5.329014005e-004 +5.329014005e-004 +6.085053290e+001 +6.085053290e+001 +1.1310e+000 +3.3166e+000 -5.4682e-001 +2.0106e+000 +1.7870e+000
1688 +3.530302792e-004 +3.530302792e-004 +6.085035303e+001 +6.085035303e+001 +1.1707e+000 +3.3334e+000 -6.5380e-001 +1.9749e+000 +1.7693e+000
1709 +3.465151502e-004 +3.465151502e-004 +6.085034652e+001 +6.085034652e+001 +1.1571e+000 +3.3322e+000 -6.2361e-001 +1.9849e+000 +1.7779e+000
1718 +3.369657684e-004 +3.369657684e-004 +6.085033697e+001 +6.085033697e+001 +1.1408e+000 +3.3339e+000 -6.5197e-001 +1.9863e+000 +1.7920e+000
1721 +2.882637045e-004 +2.882637045e-004 +6.085028826e+001 +6.085028826e+001 +1.1569e+000 +3.3124e+000 -6.5020e-001 +1.9928e+000 +1.7796e+000
1734 +2.785838344e-004 +2.785838344e-004 +6.085027858e+001 +6.085027858e+001 +1.1416e+000 +3.3251e+000 -6.7784e-001 +1.9893e+000 +1.8150e+000
1749 +2.594917933e-004 +2.594917933e-004 +6.085025949e+001 +6.085025949e+001 +1.1660e+000 +3.3291e+000 -7.0755e-001 +1.9676e+000 +1.7859e+000
1753 +2.349727975e-004 +2.349727975e-004 +6.085023497e+001 +6.085023497e+001 +1.1475e+000 +3.2889e+000 -6.7322e-001 +1.9762e+000 +1.7963e+000
1756 +2.336658833e-004 +2.336658833e-004 +6.085023367e+001 +6.085023367e+001 +1.1641e+000 +3.3051e+000 -7.0302e-001 +1.9950e+000 +1.7951e+000
1759 +2.278654097e-004 +2.278654097e-004 +6.085022787e+001 +6.085022787e+001 +1.1589e+000 +3.3211e+000 -6.6656e-001 +1.9783e+000 +1.7967e+000
1778 +2.045375314e-004 +2.045375314e-004 +6.085020454e+001 +6.085020454e+001 +1.1732e+000 +3.3219e+000 -6.6684e-001 +1.9443e+000 +1.7960e+000
1780 +1.670081050e-004 +1.670081050e-004 +6.085016701e+001 +6.085016701e+001 +1.1792e+000 +3.2989e+000 -7.0514e-001 +1.9644e+000 +1.8566e+000
1804 +1.349864231e-004 +1.349864231e-004 +6.085013499e+001 +6.085013499e+001 +1.1655e+000 +3.3076e+000 -6.9835e-001 +1.9648e+000 +1.8169e+000
1823 +1.312222930e-004 +1.312222930e-004 +6.085013122e+001 +6.085013122e+001 +1.1680e+000 +3.3065e+000 -6.7924e-001 +1.9612e+000 +1.8118e+000
1829 +9.607724607e-005 +9.607724607e-005 +6.085009608e+001 +6.085009608e+001 +1.1692e+000 +3.2951e+000 -7.1499e-001 +1.9643e+000 +1.8285e+000
1834 +9.198989653e-005 +9.198989653e-005 +6.085009199e+001 +6.085009199e+001 +1.1802e+000 +3.2949e+000 -6.7053e-001 +1.9210e+000 +1.8103e+000
1862 +8.041501869e-005 +8.041501869e-005 +6.085008042e+001 +6.085008042e+001 +1.1863e+000 +3.2937e+000 -6.8200e-001 +1.9434e+000 +1.8168e+000
1865 +7.791795036e-005 +7.791795036e-005 +6.085007792e+001 +6.085007792e+001 +1.1760e+000 +3.2841e+000 -6.6755e-001 +1.9369e+000 +1.8153e+000
1880 +7.196385518e-005 +7.196385518e-005 +6.085007196e+001 +6.085007196e+001 +1.1729e+000 +3.2880e+000 -7.5079e-001 +1.9337e+000 +1.8389e+000
1886 +4.736939627e-005 +4.736939627e-005 +6.085004737e+001 +6.085004737e+001 +1.1920e+000 +3.2789e+000 -6.6302e-001 +1.8897e+000 +1.8407e+000
1903 +4.040768332e-005 +4.040768332e-005 +6.085004041e+001 +6.085004041e+001 +1.1844e+000 +3.2835e+000 -6.9640e-001 +1.9272e+000 +1.8433e+000
1926 +3.330949303e-005 +3.330949303e-005 +6.085003331e+001 +6.085003331e+001 +1.1917e+000 +3.2826e+000 -7.1486e-001 +1.9236e+000 +1.8300e+000
1935 +3.290577936e-005 +3.290577936e-005 +6.085003291e+001 +6.085003291e+001 +1.1801e+000 +3.2765e+000 -6.9012e-001 +1.9297e+000 +1.8374e+000
1936 +3.219216662e-005 +3.219216662e-005 +6.085003219e+001 +6.085003219e+001 +1.1863e+000 +3.2795e+000 -6.9353e-001 +1.9203e+000 +1.8449e+000
1943 +2.716056369e-005 +2.716056369e-005 +6.085002716e+001 +6.085002716e+001 +1.1951e+000 +3.2721e+000 -7.3314e-001 +1.9237e+000 +1.8342e+000
1949 +2.432742895e-005 +2.432742895e-005 +6.085002433e+001 +6.085002433e+001 +1.1929e+000 +3.2717e+000 -7.4991e-001 +1.9167e+000 +1.8493e+000
1963 +2.263161601e-005 +2.263161601e-005 +6.085002263e+001 +6.085002263e+001 +1.2003e+000 +3.2729e+000 -7.2869e-001 +1.9109e+000 +1.8411e+000
1982 +2.213840609e-005 +2.213840609e-005 +6.085002214e+001 +6.085002214e+001 +1.2024e+000 +3.2736e+000 -7.2120e-001 +1.9008e+000 +1.8414e+000
2016 +2.005128552e-005 +2.005128552e-005 +6.085002005e+001 +6.085002005e+001 +1.2122e+000 +3.2739e+000 -7.4254e-001 +1.9032e+000 +1.8495e+000
2022 +1.295989161e-005 +1.295989161e-005 +6.085001296e+001 +6.085001296e+001 +1.2226e+000 +3.2663e+000 -7.3388e-001 +1.8675e+000 +1.8451e+000
2063 +6.856003267e-006 +6.856003267e-006 +6.085000686e+001 +6.085000686e+001 +1.2131e+000 +3.2580e+000 -7.7035e-001 +1.8836e+000 +1.8518e+000
2132 +6.751746447e-006 +6.751746447e-006 +6.085000675e+001 +6.085000675e+001 +1.2089e+000 +3.2562e+000 -7.6241e-001 +1.8870e+000 +1.8520e+000
2169 +6.573865981e-006 +6.573865981e-006 +6.085000657e+001 +6.085000657e+001 +1.2121e+000 +3.2592e+000 -7.4064e-001 +1.8837e+000 +1.8517e+000
2207 +5.211486538e-006 +5.211486538e-006 +6.085000521e+001 +6.085000521e+001 +1.2142e+000 +3.2549e+000 -7.4753e-001 +1.8868e+000 +1.8582e+000
2240 +4.422062482e-006 +4.422062482e-006 +6.085000442e+001 +6.085000442e+001 +1.2147e+000 +3.2465e+000 -7.2780e-001 +1.8922e+000 +1.8563e+000
2269 +2.695880092e-006 +2.695880092e-006 +6.085000270e+001 +6.085000270e+001 +1.2160e+000 +3.2445e+000 -7.2628e-001 +1.8889e+000 +1.8596e+000
2295 +1.886879843e-006 +1.886879843e-006 +6.085000189e+001 +6.085000189e+001 +1.2141e+000 +3.2338e+000 -7.3917e-001 +1.8667e+000 +1.8626e+000
2303 +1.794118418e-006 +1.794118418e-006 +6.085000179e+001 +6.085000179e+001 +1.2124e+000 +3.2444e+000 -7.3498e-001 +1.8864e+000 +1.8698e+000
2304 +1.583632823e-006 +1.583632823e-006 +6.085000158e+001 +6.085000158e+001 +1.2152e+000 +3.2349e+000 -7.1918e-001 +1.8860e+000 +1.8701e+000
2309 +1.262852713e-006 +1.262852713e-006 +6.085000126e+001 +6.085000126e+001 +1.2120e+000 +3.2265e+000 -7.1634e-001 +1.8764e+000 +1.8746e+000
2330 +3.874186802e-007 +3.874186802e-007 +6.085000039e+001 +6.085000039e+001 +1.2276e+000 +3.2344e+000 -7.5082e-001 +1.8568e+000 +1.8786e+000
2479 +3.780475879e-007 +3.780475879e-007 +6.085000038e+001 +6.085000038e+001 +1.2215e+000 +3.2296e+000 -7.4078e-001 +1.8739e+000 +1.8761e+000
2487 +3.304933500e-007 +3.304933500e-007 +6.085000033e+001 +6.085000033e+001 +1.2193e+000 +3.2299e+000 -7.4710e-001 +1.8712e+000 +1.8774e+000
2496 +3.113845608e-007 +3.113845608e-007 +6.085000031e+001 +6.085000031e+001 +1.2299e+000 +3.2144e+000 -7.5491e-001 +1.8729e+000 +1.8859e+000
2506 +2.619487347e-007 +2.619487347e-007 +6.085000026e+001 +6.085000026e+001 +1.2269e+000 +3.2254e+000 -7.4398e-001 +1.8717e+000 +1.8779e+000
2509 +2.398129340e-007 +2.398129340e-007 +6.085000024e+001 +6.085000024e+001 +1.2217e+000 +3.2264e+000 -7.4452e-001 +1.8722e+000 +1.8792e+000
2520 +2.137857606e-007 +2.137857606e-007 +6.085000021e+001 +6.085000021e+001 +1.2231e+000 +3.2277e+000 -7.4793e-001 +1.8716e+000 +1.8796e+000
2543 +1.933285958e-007 +1.933285958e-007 +6.085000019e+001 +6.085000019e+001 +1.2233e+000 +3.2256e+000 -7.4179e-001 +1.8700e+000 +1.8820e+000
2544 +1.651503112e-007 +1.651503112e-007 +6.085000017e+001 +6.085000017e+001 +1.2271e+000 +3.2232e+000 -7.4563e-001 +1.8701e+000 +1.8851e+000
2550 +1.596816617e-007 +1.596816617e-007 +6.085000016e+001 +6.085000016e+001 +1.2298e+000 +3.2239e+000 -7.5071e-001 +1.8697e+000 +1.8844e+000
2568 +1.536992258e-007 +1.536992258e-007 +6.085000015e+001 +6.085000015e+001 +1.2225e+000 +3.2248e+000 -7.5385e-001 +1.8695e+000 +1.8833e+000
2576 +1.455473395e-007 +1.455473395e-007 +6.085000015e+001 +6.085000015e+001 +1.2247e+000 +3.2224e+000 -7.5101e-001 +1.8704e+000 +1.8832e+000
2592 +1.013974540e-007 +1.013974540e-007 +6.085000010e+001 +6.085000010e+001 +1.2257e+000 +3.2202e+000 -7.5838e-001 +1.8698e+000 +1.8878e+000
2634 +9.129598055e-008 +9.129598055e-008 +6.085000009e+001 +6.085000009e+001 +1.2260e+000 +3.2226e+000 -7.6518e-001 +1.8682e+000 +1.8867e+000
2638 +5.578184670e-008 +5.578184670e-008 +6.085000006e+001 +6.085000006e+001 +1.2265e+000 +3.2221e+000 -7.5543e-001 +1.8652e+000 +1.8877e+000
2688 +5.014268822e-008 +5.014268822e-008 +6.085000005e+001 +6.085000005e+001 +1.2286e+000 +3.2209e+000 -7.6577e-001 +1.8655e+000 +1.8872e+000
2811 +5.011214199e-008 +5.011214199e-008 +6.085000005e+001 +6.085000005e+001 +1.2275e+000 +3.2209e+000 -7.5344e-001 +1.8647e+000 +1.8878e+000
2812 +4.798276620e-008 +4.798276620e-008 +6.085000005e+001 +6.085000005e+001 +1.2296e+000 +3.2204e+000 -7.5849e-001 +1.8649e+000 +1.8883e+000
2817 +4.613232818e-008 +4.613232818e-008 +6.085000005e+001 +6.085000005e+001 +1.2280e+000 +3.2208e+000 -7.5902e-001 +1.8629e+000 +1.8854e+000
2832 +4.539779752e-008 +4.539779752e-008 +6.085000005e+001 +6.085000005e+001 +1.2278e+000 +3.2200e+000 -7.5593e-001 +1.8636e+000 +1.8874e+000
2859 +4.259388930e-008 +4.259388930e-008 +6.085000004e+001 +6.085000004e+001 +1.2274e+000 +3.2209e+000 -7.5953e-001 +1.8622e+000 +1.8867e+000
2886 +3.514949043e-008 +3.514949043e-008 +6.085000004e+001 +6.085000004e+001 +1.2285e+000 +3.2198e+000 -7.5877e-001 +1.8616e+000 +1.8865e+000
2907 +3.283688699e-008 +3.283688699e-008 +6.085000003e+001 +6.085000003e+001 +1.2283e+000 +3.2200e+000 -7.6078e-001 +1.8616e+000 +1.8872e+000
2913 +2.210828143e-008 +2.210828143e-008 +6.085000002e+001 +6.085000002e+001 +1.2287e+000 +3.2210e+000 -7.5942e-001 +1.8591e+000 +1.8870e+000
2929 +1.581277331e-008 +1.581277331e-008 +6.085000002e+001 +6.085000002e+001 +1.2298e+000 +3.2203e+000 -7.6153e-001 +1.8588e+000 +1.8867e+000
2958 +1.322226240e-008 +1.322226240e-008 +6.085000001e+001 +6.085000001e+001 +1.2314e+000 +3.2205e+000 -7.6372e-001 +1.8587e+000 +1.8883e+000
2964 +1.276114148e-008 +1.276114148e-008 +6.085000001e+001 +6.085000001e+001 +1.2292e+000 +3.2188e+000 -7.6449e-001 +1.8578e+000 +1.8884e+000
2979 +1.164038821e-008 +1.164038821e-008 +6.085000001e+001 +6.085000001e+001 +1.2300e+000 +3.2188e+000 -7.6393e-001 +1.8544e+000 +1.8878e+000
3002 +1.131517280e-008 +1.131517280e-008 +6.085000001e+001 +6.085000001e+001 +1.2303e+000 +3.2192e+000 -7.6519e-001 +1.8522e+000 +1.8881e+000
3030 +1.049124876e-008 +1.049124876e-008 +6.085000001e+001 +6.085000001e+001 +1.2304e+000 +3.2191e+000 -7.6108e-001 +1.8520e+000 +1.8885e+000
3048 +9.918252886e-009 +9.918252886e-009 +6.085000001e+001 +6.085000001e+001 +1.2306e+000 +3.2186e+000 -7.6040e-001 +1.8523e+000 +1.8880e+000
4652 +0.000000000e+000 +0.000000000e+000 +6.085000000e+001 +6.085000000e+001 +1.2381e+000 +3.2117e+000 -7.7132e-001 +1.8436e+000 +1.8951e+000
% function evaluation | noise-free fitness - Fopt (-1.435000000000e+002) | best noise-free fitness - Fopt | measured fitness | best measured fitness | x1 | x2...
1 +8.204593387e+001 +8.204593387e+001 -6.145406613e+001 -6.145406613e+001 -1.5153e+000 +1.1672e-001 +6.3284e+000 -2.5700e+000 +7.6177e-001
2 +3.047191580e+001 +3.047191580e+001 -1.130280842e+002 -1.130280842e+002 -8.9875e-001 -2.9366e+000 +2.3432e+000 -1.7089e+000 +1.6559e+000
18 +2.404692690e+001 +2.404692690e+001 -1.194530731e+002 -1.194530731e+002 -1.6500e+000 -2.1605e+000 +1.2335e+000 -4.9018e+000 +1.4418e+000
25 +2.347900667e+001 +2.347900667e+001 -1.200209933e+002 -1.200209933e+002 -3.0675e+000 -4.9316e-001 +1.0933e+000 -3.8365e+000 +4.7745e-003
48 +2.196360549e+001 +2.196360549e+001 -1.215363945e+002 -1.215363945e+002 -2.1203e+000 -1.8813e+000 +6.3665e-001 -4.3843e+000 +1.0402e+000
58 +2.156307979e+001 +2.156307979e+001 -1.219369202e+002 -1.219369202e+002 -3.7575e+000 +1.4891e-001 +2.2883e-001 -4.1510e+000 +1.0123e+000
66 +1.708733201e+001 +1.708733201e+001 -1.264126680e+002 -1.264126680e+002 -8.3576e-001 -2.5159e+000 +6.8317e-001 -4.6037e+000 +5.5972e-001
370 +1.583700321e+001 +1.583700321e+001 -1.276629968e+002 -1.276629968e+002 -2.8470e+000 +8.8896e-002 +1.5040e+000 -3.4374e+000 +8.3045e-001
395 +1.280206482e+001 +1.280206482e+001 -1.306979352e+002 -1.306979352e+002 -3.0035e+000 +4.0297e-001 +1.2946e+000 -3.2980e+000 -3.9637e-001
417 +1.155289596e+001 +1.155289596e+001 -1.319471040e+002 -1.319471040e+002 -3.0793e+000 +9.5903e-001 +1.5694e+000 -3.5319e+000 -5.2315e-001
455 +2.222489037e+000 +2.222489037e+000 -1.412775110e+002 -1.412775110e+002 -2.8628e+000 +3.1735e+000 -2.2314e+000 -3.1155e+000 -1.8137e-001
% function evaluation | noise-free fitness - Fopt (9.465100000000e+002) | best noise-free fitness - Fopt | measured fitness | best measured fitness | x1 | x2...
1 +6.562339542e+001 +6.562339542e+001 +1.012133395e+003 +1.012133395e+003 -3.2508e+000 -5.3414e+000 +1.8761e+000 -3.7375e+000 +6.2527e+000
4 +6.450915419e+001 +6.450915419e+001 +1.011019154e+003 +1.011019154e+003 -5.7240e-001 -4.1350e+000 +8.8760e-001 -4.0412e+000 +3.9247e+000
7 +6.264005286e+001 +6.264005286e+001 +1.009150053e+003 +1.009150053e+003 +9.0642e-002 -3.6302e+000 -1.7223e+000 -2.5689e+000 +2.0600e+000
8 +5.971609098e+001 +5.971609098e+001 +1.006226091e+003 +1.006226091e+003 -2.7219e+000 -3.8707e+000 +1.0953e+000 -4.5863e+000 -1.9258e+000
14 +4.986212482e+001 +4.986212482e+001 +9.963721248e+002 +9.963721248e+002 -1.5651e+000 -3.0697e+000 +7.5770e-001 -3.4342e+000 +2.1732e+000
34 +4.431617307e+001 +4.431617307e+001 +9.908261731e+002 +9.908261731e+002 -2.9948e+000 -2.8034e+000 +1.4980e+000 -5.2975e+000 +4.5364e-001
66 +3.696276261e+001 +3.696276261e+001 +9.834727626e+002 +9.834727626e+002 -6.9480e-001 +6.5673e-001 -3.0656e-002 -2.0416e+000 +9.7296e-001
67 +1.670010311e+001 +1.670010311e+001 +9.632101031e+002 +9.632101031e+002 +1.8229e+000 -1.5947e+000 -3.1032e+000 -5.6180e+000 -9.8025e-001
86 +6.094536692e+000 +6.094536692e+000 +9.526045367e+002 +9.526045367e+002 -9.8991e-002 +1.7493e+000 +7.3132e-001 +4.9676e+000 +5.5060e+000
493 +5.253600465e+000 +5.253600465e+000 +9.517636005e+002 +9.517636005e+002 +2.5775e+000 +1.0599e-002 -8.1505e-001 -3.6875e+000 -3.1985e+000
516 +5.173344590e+000 +5.173344590e+000 +9.516833446e+002 +9.516833446e+002 +3.4729e+000 -2.8439e-001 -1.9795e+000 -2.6272e+000 -1.2843e+000
587 +3.136464638e+000 +3.136464638e+000 +9.496464646e+002 +9.496464646e+002 +2.0441e+000 +2.0516e-001 -5.3816e-001 -2.7331e+000 -2.6061e+000
589 +5.060628296e-001 +5.060628296e-001 +9.470160628e+002 +9.470160628e+002 +2.3264e+000 -2.6559e-001 -1.5946e+000 -2.9969e+000 -1.8590e+000
601 +1.368958688e-001 +1.368958688e-001 +9.466468959e+002 +9.466468959e+002 +1.8929e+000 -1.5532e-001 -1.4522e+000 -2.8380e+000 -2.1824e+000
661 +1.053347019e-001 +1.053347019e-001 +9.466153347e+002 +9.466153347e+002 +1.8212e+000 -2.3279e-001 -1.4419e+000 -2.7814e+000 -2.2879e+000
674 +9.185522632e-002 +9.185522632e-002 +9.466018552e+002 +9.466018552e+002 +1.6353e+000 -4.1429e-001 -1.7359e+000 -3.4509e+000 -2.0787e+000
677 +4.328957700e-002 +4.328957700e-002 +9.465532896e+002 +9.465532896e+002 +1.5295e+000 -2.3714e-001 -1.5805e+000 -3.1097e+000 -2.4845e+000
701 +2.220340481e-002 +2.220340481e-002 +9.465322034e+002 +9.465322034e+002 +1.6527e+000 -4.1084e-001 -1.6709e+000 -3.1546e+000 -2.3948e+000
718 +1.854580464e-002 +1.854580464e-002 +9.465285458e+002 +9.465285458e+002 +1.1183e+000 -2.3407e-001 -1.2832e+000 -3.0052e+000 -2.4836e+000
743 +1.398587113e-002 +1.398587113e-002 +9.465239859e+002 +9.465239859e+002 +1.2286e+000 -1.4375e-001 -1.3245e+000 -2.9749e+000 -2.4955e+000
747 +6.947014529e-003 +6.947014529e-003 +9.465169470e+002 +9.465169470e+002 +1.4983e+000 -3.0120e-001 -1.4188e+000 -3.0573e+000 -2.4703e+000
766 +3.642343413e-003 +3.642343413e-003 +9.465136423e+002 +9.465136423e+002 +1.3924e+000 -3.5670e-001 -1.4583e+000 -3.1475e+000 -2.4270e+000
867 +1.174283824e-003 +1.174283824e-003 +9.465111743e+002 +9.465111743e+002 +1.4339e+000 -3.6301e-001 -1.3822e+000 -3.1884e+000 -2.4531e+000
903 +3.286060482e-004 +3.286060482e-004 +9.465103286e+002 +9.465103286e+002 +1.4284e+000 -4.2560e-001 -1.4145e+000 -3.2842e+000 -2.4809e+000
1016 +2.795200835e-004 +2.795200835e-004 +9.465102795e+002 +9.465102795e+002 +1.4212e+000 -4.2430e-001 -1.3783e+000 -3.2597e+000 -2.4853e+000
1036 +2.703245466e-004 +2.703245466e-004 +9.465102703e+002 +9.465102703e+002 +1.4152e+000 -4.3214e-001 -1.3959e+000 -3.2348e+000 -2.5121e+000
1056 +2.548976549e-004 +2.548976549e-004 +9.465102549e+002 +9.465102549e+002 +1.4211e+000 -4.2558e-001 -1.3963e+000 -3.2637e+000 -2.4918e+000
1077 +2.267588205e-004 +2.267588205e-004 +9.465102268e+002 +9.465102268e+002 +1.3928e+000 -4.2633e-001 -1.3728e+000 -3.2510e+000 -2.4936e+000
1096 +1.359638509e-004 +1.359638509e-004 +9.465101360e+002 +9.465101360e+002 +1.3852e+000 -4.2602e-001 -1.3791e+000 -3.2735e+000 -2.5047e+000
1113 +1.242217563e-004 +1.242217563e-004 +9.465101242e+002 +9.465101242e+002 +1.3715e+000 -4.2946e-001 -1.3865e+000 -3.2694e+000 -2.5041e+000
1127 +1.135648724e-004 +1.135648724e-004 +9.465101136e+002 +9.465101136e+002 +1.3896e+000 -4.2849e-001 -1.3810e+000 -3.2837e+000 -2.5269e+000
1133 +1.050858807e-004 +1.050858807e-004 +9.465101051e+002 +9.465101051e+002 +1.3678e+000 -4.2121e-001 -1.3872e+000 -3.2655e+000 -2.5256e+000
1134 +6.973397694e-005 +6.973397694e-005 +9.465100697e+002 +9.465100697e+002 +1.3147e+000 -4.1766e-001 -1.3850e+000 -3.2841e+000 -2.5210e+000
1176 +3.870426531e-005 +3.870426531e-005 +9.465100387e+002 +9.465100387e+002 +1.3415e+000 -4.2316e-001 -1.3616e+000 -3.3012e+000 -2.5488e+000
1192 +3.207422776e-005 +3.207422776e-005 +9.465100321e+002 +9.465100321e+002 +1.3439e+000 -4.2498e-001 -1.3590e+000 -3.2900e+000 -2.5440e+000
1221 +2.138115303e-005 +2.138115303e-005 +9.465100214e+002 +9.465100214e+002 +1.3339e+000 -4.3633e-001 -1.3639e+000 -3.2941e+000 -2.5648e+000
1253 +8.399125136e-006 +8.399125136e-006 +9.465100084e+002 +9.465100084e+002 +1.2883e+000 -4.3425e-001 -1.3678e+000 -3.2979e+000 -2.5828e+000
1314 +6.622026717e-006 +6.622026717e-006 +9.465100066e+002 +9.465100066e+002 +1.2818e+000 -4.2696e-001 -1.3604e+000 -3.3014e+000 -2.5616e+000
1356 +6.493408819e-006 +6.493408819e-006 +9.465100065e+002 +9.465100065e+002 +1.3064e+000 -4.4897e-001 -1.3521e+000 -3.2956e+000 -2.5736e+000
1378 +1.781113497e-006 +1.781113497e-006 +9.465100018e+002 +9.465100018e+002 +1.2849e+000 -4.3340e-001 -1.3436e+000 -3.3161e+000 -2.5773e+000
1448 +1.590330385e-006 +1.590330385e-006 +9.465100016e+002 +9.465100016e+002 +1.2854e+000 -4.4089e-001 -1.3489e+000 -3.3076e+000 -2.5786e+000
1483 +1.240247684e-006 +1.240247684e-006 +9.465100012e+002 +9.465100012e+002 +1.2839e+000 -4.4253e-001 -1.3518e+000 -3.3136e+000 -2.5803e+000
1510 +9.317817558e-007 +9.317817558e-007 +9.465100009e+002 +9.465100009e+002 +1.2806e+000 -4.4250e-001 -1.3453e+000 -3.3241e+000 -2.5694e+000
1512 +6.873508482e-007 +6.873508482e-007 +9.465100007e+002 +9.465100007e+002 +1.2740e+000 -4.4335e-001 -1.3486e+000 -3.3142e+000 -2.5828e+000
1522 +1.478059630e-007 +1.478059630e-007 +9.465100001e+002 +9.465100001e+002 +1.2848e+000 -4.7676e-001 -1.3509e+000 -3.3449e+000 -2.5834e+000
1611 +1.305583055e-007 +1.305583055e-007 +9.465100001e+002 +9.465100001e+002 +1.2903e+000 -4.6128e-001 -1.3511e+000 -3.3412e+000 -2.5762e+000
1612 +1.282462563e-007 +1.282462563e-007 +9.465100001e+002 +9.465100001e+002 +1.2756e+000 -4.5350e-001 -1.3545e+000 -3.3327e+000 -2.5804e+000
1621 +8.720678579e-008 +8.720678579e-008 +9.465100001e+002 +9.465100001e+002 +1.2688e+000 -4.5510e-001 -1.3535e+000 -3.3453e+000 -2.5775e+000
1629 +5.795641300e-008 +5.795641300e-008 +9.465100001e+002 +9.465100001e+002 +1.2693e+000 -4.5679e-001 -1.3544e+000 -3.3445e+000 -2.5771e+000
1640 +4.621654170e-008 +4.621654170e-008 +9.465100000e+002 +9.465100000e+002 +1.2680e+000 -4.5929e-001 -1.3554e+000 -3.3433e+000 -2.5792e+000
1675 +2.396632226e-008 +2.396632226e-008 +9.465100000e+002 +9.465100000e+002 +1.2716e+000 -4.6201e-001 -1.3483e+000 -3.3407e+000 -2.5798e+000
1803 +4.713115231e-009 +4.713115231e-009 +9.465100000e+002 +9.465100000e+002 +1.2778e+000 -4.6684e-001 -1.3501e+000 -3.3460e+000 -2.5826e+000
3207 +0.000000000e+000 +0.000000000e+000 +9.465100000e+002 +9.465100000e+002 +1.2641e+000 -4.6309e-001 -1.3440e+000 -3.3471e+000 -2.5901e+000
