% function evaluation | noise-free fitness - Fopt (4.078000000000e+001) | best noise-free fitness - Fopt | measured fitness | best measured fitness | x1 | x2...
1 +4.362705128e+001 +4.362705128e+001 +8.440705128e+001 +8.440705128e+001 -3.0943e+000 +5.8727e+000 -1.8145e+000
2 +3.961783628e+001 +3.961783628e+001 +8.039783628e+001 +8.039783628e+001 -3.8316e+000 +2.7305e+000 -5.2629e-001
3 +3.311526379e+001 +3.311526379e+001 +7.389526379e+001 +7.389526379e+001 -4.7425e+000 -3.9467e+000 -2.3405e+000
4 +2.079296979e+001 +2.079296979e+001 +6.157296979e+001 +6.157296979e+001 -1.7129e+000 +3.0391e+000 -4.6807e+000
6 +1.586105037e+001 +1.586105037e+001 +5.664105037e+001 +5.664105037e+001 -4.8450e+000 +3.7142e+000 -2.4076e+000
16 +1.364809375e+001 +1.364809375e+001 +5.442809375e+001 +5.442809375e+001 -3.8199e+000 -1.2094e+000 +2.8579e+000
40 +6.221967687e+000 +6.221967687e+000 +4.700196769e+001 +4.700196769e+001 -1.3001e+000 +3.3022e+000 +1.5020e+000
73 +4.854528497e-001 +4.854528497e-001 +4.126545285e+001 +4.126545285e+001 -1.1735e+000 -1.3935e+000 +3.3812e+000
% function evaluation | noise-free fitness - Fopt (-1.600000000000e+000) | best noise-free fitness - Fopt | measured fitness | best measured fitness | x1 | x2...
1 +2.981031283e+001 +2.981031283e+001 +2.821031283e+001 +2.821031283e+001 +3.5962e+000 +1.8949e+000 +2.5404e+000
4 +2.173920242e+001 +2.173920242e+001 +2.013920242e+001 +2.013920242e+001 +1.2545e+000 -3.4261e+000 +4.7706e+000
5 +1.745913815e+001 +1.745913815e+001 +1.585913815e+001 +1.585913815e+001 +4.0324e+000 -6.1119e-002 -2.0551e+000
11 +1.153872232e+001 +1.153872232e+001 +9.938722318e+000 +9.938722318e+000 +5.1832e+000 +1.2640e+000 +3.8453e+000
17 +6.067959788e+000 +6.067959788e+000 +4.467959788e+000 +4.467959788e+000 +3.1660e+000 -1.0314e+000 -1.8335e+000
54 +2.109353126e+000 +2.109353126e+000 +5.093531256e-001 +5.093531256e-001 +6.2499e-001 -2.1437e+000 +9.6804e-001
59 +1.532296177e+000 +1.532296177e+000 -6.770382341e-002 -6.770382341e-002 +9.8363e-001 -1.9196e+000 +1.1485e+000
65 +3.702013256e-002 +3.702013256e-002 -1.562979867e+000 -1.562979867e+000 +9.5141e-001 -2.4917e+000 +9.5373e-001
% function evaluation | noise-free fitness - Fopt (-3.708400000000e+002) | best noise-free fitness - Fopt | measured fitness | best measured fitness | x1 | x2...
1 +2.519439743e+001 +2.519439743e+001 -3.456456026e+002 -3.456456026e+002 +3.8942e-002 -1.5354e+000 +4.4812e+000
10 +2.248336374e+001 +2.248336374e+001 -3.483566363e+002 -3.483566363e+002 -2.5054e+000 -5.1451e+000 +8.1216e-001
16 +7.369997560e+000 +7.369997560e+000 -3.634700024e+002 -3.634700024e+002 +8.6106e-001 -3.2282e+000 +3.1469e+000
87 +5.810645567e+000 +5.810645567e+000 -3.650293544e+002 -3.650293544e+002 +6.7115e-001 -2.9142e+000 +2.6100e+000
91 +4.879314283e+000 +4.879314283e+000 -3.659606857e+002 -3.659606857e+002 +9.6867e-001 -2.9350e+000 +2.7434e+000
139 +3.893662221e+000 +3.893662221e+000 -3.669463378e+002 -3.669463378e+002 +1.1583e+000 -2.3700e+000 +2.8550e+000
154 +3.697896979e+000 +3.697896979e+000 -3.671421030e+002 -3.671421030e+002 +1.0459e+000 -2.3890e+000 +2.7835e+000
% function evaluation | noise-free fitness - Fopt (-3.256000000000e+001) | best noise-free fitness - Fopt | measured fitness | best measured fitness | x1 | x2...
1 +5.247310353e+001 +5.247310353e+001 +1.991310353e+001 +1.991310353e+001 +2.6746e+000 -7.0484e-002 +1.1276e+000
2 +2.370914798e+001 +2.370914798e+001 -8.850852021e+000 -8.850852021e+000 +5.1211e+000 -1.2212e-001 -5.5211e-001
16 +1.931581828e+001 +1.931581828e+001 -1.324418172e+001 -1.324418172e+001 +4.4146e+000 +8.4548e-001 -8.2041e-001
38 +1.750234946e+001 +1.750234946e+001 -1.505765054e+001 -1.505765054e+001 +4.5355e-002 +1.4515e+000 -1.1284e+000
60 +1.615720325e+001 +1.615720325e+001 -1.640279675e+001 -1.640279675e+001 -2.8523e+000 +3.2179e-001 +9.4683e-001
63 +8.506115032e+000 +8.506115032e+000 -2.405388497e+001 -2.405388497e+001 +7.5654e-001 +5.0728e-001 +3.2895e-002
85 +6.071535777e+000 +6.071535777e+000 -2.648846422e+001 -2.648846422e+001 +4.7000e-001 +1.2475e+000 +2.1915e-001
135 +3.336080151e+000 +3.336080151e+000 -2.922391985e+001 -2.922391985e+001 +2.0792e-001 +1.7327e+000 -2.5836e-001
184 +2.969323874e+000 +2.969323874e+000 -2.959067613e+001 -2.959067613e+001 +1.0605e-001 +1.8938e+000 -1.5653e-001
473 +2.909659870e+000 +2.909659870e+000 -2.965034013e+001 -2.965034013e+001 +8.1653e-002 +1.9652e+000 -1.7751e-001
486 +2.855845041e+000 +2.855845041e+000 -2.970415496e+001 -2.970415496e+001 +3.5441e-002 +2.0642e+000 -1.8027e-001
550 +2.816689828e+000 +2.816689828e+000 -2.974331017e+001 -2.974331017e+001 +3.0248e-004 +2.0749e+000 -1.6536e-001
% function evaluation | noise-free fitness - Fopt (5.154000000000e+002) | best noise-free fitness - Fopt | measured fitness | best measured fitness | x1 | x2...
1 +1.090251066e+001 +1.090251066e+001 +5.263025107e+002 +5.263025107e+002 +2.8966e+000 +3.3623e+000 +1.7168e+000
21 +8.623815104e+000 +8.623815104e+000 +5.240238151e+002 +5.240238151e+002 +1.8995e+000 +4.1062e+000 -4.2482e+000
74 +8.257087940e+000 +8.257087940e+000 +5.236570879e+002 +5.236570879e+002 +1.4670e+000 +3.7129e+000 +9.9350e-003
143 +2.248568380e+000 +2.248568380e+000 +5.176485684e+002 +5.176485684e+002 +5.4002e+000 -1.8486e+000 -3.0024e-001
500 +2.200940234e+000 +2.200940234e+000 +5.176009402e+002 +5.176009402e+002 +2.8779e+000 +3.7094e+000 -3.4930e+000
501 +2.166092929e+000 +2.166092929e+000 +5.175660929e+002 +5.175660929e+002 +2.9260e+000 +3.8020e+000 -3.7221e+000
678 +2.514443810e-001 +2.514443810e-001 +5.156514444e+002 +5.156514444e+002 -2.7211e+000 -5.6185e-002 -3.2713e+000
739 +2.409478293e-002 +2.409478293e-002 +5.154240948e+002 +5.154240948e+002 -2.9751e+000 -3.4620e-001 -2.9577e+000
769 +1.019947529e-002 +1.019947529e-002 +5.154101995e+002 +5.154101995e+002 -3.1241e+000 -4.1013e-001 -2.8213e+000
886 +9.285712238e-003 +9.285712238e-003 +5.154092857e+002 +5.154092857e+002 -3.0901e+000 -4.5887e-001 -2.8658e+000
901 +8.417032292e-003 +8.417032292e-003 +5.154084170e+002 +5.154084170e+002 -3.1065e+000 -4.3184e-001 -2.8133e+000
902 +7.451442981e-003 +7.451442981e-003 +5.154074514e+002 +5.154074514e+002 -3.0927e+000 -4.4764e-001 -2.8120e+000
914 +7.009222178e-003 +7.009222178e-003 +5.154070092e+002 +5.154070092e+002 -3.1088e+000 -4.3097e-001 -2.8419e+000
916 +6.397499431e-003 +6.397499431e-003 +5.154063975e+002 +5.154063975e+002 -3.0962e+000 -4.5463e-001 -2.8418e+000
935 +6.287481189e-003 +6.287481189e-003 +5.154062875e+002 +5.154062875e+002 -3.1511e+000 -4.4030e-001 -2.7924e+000
942 +4.857042055e-003 +4.857042055e-003 +5.154048570e+002 +5.154048570e+002 -3.1178e+000 -4.6966e-001 -2.8373e+000
946 +4.003202968e-003 +4.003202968e-003 +5.154040032e+002 +5.154040032e+002 -3.1098e+000 -5.0877e-001 -2.8004e+000
999 +3.910383042e-003 +3.910383042e-003 +5.154039104e+002 +5.154039104e+002 -3.1144e+000 -5.1372e-001 -2.7712e+000
1006 +3.821979035e-003 +3.821979035e-003 +5.154038220e+002 +5.154038220e+002 -3.1117e+000 -5.4483e-001 -2.7728e+000
1025 +3.537183516e-003 +3.537183516e-003 +5.154035372e+002 +5.154035372e+002 -3.1668e+000 -5.0789e-001 -2.8033e+000
1088 +3.422749772e-003 +3.422749772e-003 +5.154034227e+002 +5.154034227e+002 -3.1547e+000 -5.2309e-001 -2.7773e+000
1096 +3.004343985e-003 +3.004343985e-003 +5.154030043e+002 +5.154030043e+002 -3.1681e+000 -5.3297e-001 -2.7750e+000
1118 +2.768747564e-003 +2.768747564e-003 +5.154027687e+002 +5.154027687e+002 -3.1767e+000 -5.3032e-001 -2.7767e+000
1122 +2.464285385e-003 +2.464285385e-003 +5.154024643e+002 +5.154024643e+002 -3.1784e+000 -5.3645e-001 -2.7640e+000
1141 +1.459956972e-003 +1.459956972e-003 +5.154014600e+002 +5.154014600e+002 -3.2278e+000 -5.2091e-001 -2.7663e+000
1168 +1.417728972e-003 +1.417728972e-003 +5.154014177e+002 +5.154014177e+002 -3.2001e+000 -5.5338e-001 -2.7543e+000
1175 +1.340981699e-003 +1.340981699e-003 +5.154013410e+002 +5.154013410e+002 -3.2043e+000 -5.4876e-001 -2.7514e+000
1176 +1.182295832e-003 +1.182295832e-003 +5.154011823e+002 +5.154011823e+002 -3.2157e+000 -5.4419e-001 -2.7501e+000
1188 +9.757004734e-004 +9.757004734e-004 +5.154009757e+002 +5.154009757e+002 -3.2378e+000 -5.5198e-001 -2.7578e+000
1199 +8.812889022e-004 +8.812889022e-004 +5.154008813e+002 +5.154008813e+002 -3.2647e+000 -5.6070e-001 -2.7504e+000
1211 +8.447575716e-004 +8.447575716e-004 +5.154008448e+002 +5.154008448e+002 -3.3065e+000 -5.5421e-001 -2.7496e+000
1233 +8.254254165e-004 +8.254254165e-004 +5.154008254e+002 +5.154008254e+002 -3.3271e+000 -5.5565e-001 -2.7465e+000
1246 +7.718721777e-004 +7.718721777e-004 +5.154007719e+002 +5.154007719e+002 -3.3053e+000 -5.5960e-001 -2.7443e+000
1249 +7.409920960e-004 +7.409920960e-004 +5.154007410e+002 +5.154007410e+002 -3.3052e+000 -5.6045e-001 -2.7419e+000
1258 +6.918740202e-004 +6.918740202e-004 +5.154006919e+002 +5.154006919e+002 -3.3296e+000 -5.5750e-001 -2.7331e+000
1270 +6.860578997e-004 +6.860578997e-004 +5.154006861e+002 +5.154006861e+002 -3.3033e+000 -5.6075e-001 -2.7359e+000
1289 +6.504164826e-004 +6.504164826e-004 +5.154006504e+002 +5.154006504e+002 -3.3074e+000 -5.6807e-001 -2.7391e+000
1296 +5.821019145e-004 +5.821019145e-004 +5.154005821e+002 +5.154005821e+002 -3.3181e+000 -5.6245e-001 -2.7250e+000
1305 +4.976410657e-004 +4.976410657e-004 +5.154004976e+002 +5.154004976e+002 -3.3025e+000 -5.7644e-001 -2.7308e+000
1310 +4.847695234e-004 +4.847695234e-004 +5.154004848e+002 +5.154004848e+002 -3.3102e+000 -5.7353e-001 -2.7300e+000
1313 +4.712126407e-004 +4.712126407e-004 +5.154004712e+002 +5.154004712e+002 -3.3187e+000 -5.6983e-001 -2.7258e+000
1321 +4.563721626e-004 +4.563721626e-004 +5.154004564e+002 +5.154004564e+002 -3.3588e+000 -5.7030e-001 -2.7191e+000
1331 +4.238986709e-004 +4.238986709e-004 +5.154004239e+002 +5.154004239e+002 -3.3148e+000 -5.7273e-001 -2.7201e+000
1336 +3.912040786e-004 +3.912040786e-004 +5.154003912e+002 +5.154003912e+002 -3.3519e+000 -5.7956e-001 -2.7251e+000
1337 +3.862936661e-004 +3.862936661e-004 +5.154003863e+002 +5.154003863e+002 -3.3362e+000 -5.7359e-001 -2.7201e+000
1358 +3.000120987e-004 +3.000120987e-004 +5.154003000e+002 +5.154003000e+002 -3.3474e+000 -5.8204e-001 -2.6991e+000
1388 +2.935794187e-004 +2.935794187e-004 +5.154002936e+002 +5.154002936e+002 -3.3168e+000 -5.8640e-001 -2.7063e+000
1392 +2.642336148e-004 +2.642336148e-004 +5.154002642e+002 +5.154002642e+002 -3.3166e+000 -5.9253e-001 -2.7039e+000
1420 +2.430629768e-004 +2.430629768e-004 +5.154002431e+002 +5.154002431e+002 -3.3644e+000 -5.9003e-001 -2.7004e+000
1435 +1.927895754e-004 +1.927895754e-004 +5.154001928e+002 +5.154001928e+002 -3.3550e+000 -6.0279e-001 -2.7014e+000
1453 +1.805677623e-004 +1.805677623e-004 +5.154001806e+002 +5.154001806e+002 -3.3430e+000 -6.1091e-001 -2.7014e+000
1455 +1.478100513e-004 +1.478100513e-004 +5.154001478e+002 +5.154001478e+002 -3.3544e+000 -6.0924e-001 -2.6895e+000
1467 +1.065453994e-004 +1.065453994e-004 +5.154001065e+002 +5.154001065e+002 -3.3497e+000 -6.2307e-001 -2.6773e+000
1493 +9.608225696e-005 +9.608225696e-005 +5.154000961e+002 +5.154000961e+002 -3.3388e+000 -6.4165e-001 -2.6746e+000
1503 +8.891109155e-005 +8.891109155e-005 +5.154000889e+002 +5.154000889e+002 -3.3542e+000 -6.3762e-001 -2.6817e+000
1515 +8.538713303e-005 +8.538713303e-005 +5.154000854e+002 +5.154000854e+002 -3.3470e+000 -6.3759e-001 -2.6732e+000
1521 +8.447693199e-005 +8.447693199e-005 +5.154000845e+002 +5.154000845e+002 -3.3547e+000 -6.4147e-001 -2.6797e+000
1522 +7.388089534e-005 +7.388089534e-005 +5.154000739e+002 +5.154000739e+002 -3.3615e+000 -6.3763e-001 -2.6774e+000
1526 +6.335475894e-005 +6.335475894e-005 +5.154000634e+002 +5.154000634e+002 -3.3762e+000 -6.3321e-001 -2.6669e+000
1532 +5.484531289e-005 +5.484531289e-005 +5.154000548e+002 +5.154000548e+002 -3.3692e+000 -6.4646e-001 -2.6731e+000
1543 +4.262106927e-005 +4.262106927e-005 +5.154000426e+002 +5.154000426e+002 -3.3704e+000 -6.4445e-001 -2.6640e+000
1561 +3.574998516e-005 +3.574998516e-005 +5.154000357e+002 +5.154000357e+002 -3.3831e+000 -6.4351e-001 -2.6644e+000
1567 +2.647949123e-005 +2.647949123e-005 +5.154000265e+002 +5.154000265e+002 -3.3804e+000 -6.5927e-001 -2.6484e+000
1586 +2.594274213e-005 +2.594274213e-005 +5.154000259e+002 +5.154000259e+002 -3.3916e+000 -6.5633e-001 -2.6459e+000
1617 +2.544868823e-005 +2.544868823e-005 +5.154000254e+002 +5.154000254e+002 -3.4069e+000 -6.5224e-001 -2.6516e+000
1621 +2.482611058e-005 +2.482611058e-005 +5.154000248e+002 +5.154000248e+002 -3.4040e+000 -6.5359e-001 -2.6506e+000
1632 +2.447837812e-005 +2.447837812e-005 +5.154000245e+002 +5.154000245e+002 -3.3984e+000 -6.5491e-001 -2.6510e+000
1652 +2.134164413e-005 +2.134164413e-005 +5.154000213e+002 +5.154000213e+002 -3.4027e+000 -6.5786e-001 -2.6514e+000
1675 +1.625773280e-005 +1.625773280e-005 +5.154000163e+002 +5.154000163e+002 -3.4119e+000 -6.6197e-001 -2.6509e+000
1695 +1.480869889e-005 +1.480869889e-005 +5.154000148e+002 +5.154000148e+002 -3.4086e+000 -6.6193e-001 -2.6445e+000
1696 +1.023576317e-005 +1.023576317e-005 +5.154000102e+002 +5.154000102e+002 -3.4085e+000 -6.7199e-001 -2.6486e+000
1697 +1.014293309e-005 +1.014293309e-005 +5.154000101e+002 +5.154000101e+002 -3.4078e+000 -6.7039e-001 -2.6483e+000
1745 +9.580110145e-006 +9.580110145e-006 +5.154000096e+002 +5.154000096e+002 -3.4072e+000 -6.6919e-001 -2.6472e+000
1756 +9.308003769e-006 +9.308003769e-006 +5.154000093e+002 +5.154000093e+002 -3.4076e+000 -6.7183e-001 -2.6475e+000
1781 +8.088148888e-006 +8.088148888e-006 +5.154000081e+002 +5.154000081e+002 -3.4066e+000 -6.7624e-001 -2.6455e+000
1790 +7.865830412e-006 +7.865830412e-006 +5.154000079e+002 +5.154000079e+002 -3.4100e+000 -6.7158e-001 -2.6455e+000
1798 +7.163791452e-006 +7.163791452e-006 +5.154000072e+002 +5.154000072e+002 -3.4082e+000 -6.7406e-001 -2.6435e+000
1802 +6.973789823e-006 +6.973789823e-006 +5.154000070e+002 +5.154000070e+002 -3.4046e+000 -6.7543e-001 -2.6406e+000
1816 +6.446427847e-006 +6.446427847e-006 +5.154000064e+002 +5.154000064e+002 -3.4125e+000 -6.7983e-001 -2.6386e+000
1824 +6.051478749e-006 +6.051478749e-006 +5.154000061e+002 +5.154000061e+002 -3.4075e+000 -6.8708e-001 -2.6308e+000
1831 +3.469556418e-006 +3.469556418e-006 +5.154000035e+002 +5.154000035e+002 -3.4157e+000 -6.8794e-001 -2.6292e+000
1846 +3.373012305e-006 +3.373012305e-006 +5.154000034e+002 +5.154000034e+002 -3.4158e+000 -6.9640e-001 -2.6177e+000
2051 +2.651764248e-006 +2.651764248e-006 +5.154000027e+002 +5.154000027e+002 -3.4165e+000 -7.0192e-001 -2.6232e+000
2057 +2.334704277e-006 +2.334704277e-006 +5.154000023e+002 +5.154000023e+002 -3.4166e+000 -6.9979e-001 -2.6181e+000
2063 +1.841498033e-006 +1.841498033e-006 +5.154000018e+002 +5.154000018e+002 -3.4193e+000 -6.9748e-001 -2.6227e+000
2100 +1.783003199e-006 +1.783003199e-006 +5.154000018e+002 +5.154000018e+002 -3.4234e+000 -7.0176e-001 -2.6126e+000
2102 +1.520544174e-006 +1.520544174e-006 +5.154000015e+002 +5.154000015e+002 -3.4249e+000 -7.0527e-001 -2.6178e+000
2120 +1.257567874e-006 +1.257567874e-006 +5.154000013e+002 +5.154000013e+002 -3.4307e+000 -7.0640e-001 -2.6193e+000
2132 +1.230267685e-006 +1.230267685e-006 +5.154000012e+002 +5.154000012e+002 -3.4275e+000 -7.0285e-001 -2.6177e+000
2140 +8.877074151e-007 +8.877074151e-007 +5.154000009e+002 +5.154000009e+002 -3.4373e+000 -7.1035e-001 -2.6176e+000
2147 +8.191385632e-007 +8.191385632e-007 +5.154000008e+002 +5.154000008e+002 -3.4310e+000 -7.0423e-001 -2.6169e+000
2155 +7.670604418e-007 +7.670604418e-007 +5.154000008e+002 +5.154000008e+002 -3.4325e+000 -7.0601e-001 -2.6173e+000
2157 +6.443669918e-007 +6.443669918e-007 +5.154000006e+002 +5.154000006e+002 -3.4352e+000 -7.0321e-001 -2.6187e+000
2162 +5.694811307e-007 +5.694811307e-007 +5.154000006e+002 +5.154000006e+002 -3.4433e+000 -7.0537e-001 -2.6193e+000
2165 +4.509562359e-007 +4.509562359e-007 +5.154000005e+002 +5.154000005e+002 -3.4375e+000 -7.0455e-001 -2.6150e+000
2182 +4.384679642e-007 +4.384679642e-007 +5.154000004e+002 +5.154000004e+002 -3.4400e+000 -7.0571e-001 -2.6167e+000
2183 +3.848367669e-007 +3.848367669e-007 +5.154000004e+002 +5.154000004e+002 -3.4426e+000 -7.0683e-001 -2.6162e+000
2188 +3.139284672e-007 +3.139284672e-007 +5.154000003e+002 +5.154000003e+002 -3.4444e+000 -7.0472e-001 -2.6154e+000
2215 +2.494632554e-007 +2.494632554e-007 +5.154000002e+002 +5.154000002e+002 -3.4436e+000 -7.0903e-001 -2.6133e+000
2237 +1.944790711e-007 +1.944790711e-007 +5.154000002e+002 +5.154000002e+002 -3.4546e+000 -7.0826e-001 -2.6134e+000
2239 +1.453927325e-007 +1.453927325e-007 +5.154000001e+002 +5.154000001e+002 -3.4490e+000 -7.0947e-001 -2.6082e+000
2261 +7.631172139e-008 +7.631172139e-008 +5.154000001e+002 +5.154000001e+002 -3.4546e+000 -7.1200e-001 -2.6097e+000
2291 +5.856236385e-008 +5.856236385e-008 +5.154000001e+002 +5.154000001e+002 -3.4555e+000 -7.1168e-001 -2.6086e+000
2324 +5.658966984e-008 +5.658966984e-008 +5.154000001e+002 +5.154000001e+002 -3.4543e+000 -7.1646e-001 -2.6077e+000
2326 +5.436709216e-008 +5.436709216e-008 +5.154000001e+002 +5.154000001e+002 -3.4550e+000 -7.1412e-001 -2.6084e+000
2329 +5.047672857e-008 +5.047672857e-008 +5.154000001e+002 +5.154000001e+002 -3.4546e+000 -7.1304e-001 -2.6078e+000
2349 +4.217326932e-008 +4.217326932e-008 +5.154000000e+002 +5.154000000e+002 -3.4546e+000 -7.1607e-001 -2.6055e+000
2359 +3.466607268e-008 +3.466607268e-008 +5.154000000e+002 +5.154000000e+002 -3.4550e+000 -7.1966e-001 -2.6005e+000
2372 +3.133186510e-008 +3.133186510e-008 +5.154000000e+002 +5.154000000e+002 -3.4545e+000 -7.1856e-001 -2.6030e+000
2395 +1.934688498e-008 +1.934688498e-008 +5.154000000e+002 +5.154000000e+002 -3.4559e+000 -7.1855e-001 -2.6023e+000
2412 +1.887588041e-008 +1.887588041e-008 +5.154000000e+002 +5.154000000e+002 -3.4557e+000 -7.1951e-001 -2.6022e+000
2421 +1.286332463e-008 +1.286332463e-008 +5.154000000e+002 +5.154000000e+002 -3.4570e+000 -7.2050e-001 -2.6011e+000
2432 +1.203613920e-008 +1.203613920e-008 +5.154000000e+002 +5.154000000e+002 -3.4584e+000 -7.1835e-001 -2.6022e+000
2446 +1.193927801e-008 +1.193927801e-008 +5.154000000e+002 +5.154000000e+002 -3.4582e+000 -7.1979e-001 -2.6023e+000
2472 +1.173134478e-008 +1.173134478e-008 +5.154000000e+002 +5.154000000e+002 -3.4586e+000 -7.2060e-001 -2.6018e+000
2498 +1.128341864e-008 +1.128341864e-008 +5.154000000e+002 +5.154000000e+002 -3.4590e+000 -7.1979e-001 -2.6013e+000
2509 +1.105365754e-008 +1.105365754e-008 +5.154000000e+002 +5.154000000e+002 -3.4592e+000 -7.2146e-001 -2.6012e+000
2521 +1.063756372e-008 +1.063756372e-008 +5.154000000e+002 +5.154000000e+002 -3.4594e+000 -7.2001e-001 -2.6016e+000
2527 +9.242057786e-009 +9.242057786e-009 +5.154000000e+002 +5.154000000e+002 -3.4602e+000 -7.2204e-001 -2.6010e+000
4027 +0.000000000e+000 +0.000000000e+000 +5.154000000e+002 +5.154000000e+002 -3.4719e+000 -7.2829e-001 -2.5940e+000
% function evaluation | noise-free fitness - Fopt (-1.000000000000e+003) | best noise-free fitness - Fopt | measured fitness | best measured fitness | x1 | x2...
1 +6.704898260e+001 +6.704898260e+001 -9.329510174e+002 -9.329510174e+002 +4.6932e+000 -5.7943e+000 -6.2033e+000
4 +3.457625968e+001 +3.457625968e+001 -9.654237403e+002 -9.654237403e+002 +8.7926e-001 -2.4925e+000 -2.9324e+000
19 +2.667123796e+001 +2.667123796e+001 -9.733287620e+002 -9.733287620e+002 +2.4925e+000 -4.0515e+000 -4.7591e+000
41 +1.707998798e+001 +1.707998798e+001 -9.829200120e+002 -9.829200120e+002 +8.3026e-001 +3.6466e+000 -4.0466e+000
42 +6.684125744e+000 +6.684125744e+000 -9.933158743e+002 -9.933158743e+002 -1.1517e+000 +7.9173e-001 -4.8563e+000
117 +2.941623991e+000 +2.941623991e+000 -9.970583760e+002 -9.970583760e+002 -9.1099e-001 +1.8277e+000 -4.4513e+000
163 +2.744252606e+000 +2.744252606e+000 -9.972557474e+002 -9.972557474e+002 -7.5204e-001 +2.0947e+000 -4.3078e+000
192 +2.561426259e+000 +2.561426259e+000 -9.974385737e+002 -9.974385737e+002 -7.3203e-001 +2.0433e+000 -4.1761e+000
261 +2.337062643e+000 +2.337062643e+000 -9.976629374e+002 -9.976629374e+002 -6.3575e-001 +4.1779e+000 -3.7390e+000
262 +5.241185426e-001 +5.241185426e-001 -9.994758815e+002 -9.994758815e+002 -5.7929e-001 -3.3468e+000 -1.2440e+000
381 +9.317740193e-002 +9.317740193e-002 -9.999068226e+002 -9.999068226e+002 -5.4093e-001 -3.8812e+000 -8.5404e-001
412 +2.170137437e-002 +2.170137437e-002 -9.999782986e+002 -9.999782986e+002 -4.0038e-001 -4.1722e+000 -1.2189e+000
437 +1.401411570e-002 +1.401411570e-002 -9.999859859e+002 -9.999859859e+002 -7.3101e-001 -3.6246e+000 -9.6756e-001
447 +2.489139755e-003 +2.489139755e-003 -9.999975109e+002 -9.999975109e+002 -6.3228e-001 -4.1222e+000 -1.0459e+000
471 +8.657524758e-004 +8.657524758e-004 -9.999991342e+002 -9.999991342e+002 -9.0818e-001 -3.8006e+000 -7.4022e-001
480 +2.737400604e-004 +2.737400604e-004 -9.999997263e+002 -9.999997263e+002 -7.9051e-001 -3.7576e+000 -7.7155e-001
487 +6.894248941e-006 +6.894248941e-006 -9.999999931e+002 -9.999999931e+002 -7.8642e-001 -3.8851e+000 -8.4578e-001
515 +3.429045137e-007 +3.429045137e-007 -9.999999997e+002 -9.999999997e+002 -7.9683e-001 -3.8240e+000 -8.1996e-001
608 +2.904296252e-007 +2.904296252e-007 -9.999999997e+002 -9.999999997e+002 -7.9744e-001 -3.8253e+000 -8.2234e-001
649 +2.870478966e-007 +2.870478966e-007 -9.999999997e+002 -9.999999997e+002 -7.9694e-001 -3.8296e+000 -8.2517e-001
651 +2.146840643e-007 +2.146840643e-007 -9.999999998e+002 -9.999999998e+002 -7.9598e-001 -3.8277e+000 -8.2536e-001
685 +1.813132258e-007 +1.813132258e-007 -9.999999998e+002 -9.999999998e+002 -7.9457e-001 -3.8303e+000 -8.2647e-001
691 +1.341805955e-007 +1.341805955e-007 -9.999999999e+002 -9.999999999e+002 -7.9313e-001 -3.8272e+000 -8.3003e-001
706 +1.008320396e-007 +1.008320396e-007 -9.999999999e+002 -9.999999999e+002 -7.9130e-001 -3.8328e+000 -8.2804e-001
712 +8.255335615e-008 +8.255335615e-008 -9.999999999e+002 -9.999999999e+002 -7.9122e-001 -3.8337e+000 -8.2991e-001
721 +7.514381650e-008 +7.514381650e-008 -9.999999999e+002 -9.999999999e+002 -7.9038e-001 -3.8364e+000 -8.3142e-001
732 +4.932724096e-008 +4.932724096e-008 -1.000000000e+003 -1.000000000e+003 -7.8751e-001 -3.8407e+000 -8.3384e-001
738 +4.815694865e-008 +4.815694865e-008 -1.000000000e+003 -1.000000000e+003 -7.8907e-001 -3.8351e+000 -8.3223e-001
744 +4.709545465e-008 +4.709545465e-008 -1.000000000e+003 -1.000000000e+003 -7.8938e-001 -3.8306e+000 -8.3172e-001
759 +3.907905466e-008 +3.907905466e-008 -1.000000000e+003 -1.000000000e+003 -7.8787e-001 -3.8354e+000 -8.3489e-001
786 +2.995614068e-008 +2.995614068e-008 -1.000000000e+003 -1.000000000e+003 -7.8772e-001 -3.8316e+000 -8.3319e-001
788 +1.189653176e-008 +1.189653176e-008 -1.000000000e+003 -1.000000000e+003 -7.8525e-001 -3.8324e+000 -8.3692e-001
806 +1.138209882e-008 +1.138209882e-008 -1.000000000e+003 -1.000000000e+003 -7.8083e-001 -3.8332e+000 -8.4323e-001
825 +1.001217242e-008 +1.001217242e-008 -1.000000000e+003 -1.000000000e+003 -7.8446e-001 -3.8336e+000 -8.3669e-001
831 +3.000877768e-009 +3.000877768e-009 -1.000000000e+003 -1.000000000e+003 -7.8010e-001 -3.8341e+000 -8.4198e-001
1046 +0.000000000e+000 +0.000000000e+000 -1.000000000e+003 -1.000000000e+003 -7.7580e-001 -3.8435e+000 -8.4612e-001
% function evaluation | noise-free fitness - Fopt (9.190000000000e+001) | best noise-free fitness - Fopt | measured fitness | best measured fitness | x1 | x2...
1 +7.624047588e+001 +7.624047588e+001 +1.681404759e+002 +1.681404759e+002 +7.3445e+000 -1.1022e-001 -4.7518e-001
2 +3.009044706e+001 +3.009044706e+001 +1.219904471e+002 +1.219904471e+002 +8.5906e-001 -5.2056e+000 +1.1935e+000
3 +2.494653963e+001 +2.494653963e+001 +1.168465396e+002 +1.168465396e+002 -9.7476e-001 -4.1723e-001 -1.9084e+000
12 +2.033702534e+001 +2.033702534e+001 +1.122370253e+002 +1.122370253e+002 +2.1221e+000 +1.8918e+000 -3.9021e-001
26 +1.244568488e+001 +1.244568488e+001 +1.043456849e+002 +1.043456849e+002 -1.3046e+000 -2.6514e-001 -4.2722e-001
34 +8.050403363e+000 +8.050403363e+000 +9.995040336e+001 +9.995040336e+001 -1.8989e-001 +4.0637e-002 +2.1320e-002
36 +7.766870408e+000 +7.766870408e+000 +9.966687041e+001 +9.966687041e+001 -7.9877e-001 -1.7187e+000 -1.4018e+000
66 +7.164160928e+000 +7.164160928e+000 +9.906416093e+001 +9.906416093e+001 -3.4478e+000 +1.6623e+000 +9.2759e-001
70 +5.244016340e+000 +5.244016340e+000 +9.714401634e+001 +9.714401634e+001 -5.3929e+000 +4.5589e+000 -7.9889e-001
72 +2.013195071e+000 +2.013195071e+000 +9.391319507e+001 +9.391319507e+001 -2.9336e+000 -1.9233e+000 -9.8919e-001
260 +4.969574353e-001 +4.969574353e-001 +9.239695744e+001 +9.239695744e+001 -1.3570e+000 -3.7014e+000 -1.0596e+000
291 +3.230289727e-001 +3.230289727e-001 +9.222302897e+001 +9.222302897e+001 -1.5870e+000 -3.4885e+000 -1.0708e+000
296 +2.436803141e-001 +2.436803141e-001 +9.214368031e+001 +9.214368031e+001 -1.7839e+000 -3.8624e+000 -1.0738e+000
299 +1.156525998e-001 +1.156525998e-001 +9.201565260e+001 +9.201565260e+001 -1.7734e+000 -3.5009e+000 -1.0253e+000
303 +3.094869405e-002 +3.094869405e-002 +9.193094869e+001 +9.193094869e+001 -1.8037e+000 -3.6630e+000 -1.1441e+000
316 +1.891030396e-002 +1.891030396e-002 +9.191891030e+001 +9.191891030e+001 -2.0469e+000 -3.2784e+000 -1.1373e+000
323 +1.587593314e-002 +1.587593314e-002 +9.191587593e+001 +9.191587593e+001 -1.8186e+000 -3.6211e+000 -1.1967e+000
340 +1.349045120e-002 +1.349045120e-002 +9.191349045e+001 +9.191349045e+001 -1.8758e+000 -3.5553e+000 -1.2371e+000
347 +6.984843045e-003 +6.984843045e-003 +9.190698484e+001 +9.190698484e+001 -1.9141e+000 -3.5482e+000 -1.2470e+000
348 +3.244277952e-003 +3.244277952e-003 +9.190324428e+001 +9.190324428e+001 -1.9637e+000 -3.5726e+000 -1.2286e+000
368 +3.031886372e-003 +3.031886372e-003 +9.190303189e+001 +9.190303189e+001 -1.9531e+000 -3.6189e+000 -1.2421e+000
379 +2.414085195e-003 +2.414085195e-003 +9.190241409e+001 +9.190241409e+001 -1.9331e+000 -3.6988e+000 -1.2925e+000
397 +9.730918438e-005 +9.730918438e-005 +9.190009731e+001 +9.190009731e+001 -2.1563e+000 -3.4826e+000 -1.2586e+000
437 +9.461980355e-005 +9.461980355e-005 +9.190009462e+001 +9.190009462e+001 -2.1096e+000 -3.4813e+000 -1.2759e+000
438 +8.632533176e-005 +8.632533176e-005 +9.190008633e+001 +9.190008633e+001 -2.1572e+000 -3.5114e+000 -1.2748e+000
468 +1.027238947e-005 +1.027238947e-005 +9.190001027e+001 +9.190001027e+001 -2.1338e+000 -3.5017e+000 -1.2935e+000
496 +6.576604278e-006 +6.576604278e-006 +9.190000658e+001 +9.190000658e+001 -2.1505e+000 -3.4864e+000 -1.3033e+000
511 +4.998499605e-007 +4.998499605e-007 +9.190000050e+001 +9.190000050e+001 -2.2209e+000 -3.4266e+000 -1.3009e+000
534 +7.318914186e-008 +7.318914186e-008 +9.190000007e+001 +9.190000007e+001 -2.1969e+000 -3.4691e+000 -1.2997e+000
538 +6.899685445e-008 +6.899685445e-008 +9.190000007e+001 +9.190000007e+001 -2.1944e+000 -3.4719e+000 -1.3009e+000
551 +5.328003283e-008 +5.328003283e-008 +9.190000005e+001 +9.190000005e+001 -2.1938e+000 -3.4758e+000 -1.3072e+000
560 +1.754378331e-008 +1.754378331e-008 +9.190000002e+001 +9.190000002e+001 -2.1935e+000 -3.4710e+000 -1.3053e+000
587 +1.466656840e-008 +1.466656840e-008 +9.190000001e+001 +9.190000001e+001 -2.1951e+000 -3.4681e+000 -1.3063e+000
592 +1.189987131e-008 +1.189987131e-008 +9.190000001e+001 +9.190000001e+001 -2.2001e+000 -3.4676e+000 -1.3062e+000
615 +1.139588335e-008 +1.139588335e-008 +9.190000001e+001 +9.190000001e+001 -2.1945e+000 -3.4680e+000 -1.3043e+000
652 +3.369891033e-009 +3.369891033e-009 +9.190000000e+001 +9.190000000e+001 -2.2022e+000 -3.4627e+000 -1.3059e+000
1210 +0.000000000e+000 +0.000000000e+000 +9.190000000e+001 +9.190000000e+001 -2.2060e+000 -3.4545e+000 -1.3016e+000
% function evaluation | noise-free fitness - Fopt (-7.597000000000e+001) | best noise-free fitness - Fopt | measured fitness | best measured fitness | x1 | x2...
1 +6.872255010e+001 +6.872255010e+001 -7.247449902e+000 -7.247449902e+000 -4.3322e+000 +7.6186e-001 +6.5880e+000
2 +3.871730787e+001 +3.871730787e+001 -3.725269213e+001 -3.725269213e+001 -6.3573e+000 +8.1190e-001 +2.8760e+000
4 +5.999471104e+000 +5.999471104e+000 -6.997052890e+001 -6.997052890e+001 -3.8162e+000 +5.8948e-001 +1.1800e+000
12 +1.598515773e+000 +1.598515773e+000 -7.437148423e+001 -7.437148423e+001 -3.9881e+000 -1.1123e+000 +1.4308e+000
% function evaluation | noise-free fitness - Fopt (-1.699000000000e+001) | best noise-free fitness - Fopt | measured fitness | best measured fitness | x1 | x2...
1 +3.443015369e+001 +3.443015369e+001 +1.744015369e+001 +1.744015369e+001 +1.0433e+000 -2.5356e+000 +9.0569e-002
4 +1.180687886e+001 +1.180687886e+001 -5.183121143e+000 -5.183121143e+000 -5.0156e+000 +1.5983e+000 -2.9549e+000
14 +8.623046794e+000 +8.623046794e+000 -8.366953206e+000 -8.366953206e+000 +1.3229e+000 -1.6445e+000 -1.5475e+000
18 +7.362104487e+000 +7.362104487e+000 -9.627895513e+000 -9.627895513e+000 +2.9599e+000 +6.1320e-003 -1.3909e+000
55 +6.706011448e+000 +6.706011448e+000 -1.028398855e+001 -1.028398855e+001 -1.3553e+000 -2.5896e+000 -1.2060e+000
77 +2.020862735e+000 +2.020862735e+000 -1.496913727e+001 -1.496913727e+001 -1.3849e+000 -2.1688e+000 -1.3135e+000
97 +1.959205296e+000 +1.959205296e+000 -1.503079470e+001 -1.503079470e+001 -1.0816e+000 -2.0266e+000 -1.5683e+000
98 +1.630259187e+000 +1.630259187e+000 -1.535974081e+001 -1.535974081e+001 -4.5403e-001 -2.2570e+000 -1.5031e+000
110 +1.590837523e+000 +1.590837523e+000 -1.539916248e+001 -1.539916248e+001 -3.5924e-001 -2.0785e+000 -1.5349e+000
122 +1.435957997e+000 +1.435957997e+000 -1.555404200e+001 -1.555404200e+001 -7.8324e-001 -2.1955e+000 -1.4818e+000
127 +1.384104010e+000 +1.384104010e+000 -1.560589599e+001 -1.560589599e+001 -3.7019e-001 -2.0896e+000 -1.3463e+000
132 +1.307839676e+000 +1.307839676e+000 -1.568216032e+001 -1.568216032e+001 -5.5876e-001 -2.0288e+000 -1.4355e+000
147 +1.267408334e+000 +1.267408334e+000 -1.572259167e+001 -1.572259167e+001 -6.4200e-001 -2.0489e+000 -1.3677e+000
158 +1.254217291e+000 +1.254217291e+000 -1.573578271e+001 -1.573578271e+001 -5.0632e-001 -2.0279e+000 -1.3765e+000
% function evaluation | noise-free fitness - Fopt (2.740000000000e+000) | best noise-free fitness - Fopt | measured fitness | best measured fitness | x1 | x2...
1 +2.709525669e+001 +2.709525669e+001 +2.983525669e+001 +2.983525669e+001 +5.3374e+000 -2.3143e+000 -2.1192e+000
7 +6.833551896e+000 +6.833551896e+000 +9.573551896e+000 +9.573551896e+000 +2.9942e+000 -2.0208e+000 -1.9565e+000
11 +4.298527662e+000 +4.298527662e+000 +7.038527662e+000 +7.038527662e+000 -2.3876e+000 -4.1073e+000 +1.1406e+000
79 +2.589595471e+000 +2.589595471e+000 +5.329595471e+000 +5.329595471e+000 -4.6930e-001 -8.3842e-001 +3.7826e+000
102 +2.000161941e+000 +2.000161941e+000 +4.740161941e+000 +4.740161941e+000 +2.2041e-001 -4.6377e+000 +1.2823e+000
% function evaluation | noise-free fitness - Fopt (-3.564000000000e+001) | best noise-free fitness - Fopt | measured fitness | best measured fitness | x1 | x2...
1 +1.342164943e+002 +1.342164943e+002 +9.857649434e+001 +9.857649434e+001 -2.1084e+000 +4.9805e+000 +1.1918e+001
2 +4.878583003e+001 +4.878583003e+001 +1.314583003e+001 +1.314583003e+001 +3.6848e+000 +2.0486e+000 -2.4804e+000
5 +2.298394386e+001 +2.298394386e+001 -1.265605614e+001 -1.265605614e+001 +3.2296e+000 -2.7777e+000 -6.5497e-001
7 +2.003935263e+000 +2.003935263e+000 -3.363606474e+001 -3.363606474e+001 -3.4371e-001 -8.6998e-001 -1.9860e+000
310 +1.984745582e+000 +1.984745582e+000 -3.365525442e+001 -3.365525442e+001 -2.7769e+000 +1.0112e+000 -1.9365e+000
330 +7.826636560e-001 +7.826636560e-001 -3.485733634e+001 -3.485733634e+001 -2.2503e+000 +1.0914e+000 -2.3188e+000
469 +4.840518673e-001 +4.840518673e-001 -3.515594813e+001 -3.515594813e+001 -5.8126e-001 -2.2253e+000 -1.7447e+000
472 +1.716594533e-001 +1.716594533e-001 -3.546834055e+001 -3.546834055e+001 -2.5577e-001 -2.2406e+000 -1.9635e+000
488 +1.427735463e-001 +1.427735463e-001 -3.549722645e+001 -3.549722645e+001 -3.9607e-001 -1.9906e+000 -1.8742e+000
503 +1.086534529e-001 +1.086534529e-001 -3.553134655e+001 -3.553134655e+001 -3.5499e-001 -1.7431e+000 -1.5840e+000
513 +4.099857114e-002 +4.099857114e-002 -3.559900143e+001 -3.559900143e+001 -4.7048e-001 -1.8620e+000 -1.6538e+000
530 +1.740828246e-002 +1.740828246e-002 -3.562259172e+001 -3.562259172e+001 -4.9672e-001 -1.8978e+000 -1.4562e+000
544 +1.093287116e-002 +1.093287116e-002 -3.562906713e+001 -3.562906713e+001 -4.7849e-001 -2.0319e+000 -1.4223e+000
566 +3.717077653e-003 +3.717077653e-003 -3.563628292e+001 -3.563628292e+001 -4.7411e-001 -2.1873e+000 -1.4784e+000
583 +1.276407763e-003 +1.276407763e-003 -3.563872359e+001 -3.563872359e+001 -4.3413e-001 -2.2342e+000 -1.4987e+000
604 +1.031181266e-003 +1.031181266e-003 -3.563896882e+001 -3.563896882e+001 -4.3207e-001 -2.2640e+000 -1.4363e+000
617 +9.220217537e-004 +9.220217537e-004 -3.563907798e+001 -3.563907798e+001 -4.3926e-001 -2.3357e+000 -1.4326e+000
632 +8.706555781e-004 +8.706555781e-004 -3.563912934e+001 -3.563912934e+001 -4.3245e-001 -2.3124e+000 -1.4522e+000
638 +8.510540659e-004 +8.510540659e-004 -3.563914895e+001 -3.563914895e+001 -4.2176e-001 -2.4007e+000 -1.4937e+000
655 +6.735907463e-004 +6.735907463e-004 -3.563932641e+001 -3.563932641e+001 -4.1759e-001 -2.3369e+000 -1.4328e+000
656 +5.311853493e-004 +5.311853493e-004 -3.563946881e+001 -3.563946881e+001 -4.2088e-001 -2.3386e+000 -1.4690e+000
663 +3.338048551e-004 +3.338048551e-004 -3.563966620e+001 -3.563966620e+001 -4.0641e-001 -2.3388e+000 -1.4527e+000
697 +2.471335172e-004 +2.471335172e-004 -3.563975287e+001 -3.563975287e+001 -3.9486e-001 -2.3302e+000 -1.4837e+000
708 +2.229593054e-004 +2.229593054e-004 -3.563977704e+001 -3.563977704e+001 -3.8518e-001 -2.3388e+000 -1.4801e+000
724 +2.121036379e-004 +2.121036379e-004 -3.563978790e+001 -3.563978790e+001 -3.7649e-001 -2.3395e+000 -1.5154e+000
752 +2.012659901e-004 +2.012659901e-004 -3.563979873e+001 -3.563979873e+001 -3.7062e-001 -2.3431e+000 -1.5136e+000
774 +1.958522402e-004 +1.958522402e-004 -3.563980415e+001 -3.563980415e+001 -3.7935e-001 -2.3411e+000 -1.5018e+000
791 +1.946650022e-004 +1.946650022e-004 -3.563980533e+001 -3.563980533e+001 -3.7909e-001 -2.3419e+000 -1.5057e+000
834 +1.833239026e-004 +1.833239026e-004 -3.563981668e+001 -3.563981668e+001 -3.7923e-001 -2.3447e+000 -1.5018e+000
844 +1.808119306e-004 +1.808119306e-004 -3.563981919e+001 -3.563981919e+001 -3.8024e-001 -2.3466e+000 -1.5061e+000
853 +1.653677742e-004 +1.653677742e-004 -3.563983463e+001 -3.563983463e+001 -3.8015e-001 -2.3500e+000 -1.4970e+000
870 +1.597998461e-004 +1.597998461e-004 -3.563984020e+001 -3.563984020e+001 -3.8040e-001 -2.3530e+000 -1.5049e+000
871 +8.659104709e-005 +8.659104709e-005 -3.563991341e+001 -3.563991341e+001 -3.8116e-001 -2.4263e+000 -1.5098e+000
872 +5.576168254e-005 +5.576168254e-005 -3.563994424e+001 -3.563994424e+001 -3.8110e-001 -2.4181e+000 -1.4951e+000
897 +4.923817545e-005 +4.923817545e-005 -3.563995076e+001 -3.563995076e+001 -3.8276e-001 -2.4660e+000 -1.4874e+000
912 +3.858880839e-005 +3.858880839e-005 -3.563996141e+001 -3.563996141e+001 -3.8101e-001 -2.4289e+000 -1.4832e+000
922 +2.888933217e-005 +2.888933217e-005 -3.563997111e+001 -3.563997111e+001 -3.7756e-001 -2.4419e+000 -1.4893e+000
932 +2.524147605e-005 +2.524147605e-005 -3.563997476e+001 -3.563997476e+001 -3.7509e-001 -2.4480e+000 -1.4815e+000
941 +2.429851207e-005 +2.429851207e-005 -3.563997570e+001 -3.563997570e+001 -3.7072e-001 -2.4497e+000 -1.4989e+000
948 +1.953675866e-005 +1.953675866e-005 -3.563998046e+001 -3.563998046e+001 -3.6866e-001 -2.4470e+000 -1.4812e+000
951 +1.326303876e-005 +1.326303876e-005 -3.563998674e+001 -3.563998674e+001 -3.6617e-001 -2.4509e+000 -1.4841e+000
959 +6.123913742e-006 +6.123913742e-006 -3.563999388e+001 -3.563999388e+001 -3.4940e-001 -2.4756e+000 -1.4887e+000
1009 +5.770546878e-006 +5.770546878e-006 -3.563999423e+001 -3.563999423e+001 -3.5930e-001 -2.4719e+000 -1.4923e+000
1032 +5.294775100e-006 +5.294775100e-006 -3.563999471e+001 -3.563999471e+001 -3.5307e-001 -2.4704e+000 -1.4997e+000
1036 +5.005385290e-006 +5.005385290e-006 -3.563999499e+001 -3.563999499e+001 -3.5956e-001 -2.4777e+000 -1.4942e+000
1037 +2.718104930e-006 +2.718104930e-006 -3.563999728e+001 -3.563999728e+001 -3.5504e-001 -2.4792e+000 -1.4927e+000
1041 +2.442700897e-006 +2.442700897e-006 -3.563999756e+001 -3.563999756e+001 -3.5685e-001 -2.4834e+000 -1.4938e+000
1047 +2.022787172e-006 +2.022787172e-006 -3.563999798e+001 -3.563999798e+001 -3.5334e-001 -2.4822e+000 -1.4945e+000
1052 +1.850037876e-006 +1.850037876e-006 -3.563999815e+001 -3.563999815e+001 -3.5671e-001 -2.4896e+000 -1.4923e+000
1062 +1.583352656e-006 +1.583352656e-006 -3.563999842e+001 -3.563999842e+001 -3.4989e-001 -2.4900e+000 -1.4932e+000
1068 +1.001486105e-006 +1.001486105e-006 -3.563999900e+001 -3.563999900e+001 -3.5365e-001 -2.5071e+000 -1.4934e+000
1072 +8.251454915e-007 +8.251454915e-007 -3.563999917e+001 -3.563999917e+001 -3.5325e-001 -2.5246e+000 -1.4915e+000
1084 +7.425406281e-007 +7.425406281e-007 -3.563999926e+001 -3.563999926e+001 -3.5294e-001 -2.5145e+000 -1.4936e+000
1085 +7.147991283e-007 +7.147991283e-007 -3.563999929e+001 -3.563999929e+001 -3.5192e-001 -2.5045e+000 -1.4935e+000
1100 +7.034099383e-007 +7.034099383e-007 -3.563999930e+001 -3.563999930e+001 -3.5134e-001 -2.5277e+000 -1.4956e+000
1103 +4.433562708e-007 +4.433562708e-007 -3.563999956e+001 -3.563999956e+001 -3.5084e-001 -2.5143e+000 -1.4937e+000
1111 +1.548119499e-007 +1.548119499e-007 -3.563999985e+001 -3.563999985e+001 -3.4781e-001 -2.5261e+000 -1.4926e+000
1132 +5.114165447e-008 +5.114165447e-008 -3.563999995e+001 -3.563999995e+001 -3.4433e-001 -2.5259e+000 -1.4943e+000
1184 +4.924394403e-008 +4.924394403e-008 -3.563999995e+001 -3.563999995e+001 -3.4296e-001 -2.5254e+000 -1.4948e+000
1200 +4.875697357e-008 +4.875697357e-008 -3.563999995e+001 -3.563999995e+001 -3.4227e-001 -2.5259e+000 -1.4975e+000
1247 +4.741583837e-008 +4.741583837e-008 -3.563999995e+001 -3.563999995e+001 -3.4245e-001 -2.5264e+000 -1.4967e+000
1252 +3.553745387e-008 +3.553745387e-008 -3.563999996e+001 -3.563999996e+001 -3.4219e-001 -2.5288e+000 -1.4955e+000
1264 +1.135641980e-008 +1.135641980e-008 -3.563999999e+001 -3.563999999e+001 -3.4188e-001 -2.5365e+000 -1.4955e+000
1314 +5.597222241e-009 +5.597222241e-009 -3.563999999e+001 -3.563999999e+001 -3.4074e-001 -2.5490e+000 -1.4951e+000
1588 +0.000000000e+000 +0.000000000e+000 -3.564000000e+001 -3.564000000e+001 -3.3698e-001 -2.5523e+000 -1.4952e+000
% function evaluation | noise-free fitness - Fopt (-4.590900000000e+002) | best noise-free fitness - Fopt | measured fitness | best measured fitness | x1 | x2...
1 +5.819428305e+001 +5.819428305e+001 -4.008957170e+002 -4.008957170e+002 +2.7706e+000 -1.2711e+000 +7.5004e+000
3 +7.300893917e+000 +7.300893917e+000 -4.517891061e+002 -4.517891061e+002 -2.7084e+000 +9.1964e-001 +7.7688e-001
5 +6.009521576e+000 +6.009521576e+000 -4.530804784e+002 -4.530804784e+002 -2.7009e+000 -3.3356e+000 +2.4975e+000
23 +1.715785160e+000 +1.715785160e+000 -4.573742148e+002 -4.573742148e+002 -4.0211e+000 -1.0853e+000 +9.1512e-001
30 +6.365989172e-001 +6.365989172e-001 -4.584534011e+002 -4.584534011e+002 -3.6093e+000 -1.9518e+000 +3.2962e-001
43 +4.112049242e-001 +4.112049242e-001 -4.586787951e+002 -4.586787951e+002 -3.6609e+000 -8.4672e-001 +5.1709e-001
56 +9.602894317e-002 +9.602894317e-002 -4.589939711e+002 -4.589939711e+002 -3.5276e+000 -1.4913e+000 +2.4484e-001
91 +6.900904756e-002 +6.900904756e-002 -4.590209910e+002 -4.590209910e+002 -3.3104e+000 -7.0766e-001 +4.1380e-001
96 +1.437409443e-002 +1.437409443e-002 -4.590756259e+002 -4.590756259e+002 -3.2784e+000 -9.8238e-001 +4.9505e-001
119 +1.001993915e-002 +1.001993915e-002 -4.590799801e+002 -4.590799801e+002 -3.3546e+000 -1.0948e+000 +4.4137e-001
123 +1.802472838e-003 +1.802472838e-003 -4.590881975e+002 -4.590881975e+002 -3.1881e+000 -8.3298e-001 +4.1358e-001
140 +2.916471282e-004 +2.916471282e-004 -4.590897084e+002 -4.590897084e+002 -3.0413e+000 -8.5896e-001 +3.7735e-001
177 +1.172896637e-004 +1.172896637e-004 -4.590898827e+002 -4.590898827e+002 -3.0758e+000 -7.9942e-001 +3.5786e-001
208 +1.123234619e-004 +1.123234619e-004 -4.590898877e+002 -4.590898877e+002 -3.0624e+000 -7.8073e-001 +3.6465e-001
210 +9.246892171e-005 +9.246892171e-005 -4.590899075e+002 -4.590899075e+002 -3.0774e+000 -8.0773e-001 +3.6458e-001
212 +7.973388284e-005 +7.973388284e-005 -4.590899203e+002 -4.590899203e+002 -3.0495e+000 -7.9766e-001 +3.7719e-001
213 +4.083238468e-005 +4.083238468e-005 -4.590899592e+002 -4.590899592e+002 -3.0685e+000 -8.2907e-001 +3.6577e-001
217 +3.249939175e-005 +3.249939175e-005 -4.590899675e+002 -4.590899675e+002 -3.0035e+000 -7.4086e-001 +3.5745e-001
227 +1.834814941e-005 +1.834814941e-005 -4.590899817e+002 -4.590899817e+002 -3.0260e+000 -7.8555e-001 +3.5965e-001
251 +1.422711540e-005 +1.422711540e-005 -4.590899858e+002 -4.590899858e+002 -3.0422e+000 -8.2264e-001 +3.5632e-001
257 +6.483883510e-006 +6.483883510e-006 -4.590899935e+002 -4.590899935e+002 -3.0344e+000 -8.1347e-001 +3.3477e-001
258 +3.321720953e-006 +3.321720953e-006 -4.590899967e+002 -4.590899967e+002 -3.0278e+000 -8.0717e-001 +3.4430e-001
266 +1.565763455e-006 +1.565763455e-006 -4.590899984e+002 -4.590899984e+002 -3.0174e+000 -8.1252e-001 +3.4227e-001
274 +1.483059066e-006 +1.483059066e-006 -4.590899985e+002 -4.590899985e+002 -3.0196e+000 -8.1525e-001 +3.2942e-001
282 +1.191195281e-006 +1.191195281e-006 -4.590899988e+002 -4.590899988e+002 -3.0144e+000 -8.1230e-001 +3.4047e-001
290 +9.074848890e-007 +9.074848890e-007 -4.590899991e+002 -4.590899991e+002 -3.0142e+000 -8.1693e-001 +3.3760e-001
291 +6.121211982e-007 +6.121211982e-007 -4.590899994e+002 -4.590899994e+002 -3.0058e+000 -8.0675e-001 +3.3935e-001
305 +2.307430691e-007 +2.307430691e-007 -4.590899998e+002 -4.590899998e+002 -2.9824e+000 -8.0249e-001 +3.1662e-001
319 +1.339874416e-007 +1.339874416e-007 -4.590899999e+002 -4.590899999e+002 -2.9998e+000 -8.0472e-001 +3.3331e-001
333 +4.636723361e-008 +4.636723361e-008 -4.590900000e+002 -4.590900000e+002 -2.9932e+000 -8.0526e-001 +3.2649e-001
358 +4.298192380e-008 +4.298192380e-008 -4.590900000e+002 -4.590900000e+002 -2.9914e+000 -7.8959e-001 +3.3332e-001
367 +1.295416041e-008 +1.295416041e-008 -4.590900000e+002 -4.590900000e+002 -2.9871e+000 -7.9403e-001 +3.3115e-001
386 +1.163647312e-008 +1.163647312e-008 -4.590900000e+002 -4.590900000e+002 -2.9910e+000 -7.9830e-001 +3.2777e-001
431 +1.133162186e-008 +1.133162186e-008 -4.590900000e+002 -4.590900000e+002 -2.9909e+000 -7.9755e-001 +3.2872e-001
433 +1.106951686e-008 +1.106951686e-008 -4.590900000e+002 -4.590900000e+002 -2.9899e+000 -7.9667e-001 +3.2673e-001
436 +1.090756996e-008 +1.090756996e-008 -4.590900000e+002 -4.590900000e+002 -2.9907e+000 -7.9760e-001 +3.2804e-001
445 +9.746656815e-009 +9.746656815e-009 -4.590900000e+002 -4.590900000e+002 -2.9903e+000 -7.9703e-001 +3.2829e-001
857 +0.000000000e+000 +0.000000000e+000 -4.590900000e+002 -4.590900000e+002 -2.9780e+000 -7.8595e-001 +3.2651e-001
% function evaluation | noise-free fitness - Fopt (6.085000000000e+001) | best noise-free fitness - Fopt | measured fitness | best measured fitness | x1 | x2...
1 +1.769182631e+001 +1.769182631e+001 +7.854182631e+001 +7.854182631e+001 +4.6402e-001 -3.9533e+000 -4.4342e+000
4 +5.073783667e+000 +5.073783667e+000 +6.592378367e+001 +6.592378367e+001 +7.5821e-001 -1.9323e-002 -4.1015e+000
8 +2.022790726e+000 +2.022790726e+000 +6.287279073e+001 +6.287279073e+001 -7.3912e-001 -7.4601e-001 -4.1897e+000
21 +1.235540111e+000 +1.235540111e+000 +6.208554011e+001 +6.208554011e+001 -7.6272e-001 -6.1387e-001 -3.7763e+000
285 +1.158451680e+000 +1.158451680e+000 +6.200845168e+001 +6.200845168e+001 -5.4684e-001 -3.5696e-001 -3.5490e+000
291 +1.070117037e+000 +1.070117037e+000 +6.192011704e+001 +6.192011704e+001 -5.2731e-001 -1.5529e-001 -3.5996e+000
310 +1.022565174e+000 +1.022565174e+000 +6.187256517e+001 +6.187256517e+001 -5.3605e-001 -2.6122e-001 -3.5999e+000
319 +9.887127528e-001 +9.887127528e-001 +6.183871275e+001 +6.183871275e+001 -5.3781e-001 -3.2800e-001 -3.6573e+000
356 +9.712636777e-001 +9.712636777e-001 +6.182126368e+001 +6.182126368e+001 -5.5745e-001 -3.8771e-001 -3.6593e+000
363 +9.546237925e-001 +9.546237925e-001 +6.180462379e+001 +6.180462379e+001 -5.7467e-001 -3.5965e-001 -3.6601e+000
409 +9.319409408e-001 +9.319409408e-001 +6.178194094e+001 +6.178194094e+001 -6.0928e-001 -3.6354e-001 -3.7053e+000
% function evaluation | noise-free fitness - Fopt (-1.435000000000e+002) | best noise-free fitness - Fopt | measured fitness | best measured fitness | x1 | x2...
1 +6.046028009e+001 +6.046028009e+001 -8.303971991e+001 -8.303971991e+001 -3.0691e+000 -7.4272e+000 -1.1928e+000
2 +9.193172715e+000 +9.193172715e+000 -1.343068273e+002 -1.343068273e+002 +1.6025e+000 -4.1626e+000 +9.7829e-002
43 +7.206447831e+000 +7.206447831e+000 -1.362935522e+002 -1.362935522e+002 +1.8491e+000 -3.9140e+000 +1.0678e+000
44 +2.554863125e+000 +2.554863125e+000 -1.409451369e+002 -1.409451369e+002 -3.9960e+000 -2.5625e+000 +2.4712e+000
113 +2.088297649e+000 +2.088297649e+000 -1.414117024e+002 -1.414117024e+002 +3.5493e+000 -5.3336e+000 +2.3615e+000
165 +1.841151400e+000 +1.841151400e+000 -1.416588486e+002 -1.416588486e+002 +2.8552e+000 -4.7605e+000 +1.3425e+000
170 +1.432679942e+000 +1.432679942e+000 -1.420673201e+002 -1.420673201e+002 +2.6445e+000 -4.7385e+000 +1.7731e+000
297 +1.154750024e+000 +1.154750024e+000 -1.423452500e+002 -1.423452500e+002 +2.4093e+000 -4.6344e+000 +1.5291e+000
304 +1.141489323e+000 +1.141489323e+000 -1.423585107e+002 -1.423585107e+002 +2.4277e+000 -4.7720e+000 +1.7410e+000
305 +9.947226696e-001 +9.947226696e-001 -1.425052773e+002 -1.425052773e+002 +2.4818e+000 -4.7463e+000 +1.6452e+000
384 +9.601929203e-001 +9.601929203e-001 -1.425398071e+002 -1.425398071e+002 +2.5552e+000 -4.7597e+000 +1.5869e+000
395 +9.429973177e-001 +9.429973177e-001 -1.425570027e+002 -1.425570027e+002 +2.5899e+000 -4.8012e+000 +1.6846e+000
816 +9.331923975e-001 +9.331923975e-001 -1.425668076e+002 -1.425668076e+002 +2.6106e+000 -4.8128e+000 +1.6705e+000
% function evaluation | noise-free fitness - Fopt (9.465100000000e+002) | best noise-free fitness - Fopt | measured fitness | best measured fitness | x1 | x2...
1 +1.900996451e+001 +1.900996451e+001 +9.655199645e+002 +9.655199645e+002 -3.4352e+000 -1.3027e+000 +1.7853e+000
19 +1.316871637e+001 +1.316871637e+001 +9.596787164e+002 +9.596787164e+002 -2.1025e+000 +3.3603e+000 -8.1581e-001
28 +5.936519319e+000 +5.936519319e+000 +9.524465193e+002 +9.524465193e+002 -1.7409e+000 -3.6947e+000 +2.2923e+000
29 +3.690513141e+000 +3.690513141e+000 +9.502005131e+002 +9.502005131e+002 -2.1269e-001 -3.7027e+000 +4.0586e+000
191 +3.606822985e+000 +3.606822985e+000 +9.501168230e+002 +9.501168230e+002 +4.9161e-001 +2.2104e+000 +4.0094e+000
208 +3.144368696e+000 +3.144368696e+000 +9.496543687e+002 +9.496543687e+002 +3.3985e-001 +2.1916e+000 +4.0546e+000
241 +3.050400763e+000 +3.050400763e+000 +9.495604008e+002 +9.495604008e+002 +3.7984e-001 +2.1277e+000 +3.9553e+000
246 +2.889481037e+000 +2.889481037e+000 +9.493994810e+002 +9.493994810e+002 +2.0486e-001 +2.1126e+000 +3.8184e+000
263 +2.868565814e+000 +2.868565814e+000 +9.493785658e+002 +9.493785658e+002 +2.7040e-001 +2.1236e+000 +3.8759e+000
305 +2.750578014e+000 +2.750578014e+000 +9.492605780e+002 +9.492605780e+002 +2.4021e-001 +2.2074e+000 +3.8631e+000
307 +2.682816899e+000 +2.682816899e+000 +9.491928169e+002 +9.491928169e+002 +2.1327e-001 +2.2550e+000 +3.8717e+000
373 +2.615160742e+000 +2.615160742e+000 +9.491251607e+002 +9.491251607e+002 +2.0052e-001 +2.4040e+000 +3.9116e+000
393 +2.523358516e+000 +2.523358516e+000 +9.490333585e+002 +9.490333585e+002 -3.5127e-002 +2.5965e+000 +3.9079e+000
423 +2.508559077e+000 +2.508559077e+000 +9.490185591e+002 +9.490185591e+002 +9.1605e-002 +2.4845e+000 +3.9012e+000
