% function evaluation | noise-free fitness - Fopt (-2.098800000000e+002) | best noise-free fitness - Fopt | measured fitness | best measured fitness | x1 | x2...
1 +1.273678497e+007 +1.273678497e+007 +1.273657509e+007 +1.273657509e+007 -1.6545e+000 +3.9656e+000 -2.3166e-002
3 +9.355342941e+006 +9.355342941e+006 +9.355133061e+006 +9.355133061e+006 +6.7387e+000 +1.6534e+000 +6.6923e+000
5 +5.568495151e+006 +5.568495151e+006 +5.568285271e+006 +5.568285271e+006 -4.8067e-001 +5.6708e-001 +1.1234e+000
8 +5.096371177e+006 +5.096371177e+006 +5.096161297e+006 +5.096161297e+006 -1.9237e+000 -1.5468e-001 +1.2437e+000
11 +1.156442971e+006 +1.156442971e+006 +1.156233091e+006 +1.156233091e+006 -4.2234e-001 +1.5254e+000 +2.5022e+000
13 +6.330523356e+005 +6.330523356e+005 +6.328424556e+005 +6.328424556e+005 -3.0342e+000 +1.5154e+000 +2.7078e+000
15 +1.651822703e+005 +1.651822703e+005 +1.649723903e+005 +1.649723903e+005 +1.8497e+000 -2.1070e+000 +3.1686e+000
27 +6.532060081e+004 +6.532060081e+004 +6.511072081e+004 +6.511072081e+004 -6.2791e+000 +1.0675e-001 +3.8086e+000
31 +4.078548326e+004 +4.078548326e+004 +4.057560326e+004 +4.057560326e+004 -1.5129e+000 +3.6744e-001 +3.7540e+000
48 +2.607236464e+004 +2.607236464e+004 +2.586248464e+004 +2.586248464e+004 -4.0511e+000 -3.1252e+000 +3.6638e+000
65 +8.745216532e+003 +8.745216532e+003 +8.535336532e+003 +8.535336532e+003 -3.0925e+001 -1.4554e+000 +3.4858e+000
67 +5.272002643e+002 +5.272002643e+002 +3.173202643e+002 +3.173202643e+002 -5.2983e+000 -3.1414e-001 +3.5546e+000
106 +3.777038996e+002 +3.777038996e+002 +1.678238996e+002 +1.678238996e+002 -2.2040e+000 -9.3722e-002 +3.5442e+000
128 +3.587881694e+002 +3.587881694e+002 +1.489081694e+002 +1.489081694e+002 +1.8165e+000 +6.3689e-001 +3.5367e+000
134 +1.836954892e+002 +1.836954892e+002 -2.618451077e+001 -2.618451077e+001 +1.0557e+001 +7.5998e-001 +3.5524e+000
146 +6.653261856e+001 +6.653261856e+001 -1.433473814e+002 -1.433473814e+002 -3.1766e+000 +5.3241e-001 +3.5610e+000
152 +5.045011746e+001 +5.045011746e+001 -1.594298825e+002 -1.594298825e+002 -1.9023e+000 +5.6550e-001 +3.5596e+000
211 +4.357564052e+001 +4.357564052e+001 -1.663043595e+002 -1.663043595e+002 +6.6356e+000 +5.6897e-001 +3.5543e+000
227 +3.305890966e+001 +3.305890966e+001 -1.768210903e+002 -1.768210903e+002 +7.8252e-003 +2.7979e-001 +3.5542e+000
230 +2.018314244e+001 +2.018314244e+001 -1.896968576e+002 -1.896968576e+002 -9.4210e-001 +3.2665e-001 +3.5547e+000
253 +1.949752407e+001 +1.949752407e+001 -1.903824759e+002 -1.903824759e+002 +2.8624e+000 +3.4201e-001 +3.5568e+000
259 +9.982894533e+000 +9.982894533e+000 -1.998971055e+002 -1.998971055e+002 +7.5817e-002 +3.5270e-001 +3.5537e+000
260 +7.147720998e+000 +7.147720998e+000 -2.027322790e+002 -2.027322790e+002 +2.3954e+000 +3.7073e-001 +3.5537e+000
268 +4.794608061e+000 +4.794608061e+000 -2.050853919e+002 -2.050853919e+002 +1.9913e+000 +4.3141e-001 +3.5563e+000
297 +2.645264204e+000 +2.645264204e+000 -2.072347358e+002 -2.072347358e+002 +1.3697e+000 +4.0433e-001 +3.5551e+000
298 +2.078454641e+000 +2.078454641e+000 -2.078015454e+002 -2.078015454e+002 +6.5932e-001 +4.2059e-001 +3.5533e+000
316 +9.903025031e-001 +9.903025031e-001 -2.088896975e+002 -2.088896975e+002 +1.0868e+000 +4.3852e-001 +3.5553e+000
349 +7.034344693e-001 +7.034344693e-001 -2.091765655e+002 -2.091765655e+002 +1.0639e+000 +4.4049e-001 +3.5552e+000
354 +6.416986880e-001 +6.416986880e-001 -2.092383013e+002 -2.092383013e+002 +1.4304e+000 +4.4264e-001 +3.5552e+000
364 +5.089990952e-001 +5.089990952e-001 -2.093710009e+002 -2.093710009e+002 +1.1627e+000 +4.5757e-001 +3.5538e+000
365 +1.873774127e-001 +1.873774127e-001 -2.096926226e+002 -2.096926226e+002 +1.1919e+000 +4.5796e-001 +3.5541e+000
377 +1.257748223e-001 +1.257748223e-001 -2.097542252e+002 -2.097542252e+002 +1.0638e+000 +4.5693e-001 +3.5545e+000
379 +1.004309849e-002 +1.004309849e-002 -2.098699569e+002 -2.098699569e+002 +1.2298e+000 +4.4542e-001 +3.5543e+000
396 +5.631528099e-003 +5.631528099e-003 -2.098743685e+002 -2.098743685e+002 +1.2422e+000 +4.4610e-001 +3.5544e+000
512 +4.582535879e-003 +4.582535879e-003 -2.098754175e+002 -2.098754175e+002 +1.1708e+000 +4.4766e-001 +3.5545e+000
535 +4.107596196e-003 +4.107596196e-003 -2.098758924e+002 -2.098758924e+002 +1.1981e+000 +4.4730e-001 +3.5545e+000
547 +3.176507771e-003 +3.176507771e-003 -2.098768235e+002 -2.098768235e+002 +1.1969e+000 +4.4767e-001 +3.5545e+000
570 +2.382519848e-003 +2.382519848e-003 -2.098776175e+002 -2.098776175e+002 +1.2034e+000 +4.4778e-001 +3.5544e+000
578 +7.176018785e-004 +7.176018785e-004 -2.098792824e+002 -2.098792824e+002 +1.2119e+000 +4.4790e-001 +3.5544e+000
595 +1.448138611e-004 +1.448138611e-004 -2.098798552e+002 -2.098798552e+002 +1.2177e+000 +4.4783e-001 +3.5544e+000
623 +5.636105669e-005 +5.636105669e-005 -2.098799436e+002 -2.098799436e+002 +1.2103e+000 +4.4788e-001 +3.5544e+000
625 +3.877473910e-005 +3.877473910e-005 -2.098799612e+002 -2.098799612e+002 +1.2089e+000 +4.4781e-001 +3.5544e+000
636 +3.061513155e-005 +3.061513155e-005 -2.098799694e+002 -2.098799694e+002 +1.2088e+000 +4.4787e-001 +3.5544e+000
649 +2.138139467e-005 +2.138139467e-005 -2.098799786e+002 -2.098799786e+002 +1.2084e+000 +4.4787e-001 +3.5544e+000
653 +1.822670217e-005 +1.822670217e-005 -2.098799818e+002 -2.098799818e+002 +1.2087e+000 +4.4814e-001 +3.5544e+000
666 +1.778013484e-006 +1.778013484e-006 -2.098799982e+002 -2.098799982e+002 +1.2068e+000 +4.4797e-001 +3.5544e+000
695 +1.114594284e-006 +1.114594284e-006 -2.098799989e+002 -2.098799989e+002 +1.2070e+000 +4.4797e-001 +3.5544e+000
708 +7.812184037e-007 +7.812184037e-007 -2.098799992e+002 -2.098799992e+002 +1.2064e+000 +4.4801e-001 +3.5544e+000
736 +7.576921348e-007 +7.576921348e-007 -2.098799992e+002 -2.098799992e+002 +1.2067e+000 +4.4798e-001 +3.5544e+000
748 +7.114472567e-007 +7.114472567e-007 -2.098799993e+002 -2.098799993e+002 +1.2071e+000 +4.4799e-001 +3.5544e+000
749 +5.781894572e-007 +5.781894572e-007 -2.098799994e+002 -2.098799994e+002 +1.2068e+000 +4.4798e-001 +3.5544e+000
751 +3.339149828e-007 +3.339149828e-007 -2.098799997e+002 -2.098799997e+002 +1.2067e+000 +4.4799e-001 +3.5544e+000
752 +2.094944875e-007 +2.094944875e-007 -2.098799998e+002 -2.098799998e+002 +1.2074e+000 +4.4799e-001 +3.5544e+000
778 +1.955825724e-007 +1.955825724e-007 -2.098799998e+002 -2.098799998e+002 +1.2069e+000 +4.4801e-001 +3.5544e+000
779 +1.601336805e-007 +1.601336805e-007 -2.098799998e+002 -2.098799998e+002 +1.2071e+000 +4.4799e-001 +3.5544e+000
785 +8.389150707e-009 +8.389150707e-009 -2.098800000e+002 -2.098800000e+002 +1.2071e+000 +4.4800e-001 +3.5544e+000
1150 +0.000000000e+000 +0.000000000e+000 -2.098800000e+002 -2.098800000e+002 +1.2072e+000 +4.4800e-001 +3.5544e+000
% function evaluation | noise-free fitness - Fopt (-9.209000000000e+001) | best noise-free fitness - Fopt | measured fitness | best measured fitness | x1 | x2...
1 +1.343950403e+007 +1.343950403e+007 +1.343941194e+007 +1.343941194e+007 -2.4598e+000 +1.8978e+000 +3.8068e+000
2 +1.654188749e+006 +1.654188749e+006 +1.654096659e+006 +1.654096659e+006 -4.3238e+000 +2.5606e+000 -1.1113e+000
16 +6.968474885e+005 +6.968474885e+005 +6.967553985e+005 +6.967553985e+005 -1.1540e+000 +1.6598e+000 +9.9216e-001
19 +1.841214824e+004 +1.841214824e+004 +1.832005824e+004 +1.832005824e+004 -6.3716e+001 +6.4519e+000 +9.2920e-002
57 +1.093772369e+004 +1.093772369e+004 +1.084563369e+004 +1.084563369e+004 -1.1985e+001 +2.7314e+000 -1.5342e-002
70 +5.865125670e+003 +5.865125670e+003 +5.773035670e+003 +5.773035670e+003 -3.4869e+001 +4.5248e+000 +5.6544e-002
92 +5.198809005e+003 +5.198809005e+003 +5.106719005e+003 +5.106719005e+003 -3.4629e+001 +2.1154e+000 +1.5486e-001
96 +2.943329394e+003 +2.943329394e+003 +2.851239394e+003 +2.851239394e+003 -5.6428e+000 +2.9943e+000 +3.8403e-002
121 +4.809041430e+002 +4.809041430e+002 +3.888141430e+002 +3.888141430e+002 -1.6331e+001 +2.3386e+000 +9.9654e-002
191 +1.722048221e+002 +1.722048221e+002 +8.011482211e+001 +8.011482211e+001 +1.1867e+001 +2.4691e+000 +9.6126e-002
206 +7.404152042e+001 +7.404152042e+001 -1.804847958e+001 -1.804847958e+001 +9.0762e-001 +2.6825e+000 +9.8570e-002
226 +1.901877714e+001 +1.901877714e+001 -7.307122286e+001 -7.307122286e+001 +4.9440e+000 +2.5987e+000 +9.1224e-002
241 +4.101254204e+000 +4.101254204e+000 -8.798874580e+001 -8.798874580e+001 +3.0183e-001 +2.5622e+000 +9.1227e-002
262 +1.076451371e+000 +1.076451371e+000 -9.101354863e+001 -9.101354863e+001 +2.2202e-002 +2.6163e+000 +9.1216e-002
275 +1.033180354e+000 +1.033180354e+000 -9.105681965e+001 -9.105681965e+001 +1.5782e+000 +2.6318e+000 +8.9869e-002
347 +3.499977879e-002 +3.499977879e-002 -9.205500022e+001 -9.205500022e+001 +6.4047e-001 +2.6175e+000 +9.0308e-002
466 +2.237727631e-002 +2.237727631e-002 -9.206762272e+001 -9.206762272e+001 +7.4472e-001 +2.6173e+000 +9.0392e-002
478 +1.955941430e-002 +1.955941430e-002 -9.207044059e+001 -9.207044059e+001 +8.5736e-001 +2.6198e+000 +9.0416e-002
481 +1.186045704e-002 +1.186045704e-002 -9.207813954e+001 -9.207813954e+001 +7.9254e-001 +2.6188e+000 +9.0392e-002
482 +5.554315980e-003 +5.554315980e-003 -9.208444568e+001 -9.208444568e+001 +7.9813e-001 +2.6206e+000 +9.0415e-002
506 +4.813474342e-003 +4.813474342e-003 -9.208518653e+001 -9.208518653e+001 +7.9835e-001 +2.6213e+000 +9.0417e-002
514 +5.430791964e-004 +5.430791964e-004 -9.208945692e+001 -9.208945692e+001 +7.0413e-001 +2.6213e+000 +9.0404e-002
522 +1.187704621e-004 +1.187704621e-004 -9.208988123e+001 -9.208988123e+001 +7.2147e-001 +2.6218e+000 +9.0407e-002
578 +8.338563701e-005 +8.338563701e-005 -9.208991661e+001 -9.208991661e+001 +7.2913e-001 +2.6219e+000 +9.0402e-002
582 +2.613720234e-005 +2.613720234e-005 -9.208997386e+001 -9.208997386e+001 +7.2472e-001 +2.6216e+000 +9.0405e-002
627 +1.526230852e-005 +1.526230852e-005 -9.208998474e+001 -9.208998474e+001 +7.2531e-001 +2.6215e+000 +9.0402e-002
635 +3.537601273e-006 +3.537601273e-006 -9.208999646e+001 -9.208999646e+001 +7.2631e-001 +2.6216e+000 +9.0398e-002
720 +2.969823257e-006 +2.969823257e-006 -9.208999703e+001 -9.208999703e+001 +7.2626e-001 +2.6216e+000 +9.0402e-002
722 +6.819943508e-007 +6.819943508e-007 -9.208999932e+001 -9.208999932e+001 +7.2544e-001 +2.6216e+000 +9.0400e-002
738 +2.186609436e-007 +2.186609436e-007 -9.208999978e+001 -9.208999978e+001 +7.2527e-001 +2.6216e+000 +9.0400e-002
766 +1.697970049e-007 +1.697970049e-007 -9.208999983e+001 -9.208999983e+001 +7.2549e-001 +2.6216e+000 +9.0400e-002
773 +1.434366226e-007 +1.434366226e-007 -9.208999986e+001 -9.208999986e+001 +7.2535e-001 +2.6216e+000 +9.0400e-002
786 +9.678554136e-008 +9.678554136e-008 -9.208999990e+001 -9.208999990e+001 +7.2539e-001 +2.6216e+000 +9.0400e-002
788 +4.512266116e-008 +4.512266116e-008 -9.208999995e+001 -9.208999995e+001 +7.2565e-001 +2.6216e+000 +9.0400e-002
825 +2.134629540e-008 +2.134629540e-008 -9.208999998e+001 -9.208999998e+001 +7.2552e-001 +2.6216e+000 +9.0400e-002
863 +1.864439980e-008 +1.864439980e-008 -9.208999998e+001 -9.208999998e+001 +7.2553e-001 +2.6216e+000 +9.0400e-002
871 +1.828789209e-008 +1.828789209e-008 -9.208999998e+001 -9.208999998e+001 +7.2558e-001 +2.6216e+000 +9.0400e-002
876 +1.358628765e-008 +1.358628765e-008 -9.208999999e+001 -9.208999999e+001 +7.2559e-001 +2.6216e+000 +9.0400e-002
886 +9.212357099e-009 +9.212357099e-009 -9.208999999e+001 -9.208999999e+001 +7.2551e-001 +2.6216e+000 +9.0400e-002
1267 +0.000000000e+000 +0.000000000e+000 -9.209000000e+001 -9.209000000e+001 +7.2560e-001 +2.6216e+000 +9.0400e-002
% function evaluation | noise-free fitness - Fopt (-8.789000000000e+001) | best noise-free fitness - Fopt | measured fitness | best measured fitness | x1 | x2...
1 +4.010425467e+006 +4.010425467e+006 +4.010337577e+006 +4.010337577e+006 +7.1131e+000 -5.9222e-001 -7.1779e-001
17 +4.376713472e+005 +4.376713472e+005 +4.375834572e+005 +4.375834572e+005 +4.2522e+000 +7.6119e-001 +5.3270e-001
31 +3.128260461e+005 +3.128260461e+005 +3.127381561e+005 +3.127381561e+005 +4.0035e+000 +2.1119e-001 +1.7768e+000
49 +2.578180607e+005 +2.578180607e+005 +2.577301707e+005 +2.577301707e+005 +6.7981e-001 +1.0018e+000 +7.4015e-001
50 +6.262185928e+003 +6.262185928e+003 +6.174295928e+003 +6.174295928e+003 +1.4282e+001 +1.1134e+000 +1.2458e+000
172 +4.331018690e+003 +4.331018690e+003 +4.243128690e+003 +4.243128690e+003 +1.0462e+001 +1.5930e+000 +1.2502e+000
203 +4.086825544e+003 +4.086825544e+003 +3.998935544e+003 +3.998935544e+003 +1.0733e+001 +1.7851e+000 +1.2328e+000
206 +3.749785691e+003 +3.749785691e+003 +3.661895691e+003 +3.661895691e+003 +9.8813e+000 +1.7954e+000 +1.2506e+000
211 +6.256158672e+002 +6.256158672e+002 +5.377258672e+002 +5.377258672e+002 +1.2468e+001 +2.9012e+000 +1.2489e+000
241 +5.599613425e+002 +5.599613425e+002 +4.720713425e+002 +4.720713425e+002 +1.1517e+001 +3.0087e+000 +1.2395e+000
245 +2.494963695e+002 +2.494963695e+002 +1.616063695e+002 +1.616063695e+002 +1.0249e+001 +3.3526e+000 +1.2581e+000
252 +8.384869943e+001 +8.384869943e+001 -4.041300568e+000 -4.041300568e+000 +7.5354e+000 +3.7787e+000 +1.2529e+000
270 +5.128365801e+001 +5.128365801e+001 -3.660634199e+001 -3.660634199e+001 +6.7993e+000 +3.7002e+000 +1.2509e+000
279 +3.850216652e+001 +3.850216652e+001 -4.938783348e+001 -4.938783348e+001 -2.1201e+000 +3.6713e+000 +1.2556e+000
281 +2.981522625e+001 +2.981522625e+001 -5.807477375e+001 -5.807477375e+001 +2.5801e+000 +3.5128e+000 +1.2515e+000
310 +2.856292889e+001 +2.856292889e+001 -5.932707111e+001 -5.932707111e+001 -7.5489e-001 +3.6718e+000 +1.2548e+000
321 +2.690469149e+001 +2.690469149e+001 -6.098530851e+001 -6.098530851e+001 +4.4728e-001 +3.6854e+000 +1.2544e+000
327 +1.619863092e+001 +1.619863092e+001 -7.169136908e+001 -7.169136908e+001 +1.4571e+000 +3.7321e+000 +1.2524e+000
335 +1.582546468e+001 +1.582546468e+001 -7.206453532e+001 -7.206453532e+001 +7.1523e-001 +3.7180e+000 +1.2531e+000
346 +9.473173412e+000 +9.473173412e+000 -7.841682659e+001 -7.841682659e+001 +1.3248e+000 +3.7320e+000 +1.2504e+000
348 +7.259648147e+000 +7.259648147e+000 -8.063035185e+001 -8.063035185e+001 +2.0094e+000 +3.7156e+000 +1.2503e+000
363 +6.039410542e+000 +6.039410542e+000 -8.185058946e+001 -8.185058946e+001 +1.7005e+000 +3.7102e+000 +1.2491e+000
365 +3.881599052e+000 +3.881599052e+000 -8.400840095e+001 -8.400840095e+001 +1.0495e+000 +3.6973e+000 +1.2499e+000
366 +3.779391985e+000 +3.779391985e+000 -8.411060801e+001 -8.411060801e+001 +1.5756e+000 +3.6542e+000 +1.2510e+000
370 +2.656656869e+000 +2.656656869e+000 -8.523334313e+001 -8.523334313e+001 +1.9630e+000 +3.6565e+000 +1.2497e+000
373 +1.941376879e+000 +1.941376879e+000 -8.594862312e+001 -8.594862312e+001 +1.3251e+000 +3.6418e+000 +1.2504e+000
377 +1.617411347e+000 +1.617411347e+000 -8.627258865e+001 -8.627258865e+001 +1.3868e+000 +3.6429e+000 +1.2498e+000
401 +1.569170757e+000 +1.569170757e+000 -8.632082924e+001 -8.632082924e+001 +1.1041e+000 +3.6233e+000 +1.2503e+000
408 +1.274410087e+000 +1.274410087e+000 -8.661558991e+001 -8.661558991e+001 +1.1599e+000 +3.6400e+000 +1.2503e+000
411 +1.041711253e+000 +1.041711253e+000 -8.684828875e+001 -8.684828875e+001 +7.9522e-001 +3.6277e+000 +1.2502e+000
423 +9.090643155e-001 +9.090643155e-001 -8.698093568e+001 -8.698093568e+001 +1.1457e+000 +3.6441e+000 +1.2500e+000
424 +6.107571253e-001 +6.107571253e-001 -8.727924287e+001 -8.727924287e+001 +3.5411e-001 +3.6287e+000 +1.2491e+000
434 +3.693481900e-001 +3.693481900e-001 -8.752065181e+001 -8.752065181e+001 +6.3008e-001 +3.6525e+000 +1.2500e+000
437 +3.020072792e-001 +3.020072792e-001 -8.758799272e+001 -8.758799272e+001 +5.2960e-001 +3.6327e+000 +1.2498e+000
444 +1.230107782e-001 +1.230107782e-001 -8.776698922e+001 -8.776698922e+001 +3.4109e-001 +3.6380e+000 +1.2499e+000
458 +4.344914011e-002 +4.344914011e-002 -8.784655086e+001 -8.784655086e+001 +3.4656e-001 +3.6504e+000 +1.2497e+000
477 +3.786242163e-002 +3.786242163e-002 -8.785213758e+001 -8.785213758e+001 +2.7582e-001 +3.6395e+000 +1.2496e+000
514 +1.719229296e-002 +1.719229296e-002 -8.787280771e+001 -8.787280771e+001 +1.6163e-001 +3.6470e+000 +1.2497e+000
523 +8.916254195e-003 +8.916254195e-003 -8.788108375e+001 -8.788108375e+001 +2.1556e-001 +3.6485e+000 +1.2496e+000
529 +8.324400074e-003 +8.324400074e-003 -8.788167560e+001 -8.788167560e+001 +2.0031e-001 +3.6471e+000 +1.2495e+000
561 +5.238626737e-003 +5.238626737e-003 -8.788476137e+001 -8.788476137e+001 +2.1793e-001 +3.6468e+000 +1.2495e+000
562 +1.555559207e-003 +1.555559207e-003 -8.788844444e+001 -8.788844444e+001 +2.7409e-001 +3.6449e+000 +1.2496e+000
608 +9.845114143e-004 +9.845114143e-004 -8.788901549e+001 -8.788901549e+001 +2.4611e-001 +3.6457e+000 +1.2496e+000
618 +4.023412454e-004 +4.023412454e-004 -8.788959766e+001 -8.788959766e+001 +2.4596e-001 +3.6459e+000 +1.2496e+000
625 +1.133039832e-004 +1.133039832e-004 -8.788988670e+001 -8.788988670e+001 +2.4803e-001 +3.6455e+000 +1.2496e+000
632 +3.384305207e-005 +3.384305207e-005 -8.788996616e+001 -8.788996616e+001 +2.3975e-001 +3.6456e+000 +1.2496e+000
648 +8.983060013e-006 +8.983060013e-006 -8.788999102e+001 -8.788999102e+001 +2.4240e-001 +3.6456e+000 +1.2496e+000
678 +2.883148866e-006 +2.883148866e-006 -8.788999712e+001 -8.788999712e+001 +2.3812e-001 +3.6456e+000 +1.2496e+000
706 +1.608917145e-006 +1.608917145e-006 -8.788999839e+001 -8.788999839e+001 +2.3887e-001 +3.6456e+000 +1.2496e+000
717 +1.485274083e-006 +1.485274083e-006 -8.788999851e+001 -8.788999851e+001 +2.3815e-001 +3.6456e+000 +1.2496e+000
722 +5.146149533e-007 +5.146149533e-007 -8.788999949e+001 -8.788999949e+001 +2.3902e-001 +3.6456e+000 +1.2496e+000
727 +2.744147594e-007 +2.744147594e-007 -8.788999973e+001 -8.788999973e+001 +2.3885e-001 +3.6456e+000 +1.2496e+000
739 +3.027533069e-008 +3.027533069e-008 -8.788999997e+001 -8.788999997e+001 +2.3911e-001 +3.6456e+000 +1.2496e+000
802 +1.175197895e-008 +1.175197895e-008 -8.788999999e+001 -8.788999999e+001 +2.3926e-001 +3.6456e+000 +1.2496e+000
814 +4.176570201e-009 +4.176570201e-009 -8.789000000e+001 -8.789000000e+001 +2.3916e-001 +3.6456e+000 +1.2496e+000
1153 +0.000000000e+000 +0.000000000e+000 -8.789000000e+001 -8.789000000e+001 +2.3920e-001 +3.6456e+000 +1.2496e+000
% function evaluation | noise-free fitness - Fopt (3.201900000000e+002) | best noise-free fitness - Fopt | measured fitness | best measured fitness | x1 | x2...
1 +7.030750042e+006 +7.030750042e+006 +7.031070232e+006 +7.031070232e+006 -3.2331e-001 +8.1700e-001 +3.9219e+000
2 +7.154937594e+004 +7.154937594e+004 +7.186956594e+004 +7.186956594e+004 +1.4010e+000 +6.2357e+000 +1.3704e+000
3 +5.804540402e+004 +5.804540402e+004 +5.836559402e+004 +5.836559402e+004 -3.5525e-001 +7.8334e-001 +1.1839e+000
12 +1.934368872e+004 +1.934368872e+004 +1.966387872e+004 +1.966387872e+004 -5.8022e-001 +1.4778e+000 +1.3265e+000
96 +1.745243242e+004 +1.745243242e+004 +1.777262242e+004 +1.777262242e+004 -1.4857e+001 +1.5436e+000 +1.4475e+000
201 +1.041426924e+004 +1.041426924e+004 +1.073445924e+004 +1.073445924e+004 -1.7356e+001 +9.0929e-001 +1.4071e+000
205 +4.620274794e+003 +4.620274794e+003 +4.940464794e+003 +4.940464794e+003 -1.9941e+001 -1.4953e+000 +1.4631e+000
211 +3.378672353e+003 +3.378672353e+003 +3.698862353e+003 +3.698862353e+003 -1.8336e+001 -1.3780e+000 +1.3601e+000
227 +2.561815068e+003 +2.561815068e+003 +2.882005068e+003 +2.882005068e+003 -1.8174e+001 -7.4753e-001 +1.4064e+000
230 +9.910306126e+002 +9.910306126e+002 +1.311220613e+003 +1.311220613e+003 -1.7898e+001 -1.8771e+000 +1.4243e+000
251 +5.253463590e+002 +5.253463590e+002 +8.455363590e+002 +8.455363590e+002 -1.8004e+001 -2.0586e+000 +1.4135e+000
261 +3.885440220e+002 +3.885440220e+002 +7.087340220e+002 +7.087340220e+002 -1.7936e+001 -2.2256e+000 +1.3955e+000
279 +3.362823932e+002 +3.362823932e+002 +6.564723932e+002 +6.564723932e+002 -1.7881e+001 -2.3620e+000 +1.3995e+000
295 +3.257613411e+002 +3.257613411e+002 +6.459513411e+002 +6.459513411e+002 -1.7879e+001 -2.3248e+000 +1.4010e+000
321 +3.152921750e+002 +3.152921750e+002 +6.354821750e+002 +6.354821750e+002 -1.7379e+001 -2.3012e+000 +1.4049e+000
361 +2.987655133e+002 +2.987655133e+002 +6.189555133e+002 +6.189555133e+002 -1.6794e+001 -2.3233e+000 +1.4019e+000
379 +2.872893646e+002 +2.872893646e+002 +6.074793646e+002 +6.074793646e+002 -1.6394e+001 -2.3514e+000 +1.4023e+000
393 +2.705917981e+002 +2.705917981e+002 +5.907817981e+002 +5.907817981e+002 -1.5620e+001 -2.4162e+000 +1.4033e+000
401 +2.462717380e+002 +2.462717380e+002 +5.664617380e+002 +5.664617380e+002 -1.4226e+001 -2.2316e+000 +1.4041e+000
417 +2.436622047e+002 +2.436622047e+002 +5.638522047e+002 +5.638522047e+002 -1.4378e+001 -2.3684e+000 +1.4002e+000
422 +2.367503690e+002 +2.367503690e+002 +5.569403690e+002 +5.569403690e+002 -1.4316e+001 -2.3860e+000 +1.4011e+000
428 +2.268750556e+002 +2.268750556e+002 +5.470650556e+002 +5.470650556e+002 -1.3948e+001 -2.3311e+000 +1.4009e+000
436 +2.101088873e+002 +2.101088873e+002 +5.302988873e+002 +5.302988873e+002 -1.1349e+001 -2.5505e+000 +1.3974e+000
437 +2.010281252e+002 +2.010281252e+002 +5.212181252e+002 +5.212181252e+002 -1.2937e+001 -2.2857e+000 +1.4006e+000
445 +3.595626621e+001 +3.595626621e+001 +3.561462662e+002 +3.561462662e+002 -6.6837e+000 -2.3320e+000 +1.4037e+000
483 +2.965529990e+001 +2.965529990e+001 +3.498452999e+002 +3.498452999e+002 -6.0737e+000 -2.3748e+000 +1.4037e+000
492 +2.646716579e+001 +2.646716579e+001 +3.466571658e+002 +3.466571658e+002 -3.8933e+000 -2.4786e+000 +1.4037e+000
493 +1.099297074e+001 +1.099297074e+001 +3.311829707e+002 +3.311829707e+002 -3.3280e+000 -2.4173e+000 +1.4031e+000
513 +8.499652011e+000 +8.499652011e+000 +3.286896520e+002 +3.286896520e+002 +1.4774e+000 -2.4224e+000 +1.4046e+000
520 +7.016545998e+000 +7.016545998e+000 +3.272065460e+002 +3.272065460e+002 -2.4691e+000 -2.3232e+000 +1.4019e+000
522 +4.205235209e+000 +4.205235209e+000 +3.243952352e+002 +3.243952352e+002 -2.3991e+000 -2.3531e+000 +1.4036e+000
527 +1.616715701e+000 +1.616715701e+000 +3.218067157e+002 +3.218067157e+002 -1.2257e+000 -2.3309e+000 +1.4036e+000
542 +1.173366847e+000 +1.173366847e+000 +3.213633668e+002 +3.213633668e+002 +4.7769e-001 -2.3684e+000 +1.4026e+000
543 +1.132858772e+000 +1.132858772e+000 +3.213228588e+002 +3.213228588e+002 -1.2832e+000 -2.3832e+000 +1.4032e+000
548 +4.406599147e-001 +4.406599147e-001 +3.206306599e+002 +3.206306599e+002 -9.6289e-001 -2.3720e+000 +1.4035e+000
562 +2.214978063e-001 +2.214978063e-001 +3.204114978e+002 +3.204114978e+002 -8.6657e-001 -2.3567e+000 +1.4031e+000
593 +8.500907744e-002 +8.500907744e-002 +3.202750091e+002 +3.202750091e+002 -3.7288e-001 -2.3574e+000 +1.4035e+000
604 +4.394844813e-002 +4.394844813e-002 +3.202339484e+002 +3.202339484e+002 -2.7625e-001 -2.3647e+000 +1.4032e+000
637 +2.344321133e-003 +2.344321133e-003 +3.201923443e+002 +3.201923443e+002 -4.4972e-001 -2.3594e+000 +1.4032e+000
647 +1.466966389e-003 +1.466966389e-003 +3.201914670e+002 +3.201914670e+002 -4.3440e-001 -2.3607e+000 +1.4032e+000
688 +1.021308449e-003 +1.021308449e-003 +3.201910213e+002 +3.201910213e+002 -4.3275e-001 -2.3606e+000 +1.4032e+000
714 +8.939995571e-004 +8.939995571e-004 +3.201908940e+002 +3.201908940e+002 -4.2831e-001 -2.3600e+000 +1.4032e+000
722 +8.506650844e-004 +8.506650844e-004 +3.201908507e+002 +3.201908507e+002 -4.4266e-001 -2.3600e+000 +1.4032e+000
723 +5.990908591e-004 +5.990908591e-004 +3.201905991e+002 +3.201905991e+002 -4.3207e-001 -2.3600e+000 +1.4032e+000
730 +5.555314418e-004 +5.555314418e-004 +3.201905555e+002 +3.201905555e+002 -4.4083e-001 -2.3606e+000 +1.4032e+000
745 +5.412731202e-004 +5.412731202e-004 +3.201905413e+002 +3.201905413e+002 -4.4598e-001 -2.3602e+000 +1.4032e+000
746 +5.189334840e-004 +5.189334840e-004 +3.201905189e+002 +3.201905189e+002 -4.3990e-001 -2.3603e+000 +1.4032e+000
747 +4.109924183e-004 +4.109924183e-004 +3.201904110e+002 +3.201904110e+002 -4.4152e-001 -2.3603e+000 +1.4032e+000
755 +3.654058199e-004 +3.654058199e-004 +3.201903654e+002 +3.201903654e+002 -4.3828e-001 -2.3603e+000 +1.4032e+000
758 +3.306281737e-004 +3.306281737e-004 +3.201903306e+002 +3.201903306e+002 -4.3682e-001 -2.3602e+000 +1.4032e+000
766 +2.678179361e-004 +2.678179361e-004 +3.201902678e+002 +3.201902678e+002 -4.3108e-001 -2.3603e+000 +1.4032e+000
777 +1.691871919e-004 +1.691871919e-004 +3.201901692e+002 +3.201901692e+002 -4.3374e-001 -2.3604e+000 +1.4032e+000
792 +1.521025223e-004 +1.521025223e-004 +3.201901521e+002 +3.201901521e+002 -4.3210e-001 -2.3605e+000 +1.4032e+000
805 +1.454460944e-004 +1.454460944e-004 +3.201901454e+002 +3.201901454e+002 -4.3360e-001 -2.3604e+000 +1.4032e+000
813 +5.647774367e-005 +5.647774367e-005 +3.201900565e+002 +3.201900565e+002 -4.3323e-001 -2.3606e+000 +1.4032e+000
814 +1.247695769e-005 +1.247695769e-005 +3.201900125e+002 +3.201900125e+002 -4.3247e-001 -2.3608e+000 +1.4032e+000
833 +1.253936205e-006 +1.253936205e-006 +3.201900013e+002 +3.201900013e+002 -4.3273e-001 -2.3608e+000 +1.4032e+000
861 +4.792398727e-007 +4.792398727e-007 +3.201900005e+002 +3.201900005e+002 -4.3227e-001 -2.3608e+000 +1.4032e+000
872 +4.683667498e-007 +4.683667498e-007 +3.201900005e+002 +3.201900005e+002 -4.3256e-001 -2.3608e+000 +1.4032e+000
874 +2.856434662e-007 +2.856434662e-007 +3.201900003e+002 +3.201900003e+002 -4.3272e-001 -2.3608e+000 +1.4032e+000
893 +5.062094033e-008 +5.062094033e-008 +3.201900001e+002 +3.201900001e+002 -4.3277e-001 -2.3608e+000 +1.4032e+000
943 +3.888146693e-008 +3.888146693e-008 +3.201900000e+002 +3.201900000e+002 -4.3268e-001 -2.3608e+000 +1.4032e+000
944 +3.773487833e-008 +3.773487833e-008 +3.201900000e+002 +3.201900000e+002 -4.3262e-001 -2.3608e+000 +1.4032e+000
946 +8.568804333e-009 +8.568804333e-009 +3.201900000e+002 +3.201900000e+002 -4.3281e-001 -2.3608e+000 +1.4032e+000
1553 +0.000000000e+000 +0.000000000e+000 +3.201900000e+002 +3.201900000e+002 -4.3280e-001 -2.3608e+000 +1.4032e+000
% function evaluation | noise-free fitness - Fopt (-1.042400000000e+002) | best noise-free fitness - Fopt | measured fitness | best measured fitness | x1 | x2...
1 +5.044727044e+005 +5.044727044e+005 +5.043684644e+005 +5.043684644e+005 +4.6709e+000 -3.3755e+000 +2.0499e+000
9 +7.138022904e+003 +7.138022904e+003 +7.033782904e+003 +7.033782904e+003 +4.1899e+000 -1.3754e+000 +1.3144e+000
77 +2.808009588e+002 +2.808009588e+002 +1.765609588e+002 +1.765609588e+002 +6.1701e+000 -4.1468e+000 +1.2998e+000
136 +1.723520863e+002 +1.723520863e+002 +6.811208627e+001 +6.811208627e+001 +1.1754e+001 -4.1232e+000 +1.3157e+000
152 +1.415749646e+002 +1.415749646e+002 +3.733496462e+001 +3.733496462e+001 +8.7094e-001 -3.5764e+000 +1.3179e+000
160 +9.990069514e+001 +9.990069514e+001 -4.339304856e+000 -4.339304856e+000 +3.0447e-001 -3.7187e+000 +1.3053e+000
164 +6.159644882e+001 +6.159644882e+001 -4.264355118e+001 -4.264355118e+001 +5.9689e+000 -3.7830e+000 +1.3101e+000
168 +4.427503640e+001 +4.427503640e+001 -5.996496360e+001 -5.996496360e+001 +4.9151e+000 -3.7617e+000 +1.3134e+000
175 +1.376836762e+001 +1.376836762e+001 -9.047163238e+001 -9.047163238e+001 +6.1398e-001 -3.8468e+000 +1.3169e+000
200 +9.223598009e+000 +9.223598009e+000 -9.501640199e+001 -9.501640199e+001 +1.6881e+000 -3.8406e+000 +1.3123e+000
276 +3.065922834e+000 +3.065922834e+000 -1.011740772e+002 -1.011740772e+002 +7.7841e-001 -3.8826e+000 +1.3150e+000
324 +2.573208797e+000 +2.573208797e+000 -1.016667912e+002 -1.016667912e+002 +4.7704e-001 -3.8948e+000 +1.3122e+000
330 +2.480020068e+000 +2.480020068e+000 -1.017599799e+002 -1.017599799e+002 +4.3332e-001 -3.9558e+000 +1.3126e+000
337 +1.070481055e+000 +1.070481055e+000 -1.031695189e+002 -1.031695189e+002 +1.2278e+000 -3.9254e+000 +1.3129e+000
345 +1.031415339e+000 +1.031415339e+000 -1.032085847e+002 -1.032085847e+002 +1.3008e+000 -3.9367e+000 +1.3138e+000
348 +2.114321954e-001 +2.114321954e-001 -1.040285678e+002 -1.040285678e+002 +8.0818e-001 -3.9259e+000 +1.3138e+000
385 +1.606816879e-001 +1.606816879e-001 -1.040793183e+002 -1.040793183e+002 +3.7879e-001 -3.9325e+000 +1.3135e+000
406 +1.126985279e-001 +1.126985279e-001 -1.041273015e+002 -1.041273015e+002 +1.0938e-001 -3.9217e+000 +1.3134e+000
407 +8.567718777e-002 +8.567718777e-002 -1.041543228e+002 -1.041543228e+002 +5.7616e-001 -3.9275e+000 +1.3135e+000
414 +7.892696816e-002 +7.892696816e-002 -1.041610730e+002 -1.041610730e+002 +5.9033e-001 -3.9166e+000 +1.3134e+000
421 +5.008692179e-002 +5.008692179e-002 -1.041899131e+002 -1.041899131e+002 +4.2325e-001 -3.9241e+000 +1.3134e+000
436 +3.876151404e-002 +3.876151404e-002 -1.042012385e+002 -1.042012385e+002 +5.1509e-001 -3.9202e+000 +1.3134e+000
441 +1.241115380e-002 +1.241115380e-002 -1.042275888e+002 -1.042275888e+002 +4.6234e-001 -3.9209e+000 +1.3135e+000
451 +7.261156986e-003 +7.261156986e-003 -1.042327388e+002 -1.042327388e+002 +4.5895e-001 -3.9195e+000 +1.3135e+000
475 +4.423184990e-003 +4.423184990e-003 -1.042355768e+002 -1.042355768e+002 +4.4908e-001 -3.9208e+000 +1.3136e+000
484 +3.544708583e-003 +3.544708583e-003 -1.042364553e+002 -1.042364553e+002 +4.5039e-001 -3.9200e+000 +1.3136e+000
487 +1.488879651e-003 +1.488879651e-003 -1.042385111e+002 -1.042385111e+002 +3.6600e-001 -3.9208e+000 +1.3136e+000
489 +6.672628450e-004 +6.672628450e-004 -1.042393327e+002 -1.042393327e+002 +3.8174e-001 -3.9197e+000 +1.3136e+000
554 +2.058819066e-004 +2.058819066e-004 -1.042397941e+002 -1.042397941e+002 +3.9182e-001 -3.9202e+000 +1.3136e+000
566 +6.213715812e-005 +6.213715812e-005 -1.042399379e+002 -1.042399379e+002 +3.9801e-001 -3.9198e+000 +1.3136e+000
573 +8.642183403e-006 +8.642183403e-006 -1.042399914e+002 -1.042399914e+002 +3.9281e-001 -3.9200e+000 +1.3136e+000
601 +4.956245732e-006 +4.956245732e-006 -1.042399950e+002 -1.042399950e+002 +3.9558e-001 -3.9200e+000 +1.3136e+000
654 +3.954450065e-006 +3.954450065e-006 -1.042399960e+002 -1.042399960e+002 +3.9383e-001 -3.9201e+000 +1.3136e+000
668 +2.641522528e-006 +2.641522528e-006 -1.042399974e+002 -1.042399974e+002 +3.9588e-001 -3.9200e+000 +1.3136e+000
670 +1.699030520e-006 +1.699030520e-006 -1.042399983e+002 -1.042399983e+002 +3.9414e-001 -3.9200e+000 +1.3136e+000
678 +9.458465655e-007 +9.458465655e-007 -1.042399991e+002 -1.042399991e+002 +3.9446e-001 -3.9200e+000 +1.3136e+000
722 +4.564203380e-007 +4.564203380e-007 -1.042399995e+002 -1.042399995e+002 +3.9438e-001 -3.9200e+000 +1.3136e+000
737 +1.332617927e-007 +1.332617927e-007 -1.042399999e+002 -1.042399999e+002 +3.9467e-001 -3.9200e+000 +1.3136e+000
788 +5.872159647e-008 +5.872159647e-008 -1.042399999e+002 -1.042399999e+002 +3.9453e-001 -3.9200e+000 +1.3136e+000
794 +5.415712678e-008 +5.415712678e-008 -1.042399999e+002 -1.042399999e+002 +3.9444e-001 -3.9200e+000 +1.3136e+000
809 +3.098405443e-008 +3.098405443e-008 -1.042400000e+002 -1.042400000e+002 +3.9454e-001 -3.9200e+000 +1.3136e+000
810 +2.112004438e-008 +2.112004438e-008 -1.042400000e+002 -1.042400000e+002 +3.9447e-001 -3.9200e+000 +1.3136e+000
812 +1.820593809e-008 +1.820593809e-008 -1.042400000e+002 -1.042400000e+002 +3.9449e-001 -3.9200e+000 +1.3136e+000
825 +1.383770609e-008 +1.383770609e-008 -1.042400000e+002 -1.042400000e+002 +3.9449e-001 -3.9200e+000 +1.3136e+000
826 +1.288096030e-008 +1.288096030e-008 -1.042400000e+002 -1.042400000e+002 +3.9452e-001 -3.9200e+000 +1.3136e+000
828 +9.903729392e-009 +9.903729392e-009 -1.042400000e+002 -1.042400000e+002 +3.9446e-001 -3.9200e+000 +1.3136e+000
1357 +0.000000000e+000 +0.000000000e+000 -1.042400000e+002 -1.042400000e+002 +3.9440e-001 -3.9200e+000 +1.3136e+000
% function evaluation | noise-free fitness - Fopt (-1.843100000000e+002) | best noise-free fitness - Fopt | measured fitness | best measured fitness | x1 | x2...
1 +2.022233422e+008 +2.022233422e+008 +2.022231579e+008 +2.022231579e+008 +2.0339e+000 +5.3290e+000 +1.2938e+001
2 +3.878897096e+007 +3.878897096e+007 +3.878878665e+007 +3.878878665e+007 +2.3341e-001 +8.0972e+000 +5.9106e+000
3 +8.123554041e+006 +8.123554041e+006 +8.123369731e+006 +8.123369731e+006 +4.3047e+000 -5.0314e+000 +2.6165e+000
18 +5.708216165e+006 +5.708216165e+006 +5.708031855e+006 +5.708031855e+006 +1.2329e+001 +2.7708e+000 -2.6777e+000
23 +2.674723417e+006 +2.674723417e+006 +2.674539107e+006 +2.674539107e+006 +2.3967e+000 -6.7209e+000 +1.5379e+000
30 +5.149864659e+005 +5.149864659e+005 +5.148021559e+005 +5.148021559e+005 +3.3254e+000 -4.0443e+000 +4.9334e-001
47 +4.761148451e+005 +4.761148451e+005 +4.759305351e+005 +4.759305351e+005 +2.2673e+001 -4.7991e+000 +4.0706e-001
48 +2.736752948e+005 +2.736752948e+005 +2.734909848e+005 +2.734909848e+005 -4.6104e-001 -1.5191e+001 -1.9558e-001
69 +1.698035329e+005 +1.698035329e+005 +1.696192229e+005 +1.696192229e+005 -1.3227e+001 -3.9043e+000 +1.9887e-001
71 +5.310416323e+004 +5.310416323e+004 +5.291985323e+004 +5.291985323e+004 +7.0791e+000 +6.9447e+000 -2.8601e-001
79 +7.103748841e+003 +7.103748841e+003 +6.919438841e+003 +6.919438841e+003 +1.0147e+001 -2.1896e+000 -1.7456e-001
208 +5.011355528e+003 +5.011355528e+003 +4.827045528e+003 +4.827045528e+003 +2.0088e+001 +2.2600e+000 -2.3856e-001
210 +4.276788999e+003 +4.276788999e+003 +4.092478999e+003 +4.092478999e+003 +3.3883e+001 +1.5271e+000 -2.4870e-001
223 +2.483381614e+003 +2.483381614e+003 +2.299071614e+003 +2.299071614e+003 +4.2401e+001 +1.0483e+000 -2.3765e-001
230 +5.029121523e+002 +5.029121523e+002 +3.186021523e+002 +3.186021523e+002 +1.4327e+001 +4.8208e-002 -1.9716e-001
265 +1.504568417e+002 +1.504568417e+002 -3.385315826e+001 -3.385315826e+001 -4.0711e+000 +5.6624e-001 -2.1456e-001
274 +6.843763548e+001 +6.843763548e+001 -1.158723645e+002 -1.158723645e+002 +4.3673e-002 +4.7260e-001 -2.1710e-001
302 +4.097655201e+001 +4.097655201e+001 -1.433334480e+002 -1.433334480e+002 +1.3209e+000 +3.9293e-001 -2.1860e-001
305 +1.336416695e+001 +1.336416695e+001 -1.709458331e+002 -1.709458331e+002 +3.3292e+000 +2.9934e-001 -2.1255e-001
313 +8.746809064e+000 +8.746809064e+000 -1.755631909e+002 -1.755631909e+002 +7.1378e-001 +2.9230e-001 -2.1712e-001
336 +5.524493534e+000 +5.524493534e+000 -1.787855065e+002 -1.787855065e+002 +3.5730e+000 +2.6428e-001 -2.1395e-001
366 +5.366418524e+000 +5.366418524e+000 -1.789435815e+002 -1.789435815e+002 +1.7124e+000 +1.6279e-001 -2.1370e-001
376 +3.615700458e+000 +3.615700458e+000 -1.806942995e+002 -1.806942995e+002 +2.2610e+000 +2.1930e-001 -2.1337e-001
395 +2.703362949e+000 +2.703362949e+000 -1.816066371e+002 -1.816066371e+002 +2.1483e+000 +2.1674e-001 -2.1352e-001
407 +2.628868840e+000 +2.628868840e+000 -1.816811312e+002 -1.816811312e+002 +2.2450e+000 +2.1665e-001 -2.1354e-001
421 +1.849361845e+000 +1.849361845e+000 -1.824606382e+002 -1.824606382e+002 +1.8944e+000 +2.2617e-001 -2.1373e-001
484 +1.533248457e+000 +1.533248457e+000 -1.827767515e+002 -1.827767515e+002 +1.8842e+000 +2.1103e-001 -2.1411e-001
498 +9.003098675e-001 +9.003098675e-001 -1.834096901e+002 -1.834096901e+002 +2.3142e+000 +2.2113e-001 -2.1436e-001
510 +7.268752588e-001 +7.268752588e-001 -1.835831247e+002 -1.835831247e+002 +1.9304e+000 +2.1236e-001 -2.1443e-001
515 +5.220319834e-001 +5.220319834e-001 -1.837879680e+002 -1.837879680e+002 +2.1311e+000 +2.0383e-001 -2.1519e-001
528 +3.433576122e-001 +3.433576122e-001 -1.839666424e+002 -1.839666424e+002 +2.3640e+000 +2.2737e-001 -2.1499e-001
529 +2.549837005e-001 +2.549837005e-001 -1.840550163e+002 -1.840550163e+002 +1.6963e+000 +2.2872e-001 -2.1473e-001
556 +1.733896394e-001 +1.733896394e-001 -1.841366104e+002 -1.841366104e+002 +1.8588e+000 +2.1761e-001 -2.1486e-001
557 +7.808482118e-002 +7.808482118e-002 -1.842319152e+002 -1.842319152e+002 +1.9608e+000 +2.2722e-001 -2.1494e-001
605 +6.504082414e-002 +6.504082414e-002 -1.842449592e+002 -1.842449592e+002 +2.0793e+000 +2.2479e-001 -2.1511e-001
611 +4.852845952e-002 +4.852845952e-002 -1.842614715e+002 -1.842614715e+002 +1.8055e+000 +2.2422e-001 -2.1499e-001
619 +1.382349270e-002 +1.382349270e-002 -1.842961765e+002 -1.842961765e+002 +1.8027e+000 +2.2552e-001 -2.1510e-001
633 +1.229808415e-002 +1.229808415e-002 -1.842977019e+002 -1.842977019e+002 +1.8300e+000 +2.2441e-001 -2.1509e-001
651 +9.688295264e-003 +9.688295264e-003 -1.843003117e+002 -1.843003117e+002 +1.8705e+000 +2.2248e-001 -2.1526e-001
663 +5.750509996e-003 +5.750509996e-003 -1.843042495e+002 -1.843042495e+002 +1.7684e+000 +2.2517e-001 -2.1517e-001
685 +4.635435852e-003 +4.635435852e-003 -1.843053646e+002 -1.843053646e+002 +1.8066e+000 +2.2425e-001 -2.1515e-001
691 +2.778454023e-003 +2.778454023e-003 -1.843072215e+002 -1.843072215e+002 +1.8785e+000 +2.2424e-001 -2.1516e-001
704 +2.374269001e-003 +2.374269001e-003 -1.843076257e+002 -1.843076257e+002 +1.8664e+000 +2.2460e-001 -2.1516e-001
708 +1.940486048e-003 +1.940486048e-003 -1.843080595e+002 -1.843080595e+002 +1.8608e+000 +2.2414e-001 -2.1516e-001
711 +3.270465425e-004 +3.270465425e-004 -1.843096730e+002 -1.843096730e+002 +1.8547e+000 +2.2468e-001 -2.1519e-001
744 +2.096259089e-004 +2.096259089e-004 -1.843097904e+002 -1.843097904e+002 +1.8449e+000 +2.2504e-001 -2.1519e-001
753 +1.042147590e-004 +1.042147590e-004 -1.843098958e+002 -1.843098958e+002 +1.8463e+000 +2.2476e-001 -2.1521e-001
760 +7.643343585e-005 +7.643343585e-005 -1.843099236e+002 -1.843099236e+002 +1.8406e+000 +2.2462e-001 -2.1521e-001
772 +3.479783246e-005 +3.479783246e-005 -1.843099652e+002 -1.843099652e+002 +1.8435e+000 +2.2462e-001 -2.1520e-001
799 +3.435676234e-005 +3.435676234e-005 -1.843099656e+002 -1.843099656e+002 +1.8442e+000 +2.2464e-001 -2.1520e-001
800 +1.838669090e-005 +1.838669090e-005 -1.843099816e+002 -1.843099816e+002 +1.8436e+000 +2.2467e-001 -2.1520e-001
811 +1.696799541e-005 +1.696799541e-005 -1.843099830e+002 -1.843099830e+002 +1.8445e+000 +2.2468e-001 -2.1520e-001
820 +1.617477173e-005 +1.617477173e-005 -1.843099838e+002 -1.843099838e+002 +1.8443e+000 +2.2471e-001 -2.1520e-001
832 +1.552342187e-005 +1.552342187e-005 -1.843099845e+002 -1.843099845e+002 +1.8444e+000 +2.2468e-001 -2.1520e-001
833 +5.847500518e-006 +5.847500518e-006 -1.843099942e+002 -1.843099942e+002 +1.8445e+000 +2.2486e-001 -2.1520e-001
835 +3.904181000e-006 +3.904181000e-006 -1.843099961e+002 -1.843099961e+002 +1.8424e+000 +2.2483e-001 -2.1520e-001
848 +2.363144148e-006 +2.363144148e-006 -1.843099976e+002 -1.843099976e+002 +1.8426e+000 +2.2481e-001 -2.1520e-001
851 +2.008250192e-006 +2.008250192e-006 -1.843099980e+002 -1.843099980e+002 +1.8432e+000 +2.2476e-001 -2.1520e-001
861 +6.565505828e-008 +6.565505828e-008 -1.843099999e+002 -1.843099999e+002 +1.8432e+000 +2.2480e-001 -2.1520e-001
895 +1.706681019e-008 +1.706681019e-008 -1.843100000e+002 -1.843100000e+002 +1.8432e+000 +2.2480e-001 -2.1520e-001
921 +1.504130864e-008 +1.504130864e-008 -1.843100000e+002 -1.843100000e+002 +1.8433e+000 +2.2480e-001 -2.1520e-001
947 +1.468035293e-008 +1.468035293e-008 -1.843100000e+002 -1.843100000e+002 +1.8433e+000 +2.2480e-001 -2.1520e-001
953 +3.088757694e-009 +3.088757694e-009 -1.843100000e+002 -1.843100000e+002 +1.8432e+000 +2.2480e-001 -2.1520e-001
1261 +0.000000000e+000 +0.000000000e+000 -1.843100000e+002 -1.843100000e+002 +1.8432e+000 +2.2480e-001 -2.1520e-001
% function evaluation | noise-free fitness - Fopt (5.684000000000e+001) | best noise-free fitness - Fopt | measured fitness | best measured fitness | x1 | x2...
1 +8.303384887e+005 +8.303384887e+005 +8.303953287e+005 +8.303953287e+005 -1.7802e+000 -3.6229e+000 -4.5191e+000
5 +5.327421886e+004 +5.327421886e+004 +5.333105886e+004 +5.333105886e+004 -4.3916e+001 -8.7356e+000 -3.4479e+000
16 +4.344067179e+004 +4.344067179e+004 +4.349751179e+004 +4.349751179e+004 -1.1680e+001 -4.9466e+000 -3.3914e+000
35 +7.670609303e+003 +7.670609303e+003 +7.727449303e+003 +7.727449303e+003 -2.0856e+001 -5.2742e+000 -3.5967e+000
94 +7.562253448e+003 +7.562253448e+003 +7.619093448e+003 +7.619093448e+003 -2.6086e+001 -4.8756e+000 -3.5413e+000
95 +6.474726947e+003 +6.474726947e+003 +6.531566947e+003 +6.531566947e+003 -2.1387e+001 -5.0160e+000 -3.5676e+000
103 +9.625052637e+002 +9.625052637e+002 +1.019345264e+003 +1.019345264e+003 -2.1766e+001 -1.7584e+000 -3.5820e+000
135 +8.089891991e+002 +8.089891991e+002 +8.658291991e+002 +8.658291991e+002 -2.5542e+001 -2.0526e+000 -3.5819e+000
139 +4.912327039e+002 +4.912327039e+002 +5.480727039e+002 +5.480727039e+002 -2.1342e+001 -2.2815e+000 -3.5830e+000
221 +4.699300931e+002 +4.699300931e+002 +5.267700931e+002 +5.267700931e+002 -2.2482e+001 -2.5688e+000 -3.5844e+000
239 +3.102576966e+002 +3.102576966e+002 +3.670976966e+002 +3.670976966e+002 -1.3869e+001 -2.7776e+000 -3.5817e+000
243 +2.973107964e+002 +2.973107964e+002 +3.541507964e+002 +3.541507964e+002 -1.3347e+001 -2.3586e+000 -3.5893e+000
265 +1.699690485e+002 +1.699690485e+002 +2.268090485e+002 +2.268090485e+002 -1.1226e+001 -2.4547e+000 -3.5827e+000
302 +2.072484514e+001 +2.072484514e+001 +7.756484514e+001 +7.756484514e+001 -3.8089e+000 -2.5254e+000 -3.5846e+000
316 +5.958900113e+000 +5.958900113e+000 +6.279890011e+001 +6.279890011e+001 -7.6980e-001 -2.5856e+000 -3.5842e+000
365 +2.975777030e+000 +2.975777030e+000 +5.981577703e+001 +5.981577703e+001 +1.7249e-002 -2.5451e+000 -3.5848e+000
376 +1.754301076e+000 +1.754301076e+000 +5.859430108e+001 +5.859430108e+001 +7.6908e-001 -2.5404e+000 -3.5845e+000
437 +1.489534978e+000 +1.489534978e+000 +5.832953498e+001 +5.832953498e+001 +4.9795e-001 -2.5649e+000 -3.5833e+000
448 +8.798724268e-001 +8.798724268e-001 +5.771987243e+001 +5.771987243e+001 +4.4212e-001 -2.5577e+000 -3.5832e+000
464 +1.509431921e-001 +1.509431921e-001 +5.699094319e+001 +5.699094319e+001 +1.8685e-001 -2.5331e+000 -3.5832e+000
482 +5.099051719e-003 +5.099051719e-003 +5.684509905e+001 +5.684509905e+001 +6.0026e-001 -2.5299e+000 -3.5832e+000
549 +4.875535790e-003 +4.875535790e-003 +5.684487554e+001 +5.684487554e+001 +5.9142e-001 -2.5281e+000 -3.5832e+000
567 +4.472348280e-003 +4.472348280e-003 +5.684447235e+001 +5.684447235e+001 +5.2031e-001 -2.5300e+000 -3.5833e+000
574 +3.482677762e-003 +3.482677762e-003 +5.684348268e+001 +5.684348268e+001 +4.8105e-001 -2.5290e+000 -3.5832e+000
588 +1.498490284e-003 +1.498490284e-003 +5.684149849e+001 +5.684149849e+001 +5.3084e-001 -2.5289e+000 -3.5832e+000
616 +6.951680225e-005 +6.951680225e-005 +5.684006952e+001 +5.684006952e+001 +5.3268e-001 -2.5291e+000 -3.5832e+000
696 +1.279882768e-005 +1.279882768e-005 +5.684001280e+001 +5.684001280e+001 +5.3200e-001 -2.5287e+000 -3.5832e+000
714 +2.643920645e-006 +2.643920645e-006 +5.684000264e+001 +5.684000264e+001 +5.3217e-001 -2.5288e+000 -3.5832e+000
734 +2.417720829e-006 +2.417720829e-006 +5.684000242e+001 +5.684000242e+001 +5.3346e-001 -2.5288e+000 -3.5832e+000
762 +1.454647816e-006 +1.454647816e-006 +5.684000145e+001 +5.684000145e+001 +5.3193e-001 -2.5288e+000 -3.5832e+000
783 +9.380789621e-007 +9.380789621e-007 +5.684000094e+001 +5.684000094e+001 +5.3308e-001 -2.5288e+000 -3.5832e+000
805 +3.170059912e-007 +3.170059912e-007 +5.684000032e+001 +5.684000032e+001 +5.3229e-001 -2.5288e+000 -3.5832e+000
842 +2.510132759e-007 +2.510132759e-007 +5.684000025e+001 +5.684000025e+001 +5.3238e-001 -2.5288e+000 -3.5832e+000
857 +1.179511244e-007 +1.179511244e-007 +5.684000012e+001 +5.684000012e+001 +5.3256e-001 -2.5288e+000 -3.5832e+000
896 +1.143588477e-007 +1.143588477e-007 +5.684000011e+001 +5.684000011e+001 +5.3254e-001 -2.5288e+000 -3.5832e+000
898 +2.913423458e-008 +2.913423458e-008 +5.684000003e+001 +5.684000003e+001 +5.3268e-001 -2.5288e+000 -3.5832e+000
902 +1.215899914e-008 +1.215899914e-008 +5.684000001e+001 +5.684000001e+001 +5.3275e-001 -2.5288e+000 -3.5832e+000
923 +2.401101540e-009 +2.401101540e-009 +5.684000000e+001 +5.684000000e+001 +5.3276e-001 -2.5288e+000 -3.5832e+000
1346 +0.000000000e+000 +0.000000000e+000 +5.684000000e+001 +5.684000000e+001 +5.3280e-001 -2.5288e+000 -3.5832e+000
% function evaluation | noise-free fitness - Fopt (-1.897300000000e+002) | best noise-free fitness - Fopt | measured fitness | best measured fitness | x1 | x2...
1 +3.393480423e+007 +3.393480423e+007 +3.393461450e+007 +3.393461450e+007 +1.9021e+000 +4.6201e+001 -7.0705e+000
2 +6.240263887e+004 +6.240263887e+004 +6.221290887e+004 +6.221290887e+004 -2.4608e+000 +6.0769e+000 -1.2445e+000
44 +3.246163182e+004 +3.246163182e+004 +3.227190182e+004 +3.227190182e+004 -8.0221e+000 +4.6319e+000 -1.0777e+000
64 +1.359936188e+004 +1.359936188e+004 +1.340963188e+004 +1.340963188e+004 +7.1231e+000 +2.7764e+000 -1.0982e+000
89 +1.256737084e+004 +1.256737084e+004 +1.237764084e+004 +1.237764084e+004 +1.3197e+000 +2.1369e+000 -1.2079e+000
97 +5.034666853e+003 +5.034666853e+003 +4.844936853e+003 +4.844936853e+003 -4.4723e-001 +7.6450e-001 -1.1916e+000
105 +4.019376352e+003 +4.019376352e+003 +3.829646352e+003 +3.829646352e+003 +1.8424e+000 +3.3062e-001 -1.1862e+000
108 +3.248924682e+003 +3.248924682e+003 +3.059194682e+003 +3.059194682e+003 -1.6609e+000 +9.4210e-002 -1.1868e+000
109 +1.650827300e+003 +1.650827300e+003 +1.461097300e+003 +1.461097300e+003 -3.6629e-001 -1.6511e-001 -1.1705e+000
118 +4.356807737e+002 +4.356807737e+002 +2.459507737e+002 +2.459507737e+002 -5.0196e+000 -4.7381e-001 -1.1546e+000
178 +2.731685251e+002 +2.731685251e+002 +8.343852514e+001 +8.343852514e+001 +5.3869e-001 -1.3045e+000 -1.1414e+000
181 +1.509813242e+002 +1.509813242e+002 -3.874867577e+001 -3.874867577e+001 +8.7742e+000 -5.5524e-001 -1.1430e+000
210 +1.391080908e+002 +1.391080908e+002 -5.062190917e+001 -5.062190917e+001 +2.7388e+000 -4.6434e-001 -1.1326e+000
213 +8.467167871e+001 +8.467167871e+001 -1.050583213e+002 -1.050583213e+002 +4.6854e+000 -9.1182e-001 -1.1456e+000
226 +5.390064401e+001 +5.390064401e+001 -1.358293560e+002 -1.358293560e+002 +5.5456e+000 -8.4018e-001 -1.1319e+000
228 +4.264856509e+001 +4.264856509e+001 -1.470814349e+002 -1.470814349e+002 +6.0035e+000 -9.1433e-001 -1.1372e+000
246 +3.430467338e+001 +3.430467338e+001 -1.554253266e+002 -1.554253266e+002 +5.6524e+000 -8.6975e-001 -1.1351e+000
268 +3.292112857e+001 +3.292112857e+001 -1.568088714e+002 -1.568088714e+002 +5.8355e+000 -8.4034e-001 -1.1402e+000
276 +3.046815564e+001 +3.046815564e+001 -1.592618444e+002 -1.592618444e+002 +5.8223e+000 -8.7711e-001 -1.1375e+000
286 +2.966015186e+001 +2.966015186e+001 -1.600698481e+002 -1.600698481e+002 +5.8085e+000 -8.7318e-001 -1.1375e+000
289 +2.918691393e+001 +2.918691393e+001 -1.605430861e+002 -1.605430861e+002 +5.8090e+000 -8.5515e-001 -1.1389e+000
301 +2.475781588e+001 +2.475781588e+001 -1.649721841e+002 -1.649721841e+002 +5.8235e+000 -7.5892e-001 -1.1378e+000
329 +2.422162437e+001 +2.422162437e+001 -1.655083756e+002 -1.655083756e+002 +5.8084e+000 -7.7533e-001 -1.1381e+000
399 +2.389645947e+001 +2.389645947e+001 -1.658335405e+002 -1.658335405e+002 +5.8182e+000 -7.8383e-001 -1.1373e+000
407 +2.317121195e+001 +2.317121195e+001 -1.665587880e+002 -1.665587880e+002 +5.7166e+000 -7.7363e-001 -1.1378e+000
452 +2.285838159e+001 +2.285838159e+001 -1.668716184e+002 -1.668716184e+002 +5.7096e+000 -7.9179e-001 -1.1376e+000
458 +2.207501960e+001 +2.207501960e+001 -1.676549804e+002 -1.676549804e+002 +5.6119e+000 -7.8799e-001 -1.1378e+000
462 +2.184031862e+001 +2.184031862e+001 -1.678896814e+002 -1.678896814e+002 +5.5846e+000 -7.9362e-001 -1.1377e+000
472 +1.902828964e+001 +1.902828964e+001 -1.707017104e+002 -1.707017104e+002 +5.1952e+000 -8.0935e-001 -1.1378e+000
487 +1.817985243e+001 +1.817985243e+001 -1.715501476e+002 -1.715501476e+002 +5.1207e+000 -7.7437e-001 -1.1377e+000
488 +1.384223669e+001 +1.384223669e+001 -1.758877633e+002 -1.758877633e+002 +4.6231e+000 -7.9084e-001 -1.1381e+000
490 +1.345072575e+001 +1.345072575e+001 -1.762792742e+002 -1.762792742e+002 +4.5875e+000 -7.8240e-001 -1.1380e+000
498 +1.090695543e+001 +1.090695543e+001 -1.788230446e+002 -1.788230446e+002 +4.2677e+000 -7.9469e-001 -1.1379e+000
502 +8.763426144e+000 +8.763426144e+000 -1.809665739e+002 -1.809665739e+002 +3.8457e+000 -7.8839e-001 -1.1371e+000
504 +8.517266248e+000 +8.517266248e+000 -1.812127338e+002 -1.812127338e+002 +3.5030e+000 -7.5702e-001 -1.1380e+000
506 +7.227262548e+000 +7.227262548e+000 -1.825027375e+002 -1.825027375e+002 +3.0344e+000 -8.2973e-001 -1.1382e+000
515 +5.225575971e+000 +5.225575971e+000 -1.845044240e+002 -1.845044240e+002 +2.9748e+000 -7.6404e-001 -1.1375e+000
528 +1.382465530e+000 +1.382465530e+000 -1.883475345e+002 -1.883475345e+002 +4.9073e-001 -7.6359e-001 -1.1383e+000
529 +9.856070188e-001 +9.856070188e-001 -1.887443930e+002 -1.887443930e+002 +1.7844e+000 -7.9093e-001 -1.1381e+000
547 +4.912388245e-001 +4.912388245e-001 -1.892387612e+002 -1.892387612e+002 +1.1392e+000 -7.8875e-001 -1.1382e+000
578 +3.122960599e-001 +3.122960599e-001 -1.894177039e+002 -1.894177039e+002 +6.1609e-001 -7.8312e-001 -1.1371e+000
580 +1.039623103e-001 +1.039623103e-001 -1.896260377e+002 -1.896260377e+002 +1.1509e+000 -7.8769e-001 -1.1378e+000
581 +4.757069744e-002 +4.757069744e-002 -1.896824293e+002 -1.896824293e+002 +8.7474e-001 -7.8489e-001 -1.1374e+000
588 +3.776966886e-002 +3.776966886e-002 -1.896922303e+002 -1.896922303e+002 +9.2894e-001 -7.8245e-001 -1.1376e+000
602 +3.138728570e-002 +3.138728570e-002 -1.896986127e+002 -1.896986127e+002 +8.1221e-001 -7.8390e-001 -1.1376e+000
635 +2.462878994e-002 +2.462878994e-002 -1.897053712e+002 -1.897053712e+002 +9.1676e-001 -7.8427e-001 -1.1376e+000
655 +8.439653290e-003 +8.439653290e-003 -1.897215603e+002 -1.897215603e+002 +9.3404e-001 -7.8608e-001 -1.1376e+000
673 +1.362460760e-003 +1.362460760e-003 -1.897286375e+002 -1.897286375e+002 +9.0274e-001 -7.8923e-001 -1.1376e+000
698 +1.347588497e-003 +1.347588497e-003 -1.897286524e+002 -1.897286524e+002 +8.9969e-001 -7.8792e-001 -1.1376e+000
730 +1.059883332e-003 +1.059883332e-003 -1.897289401e+002 -1.897289401e+002 +9.0055e-001 -7.8888e-001 -1.1376e+000
744 +4.207104831e-004 +4.207104831e-004 -1.897295793e+002 -1.897295793e+002 +8.9454e-001 -7.8862e-001 -1.1376e+000
750 +2.417658122e-004 +2.417658122e-004 -1.897297582e+002 -1.897297582e+002 +8.8031e-001 -7.8901e-001 -1.1376e+000
760 +9.631081471e-005 +9.631081471e-005 -1.897299037e+002 -1.897299037e+002 +8.9410e-001 -7.8851e-001 -1.1376e+000
797 +7.760547012e-005 +7.760547012e-005 -1.897299224e+002 -1.897299224e+002 +8.9712e-001 -7.8857e-001 -1.1376e+000
798 +2.552235927e-005 +2.552235927e-005 -1.897299745e+002 -1.897299745e+002 +8.9551e-001 -7.8869e-001 -1.1376e+000
806 +9.775069486e-006 +9.775069486e-006 -1.897299902e+002 -1.897299902e+002 +8.9296e-001 -7.8874e-001 -1.1376e+000
826 +6.557811361e-006 +6.557811361e-006 -1.897299934e+002 -1.897299934e+002 +8.9449e-001 -7.8880e-001 -1.1376e+000
843 +4.364083509e-006 +4.364083509e-006 -1.897299956e+002 -1.897299956e+002 +8.9309e-001 -7.8879e-001 -1.1376e+000
861 +3.189874917e-006 +3.189874917e-006 -1.897299968e+002 -1.897299968e+002 +8.9312e-001 -7.8879e-001 -1.1376e+000
887 +2.658749025e-006 +2.658749025e-006 -1.897299973e+002 -1.897299973e+002 +8.9327e-001 -7.8879e-001 -1.1376e+000
902 +2.591102742e-006 +2.591102742e-006 -1.897299974e+002 -1.897299974e+002 +8.9363e-001 -7.8879e-001 -1.1376e+000
916 +1.957307916e-006 +1.957307916e-006 -1.897299980e+002 -1.897299980e+002 +8.9301e-001 -7.8880e-001 -1.1376e+000
919 +1.596650009e-006 +1.596650009e-006 -1.897299984e+002 -1.897299984e+002 +8.9316e-001 -7.8880e-001 -1.1376e+000
929 +2.118594011e-007 +2.118594011e-007 -1.897299998e+002 -1.897299998e+002 +8.9166e-001 -7.8879e-001 -1.1376e+000
961 +1.702208010e-007 +1.702208010e-007 -1.897299998e+002 -1.897299998e+002 +8.9198e-001 -7.8881e-001 -1.1376e+000
976 +6.009773301e-008 +6.009773301e-008 -1.897299999e+002 -1.897299999e+002 +8.9224e-001 -7.8880e-001 -1.1376e+000
991 +6.214378345e-009 +6.214378345e-009 -1.897300000e+002 -1.897300000e+002 +8.9207e-001 -7.8880e-001 -1.1376e+000
1384 +0.000000000e+000 +0.000000000e+000 -1.897300000e+002 -1.897300000e+002 +8.9200e-001 -7.8880e-001 -1.1376e+000
% function evaluation | noise-free fitness - Fopt (4.659700000000e+002) | best noise-free fitness - Fopt | measured fitness | best measured fitness | x1 | x2...
1 +7.494185410e+006 +7.494185410e+006 +7.494651380e+006 +7.494651380e+006 -3.9740e+000 -2.5187e+000 -2.0716e+000
4 +3.573598301e+004 +3.573598301e+004 +3.620195301e+004 +3.620195301e+004 -5.6601e+000 -1.8566e+000 +5.7696e-001
34 +2.477088176e+004 +2.477088176e+004 +2.523685176e+004 +2.523685176e+004 -4.6220e+000 +4.2271e+000 +8.2316e-001
46 +4.171986806e+003 +4.171986806e+003 +4.637956806e+003 +4.637956806e+003 -8.0895e-001 +9.5241e-001 +7.9535e-001
71 +1.058078278e+003 +1.058078278e+003 +1.524048278e+003 +1.524048278e+003 +8.8730e-001 -1.0784e+000 +7.2718e-001
105 +7.787807384e+002 +7.787807384e+002 +1.244750738e+003 +1.244750738e+003 +1.4219e+000 +2.5566e-001 +7.2791e-001
115 +3.238175438e+002 +3.238175438e+002 +7.897875438e+002 +7.897875438e+002 -1.1380e+000 -1.8163e-003 +7.3423e-001
122 +1.721690347e+002 +1.721690347e+002 +6.381390347e+002 +6.381390347e+002 -1.2780e+000 -1.4610e-001 +7.3711e-001
183 +4.083926267e+001 +4.083926267e+001 +5.068092627e+002 +5.068092627e+002 -2.6143e+000 -4.3392e-001 +7.4633e-001
196 +3.696859206e+001 +3.696859206e+001 +5.029385921e+002 +5.029385921e+002 -2.3749e+000 -1.9569e-001 +7.4425e-001
214 +2.485348600e+001 +2.485348600e+001 +4.908234860e+002 +4.908234860e+002 +1.3858e+000 -1.6789e-001 +7.5107e-001
234 +7.667915661e+000 +7.667915661e+000 +4.736379157e+002 +4.736379157e+002 -2.6076e+000 -3.1566e-001 +7.5169e-001
266 +2.641690207e+000 +2.641690207e+000 +4.686116902e+002 +4.686116902e+002 -1.5795e+000 -3.0293e-001 +7.5089e-001
337 +1.640153175e+000 +1.640153175e+000 +4.676101532e+002 +4.676101532e+002 -9.2364e-001 -2.7607e-001 +7.5044e-001
357 +1.339954520e+000 +1.339954520e+000 +4.673099545e+002 +4.673099545e+002 -1.4573e+000 -3.0548e-001 +7.4982e-001
362 +7.981164523e-001 +7.981164523e-001 +4.667681165e+002 +4.667681165e+002 -2.0465e+000 -2.9604e-001 +7.5013e-001
364 +6.045094304e-001 +6.045094304e-001 +4.665745094e+002 +4.665745094e+002 -2.6160e+000 -2.7979e-001 +7.4997e-001
379 +4.403596220e-001 +4.403596220e-001 +4.664103596e+002 +4.664103596e+002 -1.8337e+000 -2.8058e-001 +7.5023e-001
380 +3.395953536e-001 +3.395953536e-001 +4.663095954e+002 +4.663095954e+002 -2.1101e+000 -2.7063e-001 +7.5014e-001
383 +2.091149560e-001 +2.091149560e-001 +4.661791150e+002 +4.661791150e+002 -1.9954e+000 -2.5979e-001 +7.4968e-001
397 +2.049279576e-001 +2.049279576e-001 +4.661749280e+002 +4.661749280e+002 -2.2312e+000 -2.6646e-001 +7.4982e-001
437 +2.260589666e-002 +2.260589666e-002 +4.659926059e+002 +4.659926059e+002 -2.0253e+000 -2.7341e-001 +7.4969e-001
478 +1.934193853e-002 +1.934193853e-002 +4.659893419e+002 +4.659893419e+002 -2.0431e+000 -2.7392e-001 +7.4959e-001
479 +1.597311338e-002 +1.597311338e-002 +4.659859731e+002 +4.659859731e+002 -1.9550e+000 -2.7012e-001 +7.4965e-001
501 +1.340500473e-002 +1.340500473e-002 +4.659834050e+002 +4.659834050e+002 -1.9519e+000 -2.7281e-001 +7.4970e-001
518 +7.471806813e-003 +7.471806813e-003 +4.659774718e+002 +4.659774718e+002 -1.9775e+000 -2.7548e-001 +7.4958e-001
524 +6.755554415e-003 +6.755554415e-003 +4.659767556e+002 +4.659767556e+002 -1.9790e+000 -2.7303e-001 +7.4965e-001
528 +3.229175243e-003 +3.229175243e-003 +4.659732292e+002 +4.659732292e+002 -1.9452e+000 -2.7308e-001 +7.4964e-001
541 +1.750517965e-003 +1.750517965e-003 +4.659717505e+002 +4.659717505e+002 -1.9432e+000 -2.7433e-001 +7.4961e-001
550 +1.405164142e-003 +1.405164142e-003 +4.659714052e+002 +4.659714052e+002 -1.9441e+000 -2.7400e-001 +7.4961e-001
552 +1.123312072e-003 +1.123312072e-003 +4.659711233e+002 +4.659711233e+002 -1.8980e+000 -2.7333e-001 +7.4963e-001
561 +7.935114950e-004 +7.935114950e-004 +4.659707935e+002 +4.659707935e+002 -1.9309e+000 -2.7405e-001 +7.4961e-001
564 +5.210773463e-004 +5.210773463e-004 +4.659705211e+002 +4.659705211e+002 -1.9237e+000 -2.7308e-001 +7.4961e-001
572 +4.419520781e-004 +4.419520781e-004 +4.659704420e+002 +4.659704420e+002 -1.9273e+000 -2.7365e-001 +7.4959e-001
579 +2.442678377e-004 +2.442678377e-004 +4.659702443e+002 +4.659702443e+002 -1.9261e+000 -2.7348e-001 +7.4960e-001
595 +2.247324265e-004 +2.247324265e-004 +4.659702247e+002 +4.659702247e+002 -1.9188e+000 -2.7398e-001 +7.4960e-001
597 +1.912412648e-004 +1.912412648e-004 +4.659701912e+002 +4.659701912e+002 -1.9222e+000 -2.7358e-001 +7.4961e-001
599 +1.779285718e-004 +1.779285718e-004 +4.659701779e+002 +4.659701779e+002 -1.9225e+000 -2.7385e-001 +7.4960e-001
604 +1.738724786e-004 +1.738724786e-004 +4.659701739e+002 +4.659701739e+002 -1.9229e+000 -2.7366e-001 +7.4961e-001
606 +7.072736315e-005 +7.072736315e-005 +4.659700707e+002 +4.659700707e+002 -1.9174e+000 -2.7349e-001 +7.4960e-001
611 +4.951915918e-005 +4.951915918e-005 +4.659700495e+002 +4.659700495e+002 -1.9183e+000 -2.7367e-001 +7.4960e-001
622 +4.148808262e-005 +4.148808262e-005 +4.659700415e+002 +4.659700415e+002 -1.9166e+000 -2.7351e-001 +7.4960e-001
625 +3.717788826e-005 +3.717788826e-005 +4.659700372e+002 +4.659700372e+002 -1.9160e+000 -2.7369e-001 +7.4960e-001
636 +3.503622474e-005 +3.503622474e-005 +4.659700350e+002 +4.659700350e+002 -1.9167e+000 -2.7355e-001 +7.4960e-001
645 +2.164383142e-005 +2.164383142e-005 +4.659700216e+002 +4.659700216e+002 -1.9147e+000 -2.7352e-001 +7.4960e-001
665 +1.414849930e-005 +1.414849930e-005 +4.659700141e+002 +4.659700141e+002 -1.9141e+000 -2.7353e-001 +7.4960e-001
673 +5.778697869e-006 +5.778697869e-006 +4.659700058e+002 +4.659700058e+002 -1.9132e+000 -2.7364e-001 +7.4960e-001
676 +6.648606927e-007 +6.648606927e-007 +4.659700007e+002 +4.659700007e+002 -1.9116e+000 -2.7358e-001 +7.4960e-001
713 +6.334645377e-007 +6.334645377e-007 +4.659700006e+002 +4.659700006e+002 -1.9118e+000 -2.7358e-001 +7.4960e-001
717 +4.641993314e-007 +4.641993314e-007 +4.659700005e+002 +4.659700005e+002 -1.9107e+000 -2.7361e-001 +7.4960e-001
720 +2.604274982e-007 +2.604274982e-007 +4.659700003e+002 +4.659700003e+002 -1.9116e+000 -2.7359e-001 +7.4960e-001
728 +1.890525141e-007 +1.890525141e-007 +4.659700002e+002 +4.659700002e+002 -1.9112e+000 -2.7359e-001 +7.4960e-001
736 +1.132378316e-007 +1.132378316e-007 +4.659700001e+002 +4.659700001e+002 -1.9112e+000 -2.7359e-001 +7.4960e-001
743 +9.618077002e-008 +9.618077002e-008 +4.659700001e+002 +4.659700001e+002 -1.9110e+000 -2.7360e-001 +7.4960e-001
745 +3.408649718e-008 +3.408649718e-008 +4.659700000e+002 +4.659700000e+002 -1.9111e+000 -2.7360e-001 +7.4960e-001
786 +1.888810175e-008 +1.888810175e-008 +4.659700000e+002 +4.659700000e+002 -1.9111e+000 -2.7360e-001 +7.4960e-001
788 +1.539473260e-008 +1.539473260e-008 +4.659700000e+002 +4.659700000e+002 -1.9111e+000 -2.7360e-001 +7.4960e-001
791 +1.348814749e-008 +1.348814749e-008 +4.659700000e+002 +4.659700000e+002 -1.9111e+000 -2.7360e-001 +7.4960e-001
804 +1.247366299e-008 +1.247366299e-008 +4.659700000e+002 +4.659700000e+002 -1.9111e+000 -2.7360e-001 +7.4960e-001
810 +3.453862973e-009 +3.453862973e-009 +4.659700000e+002 +4.659700000e+002 -1.9112e+000 -2.7360e-001 +7.4960e-001
1218 +0.000000000e+000 +0.000000000e+000 +4.659700000e+002 +4.659700000e+002 -1.9112e+000 -2.7360e-001 +7.4960e-001
% function evaluation | noise-free fitness - Fopt (2.574000000000e+001) | best noise-free fitness - Fopt | measured fitness | best measured fitness | x1 | x2...
1 +2.321592595e+007 +2.321592595e+007 +2.321595169e+007 +2.321595169e+007 -6.6464e-001 +2.6178e+000 -4.8725e+000
2 +1.603911013e+006 +1.603911013e+006 +1.603936753e+006 +1.603936753e+006 -4.5351e+000 +1.2795e+000 -1.1592e+000
23 +2.509442408e+005 +2.509442408e+005 +2.509699808e+005 +2.509699808e+005 -3.2244e+000 +2.3324e+000 -4.8071e-001
25 +1.691160976e+004 +1.691160976e+004 +1.693734976e+004 +1.693734976e+004 -2.5013e+000 -8.5547e-001 +1.2166e-001
51 +6.250870299e+003 +6.250870299e+003 +6.276610299e+003 +6.276610299e+003 +8.7779e+000 +2.9430e-001 +7.9238e-002
102 +3.290166139e+003 +3.290166139e+003 +3.315906139e+003 +3.315906139e+003 +1.2140e+001 +5.4964e-001 +6.0017e-002
106 +1.132798809e+003 +1.132798809e+003 +1.158538809e+003 +1.158538809e+003 +1.0683e+000 +1.9243e+000 -4.1549e-003
120 +5.760599664e+001 +5.760599664e+001 +8.334599664e+001 +8.334599664e+001 -5.9869e+000 +1.8296e+000 +3.3701e-002
217 +4.062894132e+001 +4.062894132e+001 +6.636894132e+001 +6.636894132e+001 +3.3880e+000 +1.9681e+000 +2.4152e-002
227 +2.264183705e+001 +2.264183705e+001 +4.838183705e+001 +4.838183705e+001 +3.8332e+000 +1.8857e+000 +2.7935e-002
251 +7.921485587e+000 +7.921485587e+000 +3.366148559e+001 +3.366148559e+001 -2.9468e+000 +1.9614e+000 +2.7691e-002
272 +5.583688593e+000 +5.583688593e+000 +3.132368859e+001 +3.132368859e+001 -1.5759e+000 +1.9584e+000 +2.9237e-002
274 +5.325641214e+000 +5.325641214e+000 +3.106564121e+001 +3.106564121e+001 -2.0882e+000 +1.9594e+000 +2.8437e-002
276 +5.225020255e+000 +5.225020255e+000 +3.096502026e+001 +3.096502026e+001 -8.5141e-001 +1.9660e+000 +2.9031e-002
285 +3.849488064e+000 +3.849488064e+000 +2.958948806e+001 +2.958948806e+001 -1.1711e+000 +1.9569e+000 +2.7620e-002
333 +3.609947074e+000 +3.609947074e+000 +2.934994707e+001 +2.934994707e+001 -1.4624e+000 +1.9300e+000 +2.6444e-002
339 +9.440594766e-001 +9.440594766e-001 +2.668405948e+001 +2.668405948e+001 -8.9704e-001 +1.9182e+000 +2.8701e-002
348 +8.183074536e-001 +8.183074536e-001 +2.655830745e+001 +2.655830745e+001 -1.0453e+000 +1.9220e+000 +2.8284e-002
386 +7.097102066e-001 +7.097102066e-001 +2.644971021e+001 +2.644971021e+001 -1.4630e+000 +1.9168e+000 +2.7714e-002
417 +1.253677886e-001 +1.253677886e-001 +2.586536779e+001 +2.586536779e+001 -1.0738e+000 +1.8878e+000 +2.7791e-002
430 +3.726709416e-002 +3.726709416e-002 +2.577726709e+001 +2.577726709e+001 -8.5832e-001 +1.8982e+000 +2.8161e-002
491 +2.514307155e-002 +2.514307155e-002 +2.576514307e+001 +2.576514307e+001 -8.9858e-001 +1.8991e+000 +2.8139e-002
509 +2.157312744e-002 +2.157312744e-002 +2.576157313e+001 +2.576157313e+001 -1.0662e+000 +1.8990e+000 +2.8014e-002
514 +8.961561997e-003 +8.961561997e-003 +2.574896156e+001 +2.574896156e+001 -9.8919e-001 +1.8996e+000 +2.7993e-002
581 +8.218655172e-003 +8.218655172e-003 +2.574821866e+001 +2.574821866e+001 -9.6408e-001 +1.8991e+000 +2.8041e-002
612 +7.733279567e-003 +7.733279567e-003 +2.574773328e+001 +2.574773328e+001 -9.4397e-001 +1.8976e+000 +2.7915e-002
620 +4.711241113e-003 +4.711241113e-003 +2.574471124e+001 +2.574471124e+001 -8.9816e-001 +1.8966e+000 +2.8043e-002
634 +4.114843563e-003 +4.114843563e-003 +2.574411484e+001 +2.574411484e+001 -1.0025e+000 +1.8966e+000 +2.8032e-002
650 +3.822635132e-003 +3.822635132e-003 +2.574382264e+001 +2.574382264e+001 -9.9297e-001 +1.8964e+000 +2.8035e-002
657 +2.659280092e-003 +2.659280092e-003 +2.574265928e+001 +2.574265928e+001 -9.6396e-001 +1.8979e+000 +2.8030e-002
677 +5.111487375e-004 +5.111487375e-004 +2.574051115e+001 +2.574051115e+001 -9.3264e-001 +1.8963e+000 +2.7996e-002
713 +4.562267178e-004 +4.562267178e-004 +2.574045623e+001 +2.574045623e+001 -9.2629e-001 +1.8965e+000 +2.8004e-002
731 +2.385824471e-004 +2.385824471e-004 +2.574023858e+001 +2.574023858e+001 -9.3052e-001 +1.8968e+000 +2.7996e-002
800 +1.321838965e-004 +1.321838965e-004 +2.574013218e+001 +2.574013218e+001 -9.4899e-001 +1.8970e+000 +2.8008e-002
812 +9.376770986e-005 +9.376770986e-005 +2.574009377e+001 +2.574009377e+001 -9.5197e-001 +1.8965e+000 +2.7999e-002
820 +3.053428334e-005 +3.053428334e-005 +2.574003053e+001 +2.574003053e+001 -9.4710e-001 +1.8967e+000 +2.8003e-002
837 +1.087084281e-005 +1.087084281e-005 +2.574001087e+001 +2.574001087e+001 -9.4668e-001 +1.8968e+000 +2.8003e-002
905 +7.459995825e-006 +7.459995825e-006 +2.574000746e+001 +2.574000746e+001 -9.4374e-001 +1.8969e+000 +2.7999e-002
936 +1.363213993e-006 +1.363213993e-006 +2.574000136e+001 +2.574000136e+001 -9.4570e-001 +1.8968e+000 +2.8000e-002
963 +1.266172145e-006 +1.266172145e-006 +2.574000127e+001 +2.574000127e+001 -9.4501e-001 +1.8968e+000 +2.7999e-002
985 +4.167555225e-007 +4.167555225e-007 +2.574000042e+001 +2.574000042e+001 -9.4499e-001 +1.8968e+000 +2.8000e-002
991 +2.928210527e-007 +2.928210527e-007 +2.574000029e+001 +2.574000029e+001 -9.4510e-001 +1.8968e+000 +2.8000e-002
1010 +6.486069992e-008 +6.486069992e-008 +2.574000006e+001 +2.574000006e+001 -9.4534e-001 +1.8968e+000 +2.8000e-002
1029 +4.743874982e-008 +4.743874982e-008 +2.574000005e+001 +2.574000005e+001 -9.4539e-001 +1.8968e+000 +2.8000e-002
1043 +4.080715144e-008 +4.080715144e-008 +2.574000004e+001 +2.574000004e+001 -9.4575e-001 +1.8968e+000 +2.8000e-002
1046 +2.629579043e-008 +2.629579043e-008 +2.574000003e+001 +2.574000003e+001 -9.4550e-001 +1.8968e+000 +2.8000e-002
1060 +4.804078912e-009 +4.804078912e-009 +2.574000000e+001 +2.574000000e+001 -9.4560e-001 +1.8968e+000 +2.8000e-002
1488 +0.000000000e+000 +0.000000000e+000 +2.574000000e+001 +2.574000000e+001 -9.4560e-001 +1.8968e+000 +2.8000e-002
% function evaluation | noise-free fitness - Fopt (4.167000000000e+001) | best noise-free fitness - Fopt | measured fitness | best measured fitness | x1 | x2...
1 +2.907797095e+007 +2.907797095e+007 +2.907801262e+007 +2.907801262e+007 +6.6327e+000 -9.6192e+000 -8.6028e+000
2 +1.075537427e+005 +1.075537427e+005 +1.075954127e+005 +1.075954127e+005 +3.1989e+000 -1.7823e+000 -3.2822e+000
8 +8.925885390e+004 +8.925885390e+004 +8.930052390e+004 +8.930052390e+004 +6.5240e+000 -3.8208e+000 -2.7946e+000
12 +4.814362808e+004 +4.814362808e+004 +4.818529808e+004 +4.818529808e+004 +2.2782e+000 -3.6343e+000 -2.9407e+000
18 +3.577383275e+004 +3.577383275e+004 +3.581550275e+004 +3.581550275e+004 +1.0470e+001 -2.7515e+000 -3.0336e+000
28 +2.319566010e+004 +2.319566010e+004 +2.323733010e+004 +2.323733010e+004 +1.2838e+000 -9.2921e-001 -2.9273e+000
68 +2.024873449e+004 +2.024873449e+004 +2.029040449e+004 +2.029040449e+004 -1.7174e+001 +1.2629e+000 -2.8726e+000
77 +6.839207105e+003 +6.839207105e+003 +6.880877105e+003 +6.880877105e+003 -2.7924e+001 +1.0195e+000 -3.0177e+000
80 +4.116793426e+003 +4.116793426e+003 +4.158463426e+003 +4.158463426e+003 +2.6011e+001 +1.7244e+000 -3.0157e+000
92 +2.326714869e+003 +2.326714869e+003 +2.368384869e+003 +2.368384869e+003 -1.0030e+001 +4.9562e+000 -3.0022e+000
98 +1.667367082e+003 +1.667367082e+003 +1.709037082e+003 +1.709037082e+003 -2.3455e+001 +3.8411e+000 -2.9677e+000
102 +7.057007010e+002 +7.057007010e+002 +7.473707010e+002 +7.473707010e+002 -1.6996e+001 +3.7522e+000 -2.9830e+000
198 +1.900089750e+001 +1.900089750e+001 +6.067089750e+001 +6.067089750e+001 -6.8664e-002 +3.4845e+000 -2.9955e+000
288 +1.569319616e+001 +1.569319616e+001 +5.736319616e+001 +5.736319616e+001 +1.6041e+000 +3.3323e+000 -2.9980e+000
307 +1.147571453e+001 +1.147571453e+001 +5.314571453e+001 +5.314571453e+001 +6.5612e+000 +3.4017e+000 -2.9972e+000
315 +2.318017745e+000 +2.318017745e+000 +4.398801774e+001 +4.398801774e+001 +4.9126e+000 +3.4273e+000 -2.9975e+000
328 +1.520109580e+000 +1.520109580e+000 +4.319010958e+001 +4.319010958e+001 +3.3559e+000 +3.4533e+000 -2.9965e+000
337 +8.116215303e-001 +8.116215303e-001 +4.248162153e+001 +4.248162153e+001 +3.8897e+000 +3.4217e+000 -2.9972e+000
384 +3.777955688e-001 +3.777955688e-001 +4.204779557e+001 +4.204779557e+001 +3.6963e+000 +3.4270e+000 -2.9974e+000
398 +1.752713125e-001 +1.752713125e-001 +4.184527131e+001 +4.184527131e+001 +3.8114e+000 +3.4465e+000 -2.9975e+000
407 +2.420230403e-002 +2.420230403e-002 +4.169420230e+001 +4.169420230e+001 +3.5040e+000 +3.4438e+000 -2.9975e+000
476 +1.241896129e-002 +1.241896129e-002 +4.168241896e+001 +4.168241896e+001 +3.4058e+000 +3.4416e+000 -2.9975e+000
488 +1.073292230e-002 +1.073292230e-002 +4.168073292e+001 +4.168073292e+001 +3.4572e+000 +3.4423e+000 -2.9975e+000
501 +9.810650770e-003 +9.810650770e-003 +4.167981065e+001 +4.167981065e+001 +3.4596e+000 +3.4419e+000 -2.9977e+000
507 +7.633179435e-003 +7.633179435e-003 +4.167763318e+001 +4.167763318e+001 +3.3835e+000 +3.4450e+000 -2.9976e+000
511 +3.401592671e-003 +3.401592671e-003 +4.167340159e+001 +4.167340159e+001 +3.4479e+000 +3.4428e+000 -2.9976e+000
520 +2.025766574e-003 +2.025766574e-003 +4.167202577e+001 +4.167202577e+001 +3.4375e+000 +3.4425e+000 -2.9976e+000
528 +1.610057368e-003 +1.610057368e-003 +4.167161006e+001 +4.167161006e+001 +3.4480e+000 +3.4430e+000 -2.9976e+000
529 +1.507715107e-003 +1.507715107e-003 +4.167150772e+001 +4.167150772e+001 +3.3918e+000 +3.4421e+000 -2.9976e+000
541 +7.668858202e-004 +7.668858202e-004 +4.167076689e+001 +4.167076689e+001 +3.4186e+000 +3.4425e+000 -2.9976e+000
549 +3.150007803e-004 +3.150007803e-004 +4.167031500e+001 +4.167031500e+001 +3.4071e+000 +3.4425e+000 -2.9976e+000
556 +1.927221690e-004 +1.927221690e-004 +4.167019272e+001 +4.167019272e+001 +3.4107e+000 +3.4425e+000 -2.9976e+000
558 +1.371050240e-004 +1.371050240e-004 +4.167013711e+001 +4.167013711e+001 +3.4082e+000 +3.4423e+000 -2.9976e+000
562 +1.089862519e-004 +1.089862519e-004 +4.167010899e+001 +4.167010899e+001 +3.4182e+000 +3.4423e+000 -2.9976e+000
563 +9.733998820e-005 +9.733998820e-005 +4.167009734e+001 +4.167009734e+001 +3.4160e+000 +3.4425e+000 -2.9976e+000
569 +9.061438195e-005 +9.061438195e-005 +4.167009061e+001 +4.167009061e+001 +3.4224e+000 +3.4424e+000 -2.9976e+000
579 +3.161688200e-005 +3.161688200e-005 +4.167003162e+001 +4.167003162e+001 +3.4188e+000 +3.4424e+000 -2.9976e+000
592 +2.593370753e-005 +2.593370753e-005 +4.167002593e+001 +4.167002593e+001 +3.4151e+000 +3.4424e+000 -2.9976e+000
612 +1.917262303e-006 +1.917262303e-006 +4.167000192e+001 +4.167000192e+001 +3.4136e+000 +3.4424e+000 -2.9976e+000
721 +1.487262338e-006 +1.487262338e-006 +4.167000149e+001 +4.167000149e+001 +3.4147e+000 +3.4424e+000 -2.9976e+000
744 +6.321736379e-007 +6.321736379e-007 +4.167000063e+001 +4.167000063e+001 +3.4142e+000 +3.4424e+000 -2.9976e+000
750 +6.041477505e-007 +6.041477505e-007 +4.167000060e+001 +4.167000060e+001 +3.4140e+000 +3.4424e+000 -2.9976e+000
753 +6.025065673e-007 +6.025065673e-007 +4.167000060e+001 +4.167000060e+001 +3.4138e+000 +3.4424e+000 -2.9976e+000
754 +3.635092938e-007 +3.635092938e-007 +4.167000036e+001 +4.167000036e+001 +3.4141e+000 +3.4424e+000 -2.9976e+000
776 +2.518072293e-007 +2.518072293e-007 +4.167000025e+001 +4.167000025e+001 +3.4138e+000 +3.4424e+000 -2.9976e+000
779 +1.050885956e-007 +1.050885956e-007 +4.167000011e+001 +4.167000011e+001 +3.4138e+000 +3.4424e+000 -2.9976e+000
785 +1.020570792e-007 +1.020570792e-007 +4.167000010e+001 +4.167000010e+001 +3.4136e+000 +3.4424e+000 -2.9976e+000
798 +1.299434871e-008 +1.299434871e-008 +4.167000001e+001 +4.167000001e+001 +3.4137e+000 +3.4424e+000 -2.9976e+000
909 +7.599751939e-009 +7.599751939e-009 +4.167000001e+001 +4.167000001e+001 +3.4136e+000 +3.4424e+000 -2.9976e+000
1313 +0.000000000e+000 +0.000000000e+000 +4.167000000e+001 +4.167000000e+001 +3.4136e+000 +3.4424e+000 -2.9976e+000
% function evaluation | noise-free fitness - Fopt (-1.909500000000e+002) | best noise-free fitness - Fopt | measured fitness | best measured fitness | x1 | x2...
1 +5.318570370e+006 +5.318570370e+006 +5.318379420e+006 +5.318379420e+006 +3.7224e-001 +1.9194e+000 -5.0409e+000
2 +9.208751069e+005 +9.208751069e+005 +9.206841569e+005 +9.206841569e+005 +1.3716e+000 -2.6524e-001 -1.7015e+000
13 +1.466940954e+003 +1.466940954e+003 +1.275990954e+003 +1.275990954e+003 +4.4530e-001 -1.7595e+000 -2.6908e+000
62 +9.604911927e+002 +9.604911927e+002 +7.695411927e+002 +7.695411927e+002 -3.0997e+000 -2.9857e+000 -2.6453e+000
83 +3.438757665e+002 +3.438757665e+002 +1.529257665e+002 +1.529257665e+002 -2.3935e+000 -3.1159e+000 -2.6609e+000
119 +2.276901145e+001 +2.276901145e+001 -1.681809886e+002 -1.681809886e+002 -2.3951e+000 -2.6800e+000 -2.6790e+000
126 +6.600382822e+000 +6.600382822e+000 -1.843496172e+002 -1.843496172e+002 -2.8747e+000 -2.8345e+000 -2.6751e+000
140 +1.571099823e+000 +1.571099823e+000 -1.893789002e+002 -1.893789002e+002 -3.6509e+000 -2.8506e+000 -2.6773e+000
145 +1.487038067e+000 +1.487038067e+000 -1.894629619e+002 -1.894629619e+002 -3.7148e+000 -2.8454e+000 -2.6777e+000
212 +1.389960633e+000 +1.389960633e+000 -1.895600394e+002 -1.895600394e+002 -3.7534e+000 -2.8306e+000 -2.6778e+000
214 +1.096518998e+000 +1.096518998e+000 -1.898534810e+002 -1.898534810e+002 -3.5951e+000 -2.8259e+000 -2.6780e+000
230 +9.739839062e-001 +9.739839062e-001 -1.899760161e+002 -1.899760161e+002 -3.6143e+000 -2.8284e+000 -2.6778e+000
235 +9.748368705e-002 +9.748368705e-002 -1.908525163e+002 -1.908525163e+002 -2.4800e+000 -2.8246e+000 -2.6774e+000
261 +5.363439181e-002 +5.363439181e-002 -1.908963656e+002 -1.908963656e+002 -2.7052e+000 -2.8267e+000 -2.6778e+000
271 +4.807840231e-002 +4.807840231e-002 -1.909019216e+002 -1.909019216e+002 -2.5438e+000 -2.8302e+000 -2.6778e+000
297 +1.403624848e-002 +1.403624848e-002 -1.909359638e+002 -1.909359638e+002 -2.6085e+000 -2.8284e+000 -2.6777e+000
343 +1.375324607e-002 +1.375324607e-002 -1.909362468e+002 -1.909362468e+002 -2.5800e+000 -2.8301e+000 -2.6777e+000
348 +5.331261723e-003 +5.331261723e-003 -1.909446687e+002 -1.909446687e+002 -2.5816e+000 -2.8309e+000 -2.6776e+000
364 +4.877160959e-003 +4.877160959e-003 -1.909451228e+002 -1.909451228e+002 -2.5764e+000 -2.8291e+000 -2.6776e+000
377 +4.726641120e-003 +4.726641120e-003 -1.909452734e+002 -1.909452734e+002 -2.5782e+000 -2.8302e+000 -2.6776e+000
386 +2.823948650e-003 +2.823948650e-003 -1.909471761e+002 -1.909471761e+002 -2.5978e+000 -2.8291e+000 -2.6776e+000
402 +1.124642629e-003 +1.124642629e-003 -1.909488754e+002 -1.909488754e+002 -2.6395e+000 -2.8295e+000 -2.6776e+000
409 +6.552401503e-004 +6.552401503e-004 -1.909493448e+002 -1.909493448e+002 -2.6215e+000 -2.8292e+000 -2.6776e+000
423 +2.064573459e-004 +2.064573459e-004 -1.909497935e+002 -1.909497935e+002 -2.6464e+000 -2.8297e+000 -2.6776e+000
493 +2.035978303e-004 +2.035978303e-004 -1.909497964e+002 -1.909497964e+002 -2.6372e+000 -2.8297e+000 -2.6776e+000
496 +1.923043101e-004 +1.923043101e-004 -1.909498077e+002 -1.909498077e+002 -2.6338e+000 -2.8298e+000 -2.6776e+000
508 +9.156227452e-005 +9.156227452e-005 -1.909499084e+002 -1.909499084e+002 -2.6368e+000 -2.8296e+000 -2.6776e+000
549 +6.186233486e-005 +6.186233486e-005 -1.909499381e+002 -1.909499381e+002 -2.6482e+000 -2.8297e+000 -2.6776e+000
551 +5.484011277e-005 +5.484011277e-005 -1.909499452e+002 -1.909499452e+002 -2.6452e+000 -2.8295e+000 -2.6776e+000
561 +1.315926943e-005 +1.315926943e-005 -1.909499868e+002 -1.909499868e+002 -2.6458e+000 -2.8296e+000 -2.6776e+000
569 +2.905885651e-006 +2.905885651e-006 -1.909499971e+002 -1.909499971e+002 -2.6428e+000 -2.8296e+000 -2.6776e+000
579 +6.825877676e-007 +6.825877676e-007 -1.909499993e+002 -1.909499993e+002 -2.6427e+000 -2.8296e+000 -2.6776e+000
627 +1.649272576e-007 +1.649272576e-007 -1.909499998e+002 -1.909499998e+002 -2.6431e+000 -2.8296e+000 -2.6776e+000
694 +4.856465807e-008 +4.856465807e-008 -1.909500000e+002 -1.909500000e+002 -2.6433e+000 -2.8296e+000 -2.6776e+000
747 +2.555964329e-009 +2.555964329e-009 -1.909500000e+002 -1.909500000e+002 -2.6432e+000 -2.8296e+000 -2.6776e+000
1163 +0.000000000e+000 +0.000000000e+000 -1.909500000e+002 -1.909500000e+002 -2.6432e+000 -2.8296e+000 -2.6776e+000
% function evaluation | noise-free fitness - Fopt (1.370000000000e+000) | best noise-free fitness - Fopt | measured fitness | best measured fitness | x1 | x2...
1 +4.904132562e+007 +4.904132562e+007 +4.904132699e+007 +4.904132699e+007 -9.3167e+000 +3.4544e+000 -3.5051e+000
2 +4.581855840e+007 +4.581855840e+007 +4.581855977e+007 +4.581855977e+007 -2.1685e+000 -2.5334e+000 -3.2847e+000
3 +1.809313383e+007 +1.809313383e+007 +1.809313520e+007 +1.809313520e+007 -4.6225e+000 +1.4000e+000 -3.6930e-001
7 +1.512939058e+007 +1.512939058e+007 +1.512939195e+007 +1.512939195e+007 +5.5852e+000 +3.4237e+000 -2.8437e-005
14 +1.307922119e+007 +1.307922119e+007 +1.307922256e+007 +1.307922256e+007 +3.1144e+000 +6.5365e+000 +2.5981e-001
17 +3.565241872e+006 +3.565241872e+006 +3.565243242e+006 +3.565243242e+006 +1.3233e+001 +5.4735e+000 +2.0717e+000
22 +2.356443360e+004 +2.356443360e+004 +2.356580360e+004 +2.356580360e+004 -6.9259e+000 -2.8733e+000 +3.9018e+000
61 +2.859284014e+003 +2.859284014e+003 +2.860654014e+003 +2.860654014e+003 +1.2763e+001 +1.1666e+000 +3.8359e+000
127 +7.240418437e+002 +7.240418437e+002 +7.254118437e+002 +7.254118437e+002 +2.1257e+001 +2.2212e+000 +3.8602e+000
149 +5.493140429e+002 +5.493140429e+002 +5.506840429e+002 +5.506840429e+002 +1.5450e+001 +2.5792e+000 +3.8780e+000
156 +5.097666791e+002 +5.097666791e+002 +5.111366791e+002 +5.111366791e+002 +1.2899e+001 +2.5670e+000 +3.8727e+000
161 +2.990876258e+002 +2.990876258e+002 +3.004576258e+002 +3.004576258e+002 +1.5598e+001 +2.2569e+000 +3.8889e+000
198 +1.737520900e+002 +1.737520900e+002 +1.751220900e+002 +1.751220900e+002 +1.4218e+001 +1.7286e+000 +3.8830e+000
204 +7.663585417e+001 +7.663585417e+001 +7.800585417e+001 +7.800585417e+001 +1.2341e+001 +1.9339e+000 +3.8783e+000
229 +6.582080447e+001 +6.582080447e+001 +6.719080447e+001 +6.719080447e+001 +1.1483e+001 +1.9699e+000 +3.8815e+000
242 +6.379746633e+001 +6.379746633e+001 +6.516746633e+001 +6.516746633e+001 +8.8135e+000 +1.9983e+000 +3.8865e+000
251 +7.239084649e+000 +7.239084649e+000 +8.609084649e+000 +8.609084649e+000 +3.6845e+000 +2.0019e+000 +3.8829e+000
274 +6.857767792e+000 +6.857767792e+000 +8.227767792e+000 +8.227767792e+000 +6.0335e+000 +2.0197e+000 +3.8800e+000
296 +6.730734882e+000 +6.730734882e+000 +8.100734882e+000 +8.100734882e+000 +3.5216e+000 +2.0673e+000 +3.8815e+000
297 +1.264184649e+000 +1.264184649e+000 +2.634184649e+000 +2.634184649e+000 +4.1244e+000 +2.0278e+000 +3.8802e+000
304 +5.314219966e-001 +5.314219966e-001 +1.901421997e+000 +1.901421997e+000 +3.7538e+000 +1.9799e+000 +3.8794e+000
329 +1.946086292e-001 +1.946086292e-001 +1.564608629e+000 +1.564608629e+000 +3.3868e+000 +1.9988e+000 +3.8798e+000
346 +1.582067251e-001 +1.582067251e-001 +1.528206725e+000 +1.528206725e+000 +4.0160e+000 +1.9861e+000 +3.8798e+000
347 +5.849777167e-002 +5.849777167e-002 +1.428497772e+000 +1.428497772e+000 +3.6088e+000 +1.9930e+000 +3.8798e+000
348 +4.428537140e-002 +4.428537140e-002 +1.414285371e+000 +1.414285371e+000 +3.8082e+000 +1.9919e+000 +3.8798e+000
366 +8.296254771e-003 +8.296254771e-003 +1.378296255e+000 +1.378296255e+000 +3.6824e+000 +1.9919e+000 +3.8801e+000
387 +7.449686323e-003 +7.449686323e-003 +1.377449686e+000 +1.377449686e+000 +3.7295e+000 +1.9941e+000 +3.8800e+000
392 +5.398092130e-003 +5.398092130e-003 +1.375398092e+000 +1.375398092e+000 +3.7552e+000 +1.9933e+000 +3.8801e+000
409 +3.899614015e-003 +3.899614015e-003 +1.373899614e+000 +1.373899614e+000 +3.6910e+000 +1.9933e+000 +3.8800e+000
427 +1.523151184e-003 +1.523151184e-003 +1.371523151e+000 +1.371523151e+000 +3.7285e+000 +1.9931e+000 +3.8800e+000
444 +7.620576703e-004 +7.620576703e-004 +1.370762058e+000 +1.370762058e+000 +3.7113e+000 +1.9926e+000 +3.8800e+000
447 +2.647900262e-004 +2.647900262e-004 +1.370264790e+000 +1.370264790e+000 +3.7263e+000 +1.9921e+000 +3.8800e+000
449 +1.377233659e-004 +1.377233659e-004 +1.370137723e+000 +1.370137723e+000 +3.7185e+000 +1.9923e+000 +3.8800e+000
478 +9.843007942e-005 +9.843007942e-005 +1.370098430e+000 +1.370098430e+000 +3.7292e+000 +1.9921e+000 +3.8800e+000
499 +2.771859522e-005 +2.771859522e-005 +1.370027719e+000 +1.370027719e+000 +3.7177e+000 +1.9919e+000 +3.8800e+000
544 +7.856565590e-006 +7.856565590e-006 +1.370007857e+000 +1.370007857e+000 +3.7200e+000 +1.9921e+000 +3.8800e+000
551 +3.135726486e-006 +3.135726486e-006 +1.370003136e+000 +1.370003136e+000 +3.7226e+000 +1.9920e+000 +3.8800e+000
594 +1.618688350e-006 +1.618688350e-006 +1.370001619e+000 +1.370001619e+000 +3.7220e+000 +1.9920e+000 +3.8800e+000
622 +3.445682044e-007 +3.445682044e-007 +1.370000345e+000 +1.370000345e+000 +3.7215e+000 +1.9920e+000 +3.8800e+000
648 +3.152758015e-007 +3.152758015e-007 +1.370000315e+000 +1.370000315e+000 +3.7218e+000 +1.9920e+000 +3.8800e+000
650 +1.885497425e-007 +1.885497425e-007 +1.370000189e+000 +1.370000189e+000 +3.7216e+000 +1.9920e+000 +3.8800e+000
655 +5.299679917e-008 +5.299679917e-008 +1.370000053e+000 +1.370000053e+000 +3.7218e+000 +1.9920e+000 +3.8800e+000
662 +3.138870275e-008 +3.138870275e-008 +1.370000031e+000 +1.370000031e+000 +3.7217e+000 +1.9920e+000 +3.8800e+000
715 +2.000513399e-008 +2.000513399e-008 +1.370000020e+000 +1.370000020e+000 +3.7217e+000 +1.9920e+000 +3.8800e+000
721 +1.370298541e-008 +1.370298541e-008 +1.370000014e+000 +1.370000014e+000 +3.7216e+000 +1.9920e+000 +3.8800e+000
739 +5.987246254e-009 +5.987246254e-009 +1.370000006e+000 +1.370000006e+000 +3.7216e+000 +1.9920e+000 +3.8800e+000
1263 +0.000000000e+000 +0.000000000e+000 +1.370000000e+000 +1.370000000e+000 +3.7216e+000 +1.9920e+000 +3.8800e+000
% function evaluation | noise-free fitness - Fopt (-1.645800000000e+002) | best noise-free fitness - Fopt | measured fitness | best measured fitness | x1 | x2...
1 +2.830691661e+006 +2.830691661e+006 +2.830527081e+006 +2.830527081e+006 -3.5350e+000 -1.6114e+000 -4.2900e+000
8 +1.864317784e+006 +1.864317784e+006 +1.864153204e+006 +1.864153204e+006 -8.4549e-001 -5.7078e+000 -3.9915e+000
20 +8.377624361e+005 +8.377624361e+005 +8.375978561e+005 +8.375978561e+005 +1.1221e+001 -1.2863e+001 -3.5880e+000
22 +4.092753570e+005 +4.092753570e+005 +4.091107770e+005 +4.091107770e+005 -4.3194e+000 -9.1993e+000 -3.3481e+000
39 +2.860931926e+004 +2.860931926e+004 +2.844473926e+004 +2.844473926e+004 +2.4389e+000 -5.4826e+000 -2.7696e+000
93 +1.933600488e+004 +1.933600488e+004 +1.917142488e+004 +1.917142488e+004 +1.3773e+001 -3.9245e+000 -2.6709e+000
107 +7.072704734e+003 +7.072704734e+003 +6.908124734e+003 +6.908124734e+003 +8.0272e+000 -2.1445e+000 -2.7877e+000
115 +3.107210969e+003 +3.107210969e+003 +2.942630969e+003 +2.942630969e+003 +1.0583e+001 -1.5707e+000 -2.7242e+000
125 +2.652229565e+003 +2.652229565e+003 +2.487649565e+003 +2.487649565e+003 +8.4664e+000 -1.5040e+000 -2.7413e+000
126 +1.543404614e+003 +1.543404614e+003 +1.378824614e+003 +1.378824614e+003 +1.1834e+001 +5.8723e-001 -2.7073e+000
134 +4.523647887e+002 +4.523647887e+002 +2.877847887e+002 +2.877847887e+002 +6.1435e+000 -3.4928e-001 -2.7203e+000
148 +2.450824599e+002 +2.450824599e+002 +8.050245989e+001 +8.050245989e+001 +1.1035e+001 -3.4706e-001 -2.7373e+000
196 +1.328706142e+002 +1.328706142e+002 -3.170938578e+001 -3.170938578e+001 +9.9629e+000 -4.2226e-002 -2.7330e+000
227 +3.707960632e+001 +3.707960632e+001 -1.275003937e+002 -1.275003937e+002 +6.7237e-001 -1.4585e-001 -2.7340e+000
277 +1.320146358e+001 +1.320146358e+001 -1.513785364e+002 -1.513785364e+002 -3.2884e+000 +1.5266e-002 -2.7406e+000
296 +2.507462795e+000 +2.507462795e+000 -1.620725372e+002 -1.620725372e+002 -1.7839e+000 -4.2956e-002 -2.7372e+000
361 +1.172874532e+000 +1.172874532e+000 -1.634071255e+002 -1.634071255e+002 -1.0898e+000 -3.3178e-002 -2.7395e+000
366 +5.460851874e-001 +5.460851874e-001 -1.640339148e+002 -1.640339148e+002 -8.3031e-001 -1.9392e-002 -2.7389e+000
470 +4.946860392e-001 +4.946860392e-001 -1.640853140e+002 -1.640853140e+002 -1.5648e+000 -3.0957e-002 -2.7385e+000
471 +3.967292497e-001 +3.967292497e-001 -1.641832708e+002 -1.641832708e+002 -1.3830e+000 -3.1342e-002 -2.7387e+000
516 +3.502810199e-001 +3.502810199e-001 -1.642297190e+002 -1.642297190e+002 -1.2839e+000 -3.4712e-002 -2.7388e+000
528 +3.282429252e-001 +3.282429252e-001 -1.642517571e+002 -1.642517571e+002 -1.3952e+000 -3.2945e-002 -2.7382e+000
533 +3.165390346e-001 +3.165390346e-001 -1.642634610e+002 -1.642634610e+002 -1.3864e+000 -3.3041e-002 -2.7385e+000
541 +3.088296066e-001 +3.088296066e-001 -1.642711704e+002 -1.642711704e+002 -1.3967e+000 -3.5520e-002 -2.7383e+000
548 +2.899429284e-001 +2.899429284e-001 -1.642900571e+002 -1.642900571e+002 -1.3768e+000 -3.3134e-002 -2.7384e+000
576 +2.861809252e-001 +2.861809252e-001 -1.642938191e+002 -1.642938191e+002 -1.3712e+000 -3.4166e-002 -2.7385e+000
587 +2.800795180e-001 +2.800795180e-001 -1.642999205e+002 -1.642999205e+002 -1.3668e+000 -3.4036e-002 -2.7384e+000
590 +2.638497067e-001 +2.638497067e-001 -1.643161503e+002 -1.643161503e+002 -1.3336e+000 -3.5152e-002 -2.7383e+000
605 +2.175074287e-001 +2.175074287e-001 -1.643624926e+002 -1.643624926e+002 -1.2723e+000 -3.4033e-002 -2.7385e+000
639 +1.606474955e-001 +1.606474955e-001 -1.644193525e+002 -1.644193525e+002 -1.1486e+000 -3.4936e-002 -2.7382e+000
646 +1.271679482e-001 +1.271679482e-001 -1.644528321e+002 -1.644528321e+002 -1.1102e+000 -3.5031e-002 -2.7382e+000
661 +1.027785148e-001 +1.027785148e-001 -1.644772215e+002 -1.644772215e+002 -1.1314e+000 -3.5274e-002 -2.7383e+000
667 +9.579362494e-002 +9.579362494e-002 -1.644842064e+002 -1.644842064e+002 -1.0292e+000 -3.4080e-002 -2.7382e+000
677 +6.322972900e-002 +6.322972900e-002 -1.645167703e+002 -1.645167703e+002 -1.0694e+000 -3.4936e-002 -2.7384e+000
686 +2.457350521e-002 +2.457350521e-002 -1.645554265e+002 -1.645554265e+002 -7.7743e-001 -3.1742e-002 -2.7384e+000
694 +6.811204227e-003 +6.811204227e-003 -1.645731888e+002 -1.645731888e+002 -9.0968e-001 -3.5397e-002 -2.7384e+000
707 +5.997568224e-003 +5.997568224e-003 -1.645740024e+002 -1.645740024e+002 -8.9391e-001 -3.4680e-002 -2.7384e+000
709 +1.809436716e-003 +1.809436716e-003 -1.645781906e+002 -1.645781906e+002 -8.1876e-001 -3.6225e-002 -2.7384e+000
737 +3.641871413e-004 +3.641871413e-004 -1.645796358e+002 -1.645796358e+002 -8.0986e-001 -3.6240e-002 -2.7384e+000
754 +3.226426601e-004 +3.226426601e-004 -1.645796774e+002 -1.645796774e+002 -8.0531e-001 -3.6227e-002 -2.7384e+000
758 +3.007517851e-004 +3.007517851e-004 -1.645796992e+002 -1.645796992e+002 -8.1492e-001 -3.6277e-002 -2.7384e+000
769 +2.001415430e-004 +2.001415430e-004 -1.645797999e+002 -1.645797999e+002 -8.3087e-001 -3.6313e-002 -2.7384e+000
781 +8.149994954e-005 +8.149994954e-005 -1.645799185e+002 -1.645799185e+002 -8.3100e-001 -3.6039e-002 -2.7384e+000
782 +6.760140900e-005 +6.760140900e-005 -1.645799324e+002 -1.645799324e+002 -8.2352e-001 -3.5972e-002 -2.7384e+000
785 +1.384807030e-005 +1.384807030e-005 -1.645799862e+002 -1.645799862e+002 -8.2246e-001 -3.5976e-002 -2.7384e+000
845 +1.356059252e-005 +1.356059252e-005 -1.645799864e+002 -1.645799864e+002 -8.2344e-001 -3.5894e-002 -2.7384e+000
847 +1.206098372e-005 +1.206098372e-005 -1.645799879e+002 -1.645799879e+002 -8.2131e-001 -3.6088e-002 -2.7384e+000
862 +1.796036770e-006 +1.796036770e-006 -1.645799982e+002 -1.645799982e+002 -8.2143e-001 -3.6013e-002 -2.7384e+000
886 +4.461957985e-007 +4.461957985e-007 -1.645799996e+002 -1.645799996e+002 -8.2246e-001 -3.6020e-002 -2.7384e+000
917 +1.417923272e-007 +1.417923272e-007 -1.645799999e+002 -1.645799999e+002 -8.2234e-001 -3.5988e-002 -2.7384e+000
924 +1.758675694e-008 +1.758675694e-008 -1.645800000e+002 -1.645800000e+002 -8.2233e-001 -3.6004e-002 -2.7384e+000
948 +7.753953923e-009 +7.753953923e-009 -1.645800000e+002 -1.645800000e+002 -8.2238e-001 -3.6001e-002 -2.7384e+000
1458 +0.000000000e+000 +0.000000000e+000 -1.645800000e+002 -1.645800000e+002 -8.2240e-001 -3.6000e-002 -2.7384e+000
% function evaluation | noise-free fitness - Fopt (-1.803800000000e+002) | best noise-free fitness - Fopt | measured fitness | best measured fitness | x1 | x2...
1 +2.197221950e+007 +2.197221950e+007 +2.197203912e+007 +2.197203912e+007 -1.3837e+001 -2.7190e+000 -2.1336e+000
2 +2.095509544e+007 +2.095509544e+007 +2.095491506e+007 +2.095491506e+007 -7.7397e+000 -2.5196e+000 -2.0038e+000
5 +1.062566238e+007 +1.062566238e+007 +1.062548200e+007 +1.062548200e+007 -3.1718e+000 -3.1714e+000 -6.9150e-001
14 +5.959769753e+005 +5.959769753e+005 +5.957965953e+005 +5.957965953e+005 -1.0439e+001 -8.9320e+000 +3.1922e+000
34 +2.092620344e+005 +2.092620344e+005 +2.090816544e+005 +2.090816544e+005 -5.8575e+000 -4.8771e+000 +3.0013e+000
38 +1.613189522e+005 +1.613189522e+005 +1.611385722e+005 +1.611385722e+005 -1.0504e+001 -7.0450e+000 +2.4176e+000
58 +1.871708134e+004 +1.871708134e+004 +1.853670134e+004 +1.853670134e+004 -2.6632e+001 +1.3938e+000 +2.4868e+000
101 +7.607802059e+003 +7.607802059e+003 +7.427422059e+003 +7.427422059e+003 -1.3882e+001 +5.5252e+000 +2.6540e+000
129 +6.766053415e+003 +6.766053415e+003 +6.585673415e+003 +6.585673415e+003 -2.0244e+001 +8.3534e-001 +2.6042e+000
132 +5.929644970e+003 +5.929644970e+003 +5.749264970e+003 +5.749264970e+003 -1.9893e+001 +3.8461e+000 +2.5216e+000
137 +3.987596097e+003 +3.987596097e+003 +3.807216097e+003 +3.807216097e+003 +1.3746e+001 +3.9231e+000 +2.6587e+000
174 +8.552103710e+002 +8.552103710e+002 +6.748303710e+002 +6.748303710e+002 -2.0527e+001 +3.6575e+000 +2.5803e+000
192 +4.725878136e+002 +4.725878136e+002 +2.922078136e+002 +2.922078136e+002 -2.0828e+001 +3.8563e+000 +2.5987e+000
218 +4.671044979e+002 +4.671044979e+002 +2.867244979e+002 +2.867244979e+002 +5.7158e+000 +3.6752e+000 +2.5849e+000
262 +3.935214551e+002 +3.935214551e+002 +2.131414551e+002 +2.131414551e+002 -7.3431e+000 +3.3820e+000 +2.5838e+000
269 +2.312273545e+002 +2.312273545e+002 +5.084735449e+001 +5.084735449e+001 -6.8404e+000 +3.8786e+000 +2.5941e+000
278 +1.358721489e+002 +1.358721489e+002 -4.450785108e+001 -4.450785108e+001 +5.3943e+000 +3.3294e+000 +2.5968e+000
307 +5.095156222e+001 +5.095156222e+001 -1.294284378e+002 -1.294284378e+002 -1.1315e+000 +3.5408e+000 +2.5969e+000
311 +4.282654660e+001 +4.282654660e+001 -1.375534534e+002 -1.375534534e+002 -9.1153e+000 +3.3410e+000 +2.6023e+000
327 +1.019580399e+001 +1.019580399e+001 -1.701841960e+002 -1.701841960e+002 -5.2716e+000 +3.3747e+000 +2.6022e+000
356 +9.101721705e+000 +9.101721705e+000 -1.712782783e+002 -1.712782783e+002 -6.2659e+000 +3.5221e+000 +2.6036e+000
362 +5.615467302e+000 +5.615467302e+000 -1.747645327e+002 -1.747645327e+002 -6.0773e+000 +3.4416e+000 +2.6025e+000
383 +3.149207347e+000 +3.149207347e+000 -1.772307927e+002 -1.772307927e+002 -5.4605e+000 +3.4492e+000 +2.6033e+000
395 +5.911381417e-001 +5.911381417e-001 -1.797888619e+002 -1.797888619e+002 -3.1467e+000 +3.4737e+000 +2.6032e+000
410 +4.549922646e-001 +4.549922646e-001 -1.799250077e+002 -1.799250077e+002 -4.4353e+000 +3.4734e+000 +2.6035e+000
413 +1.124205727e-001 +1.124205727e-001 -1.802675794e+002 -1.802675794e+002 -4.1366e+000 +3.4677e+000 +2.6034e+000
418 +9.538548158e-002 +9.538548158e-002 -1.802846145e+002 -1.802846145e+002 -4.0954e+000 +3.4631e+000 +2.6034e+000
424 +3.894878136e-002 +3.894878136e-002 -1.803410512e+002 -1.803410512e+002 -4.0308e+000 +3.4610e+000 +2.6032e+000
456 +3.130510316e-002 +3.130510316e-002 -1.803486949e+002 -1.803486949e+002 -4.0260e+000 +3.4619e+000 +2.6031e+000
461 +1.245903032e-002 +1.245903032e-002 -1.803675410e+002 -1.803675410e+002 -3.9514e+000 +3.4620e+000 +2.6032e+000
472 +6.374870295e-003 +6.374870295e-003 -1.803736251e+002 -1.803736251e+002 -3.8813e+000 +3.4628e+000 +2.6032e+000
513 +5.597853987e-003 +5.597853987e-003 -1.803744021e+002 -1.803744021e+002 -3.9064e+000 +3.4629e+000 +2.6032e+000
537 +3.820146787e-003 +3.820146787e-003 -1.803761799e+002 -1.803761799e+002 -3.8993e+000 +3.4629e+000 +2.6032e+000
551 +3.206443424e-003 +3.206443424e-003 -1.803767936e+002 -1.803767936e+002 -3.8824e+000 +3.4631e+000 +2.6032e+000
565 +1.602473316e-003 +1.602473316e-003 -1.803783975e+002 -1.803783975e+002 -3.8941e+000 +3.4636e+000 +2.6032e+000
573 +5.502221088e-004 +5.502221088e-004 -1.803794498e+002 -1.803794498e+002 -3.8959e+000 +3.4645e+000 +2.6032e+000
586 +3.949749029e-005 +3.949749029e-005 -1.803799605e+002 -1.803799605e+002 -3.8945e+000 +3.4646e+000 +2.6032e+000
605 +1.968116783e-005 +1.968116783e-005 -1.803799803e+002 -1.803799803e+002 -3.8897e+000 +3.4648e+000 +2.6032e+000
616 +1.464522012e-005 +1.464522012e-005 -1.803799854e+002 -1.803799854e+002 -3.8928e+000 +3.4649e+000 +2.6032e+000
640 +8.537369382e-006 +8.537369382e-006 -1.803799915e+002 -1.803799915e+002 -3.8926e+000 +3.4648e+000 +2.6032e+000
643 +5.643831656e-006 +5.643831656e-006 -1.803799944e+002 -1.803799944e+002 -3.8923e+000 +3.4648e+000 +2.6032e+000
651 +2.090458253e-006 +2.090458253e-006 -1.803799979e+002 -1.803799979e+002 -3.8923e+000 +3.4648e+000 +2.6032e+000
662 +7.787976131e-007 +7.787976131e-007 -1.803799992e+002 -1.803799992e+002 -3.8921e+000 +3.4648e+000 +2.6032e+000
668 +3.762953327e-007 +3.762953327e-007 -1.803799996e+002 -1.803799996e+002 -3.8923e+000 +3.4648e+000 +2.6032e+000
681 +3.545133609e-007 +3.545133609e-007 -1.803799996e+002 -1.803799996e+002 -3.8923e+000 +3.4648e+000 +2.6032e+000
716 +3.155241757e-007 +3.155241757e-007 -1.803799997e+002 -1.803799997e+002 -3.8923e+000 +3.4648e+000 +2.6032e+000
722 +2.836883652e-007 +2.836883652e-007 -1.803799997e+002 -1.803799997e+002 -3.8923e+000 +3.4648e+000 +2.6032e+000
729 +2.351551416e-007 +2.351551416e-007 -1.803799998e+002 -1.803799998e+002 -3.8923e+000 +3.4648e+000 +2.6032e+000
736 +5.338563369e-008 +5.338563369e-008 -1.803799999e+002 -1.803799999e+002 -3.8926e+000 +3.4648e+000 +2.6032e+000
753 +4.808691756e-008 +4.808691756e-008 -1.803800000e+002 -1.803800000e+002 -3.8926e+000 +3.4648e+000 +2.6032e+000
767 +2.478930128e-008 +2.478930128e-008 -1.803800000e+002 -1.803800000e+002 -3.8928e+000 +3.4648e+000 +2.6032e+000
776 +2.131139354e-008 +2.131139354e-008 -1.803800000e+002 -1.803800000e+002 -3.8929e+000 +3.4648e+000 +2.6032e+000
796 +2.036713909e-008 +2.036713909e-008 -1.803800000e+002 -1.803800000e+002 -3.8928e+000 +3.4648e+000 +2.6032e+000
805 +7.728061746e-009 +7.728061746e-009 -1.803800000e+002 -1.803800000e+002 -3.8928e+000 +3.4648e+000 +2.6032e+000
1104 +0.000000000e+000 +0.000000000e+000 -1.803800000e+002 -1.803800000e+002 -3.8928e+000 +3.4648e+000 +2.6032e+000
