% function evaluation | noise-free fitness - Fopt (-2.098800000000e+002) | best noise-free fitness - Fopt | measured fitness | best measured fitness | x1 | x2...
1 +2.127270788e+006 +2.127270788e+006 +2.127060908e+006 +2.127060908e+006 -5.6658e+000 +2.0011e+000
5 +1.941867084e+006 +1.941867084e+006 +1.941657204e+006 +1.941657204e+006 +8.4236e-001 +1.7558e+000
11 +1.385142247e+006 +1.385142247e+006 +1.384932367e+006 +1.384932367e+006 +4.1916e+000 +1.5439e+000
14 +1.511504568e+005 +1.511504568e+005 +1.509405768e+005 +1.509405768e+005 -2.7987e+000 +7.1913e-002
25 +2.176074819e+004 +2.176074819e+004 +2.155086819e+004 +2.155086819e+004 -1.0584e+000 +6.0067e-001
55 +1.233206232e+004 +1.233206232e+004 +1.212218232e+004 +1.212218232e+004 +2.3235e+000 +5.5148e-001
59 +3.495979539e+002 +3.495979539e+002 +1.397179539e+002 +1.397179539e+002 -1.7166e+001 +4.4503e-001
64 +2.987126846e+002 +2.987126846e+002 +8.883268455e+001 +8.883268455e+001 -4.7601e+000 +4.6497e-001
90 +2.599025823e+002 +2.599025823e+002 +5.002258233e+001 +5.002258233e+001 +2.5228e+000 +4.6460e-001
94 +6.386520318e+000 +6.386520318e+000 -2.034934797e+002 -2.034934797e+002 -1.0973e+000 +4.4683e-001
126 +4.780156889e-001 +4.780156889e-001 -2.094019843e+002 -2.094019843e+002 +1.1232e+000 +4.4731e-001
137 +1.902057196e-002 +1.902057196e-002 -2.098609794e+002 -2.098609794e+002 +1.3357e+000 +4.4795e-001
182 +1.660762631e-003 +1.660762631e-003 -2.098783392e+002 -2.098783392e+002 +1.2482e+000 +4.4801e-001
248 +7.001521668e-004 +7.001521668e-004 -2.098792998e+002 -2.098792998e+002 +1.1808e+000 +4.4800e-001
269 +4.913060526e-004 +4.913060526e-004 -2.098795087e+002 -2.098795087e+002 +1.2158e+000 +4.4798e-001
280 +4.622667354e-004 +4.622667354e-004 -2.098795377e+002 -2.098795377e+002 +1.2285e+000 +4.4800e-001
281 +6.893824636e-005 +6.893824636e-005 -2.098799311e+002 -2.098799311e+002 +1.2064e+000 +4.4799e-001
295 +5.645281436e-005 +5.645281436e-005 -2.098799435e+002 -2.098799435e+002 +1.2112e+000 +4.4801e-001
301 +6.962988266e-006 +6.962988266e-006 -2.098799930e+002 -2.098799930e+002 +1.2093e+000 +4.4800e-001
319 +9.367395535e-007 +9.367395535e-007 -2.098799991e+002 -2.098799991e+002 +1.2065e+000 +4.4800e-001
381 +3.591201789e-007 +3.591201789e-007 -2.098799996e+002 -2.098799996e+002 +1.2070e+000 +4.4800e-001
393 +5.863807928e-008 +5.863807928e-008 -2.098799999e+002 -2.098799999e+002 +1.2074e+000 +4.4800e-001
403 +5.747375553e-008 +5.747375553e-008 -2.098799999e+002 -2.098799999e+002 +1.2073e+000 +4.4800e-001
406 +4.752413929e-008 +4.752413929e-008 -2.098800000e+002 -2.098800000e+002 +1.2070e+000 +4.4800e-001
411 +4.889159300e-009 +4.889159300e-009 -2.098800000e+002 -2.098800000e+002 +1.2072e+000 +4.4800e-001
625 +0.000000000e+000 +0.000000000e+000 -2.098800000e+002 -2.098800000e+002 +1.2072e+000 +4.4800e-001
% function evaluation | noise-free fitness - Fopt (-9.209000000000e+001) | best noise-free fitness - Fopt | measured fitness | best measured fitness | x1 | x2...
1 +3.592172379e+007 +3.592172379e+007 +3.592163170e+007 +3.592163170e+007 -6.7872e-001 -3.7356e+000
4 +7.911265061e+006 +7.911265061e+006 +7.911172971e+006 +7.911172971e+006 -1.3817e+001 +5.3969e+000
5 +2.638045677e+006 +2.638045677e+006 +2.637953587e+006 +2.637953587e+006 +2.1259e+000 +1.1313e+000
9 +1.376529269e+006 +1.376529269e+006 +1.376437179e+006 +1.376437179e+006 +2.0301e+000 +1.5008e+000
10 +4.158156195e+005 +4.158156195e+005 +4.157235295e+005 +4.157235295e+005 +1.6323e+000 +1.9165e+000
15 +6.921601629e+004 +6.921601629e+004 +6.912392629e+004 +6.912392629e+004 +4.8790e+000 +2.3581e+000
19 +1.477523626e+004 +1.477523626e+004 +1.468314626e+004 +1.468314626e+004 +2.1717e+000 +2.5027e+000
24 +4.187265282e+003 +4.187265282e+003 +4.095175282e+003 +4.095175282e+003 +3.2549e+000 +2.6924e+000
38 +1.055041033e+002 +1.055041033e+002 +1.341410334e+001 +1.341410334e+001 +3.6574e+000 +2.6314e+000
78 +2.936039577e+001 +2.936039577e+001 -6.272960423e+001 -6.272960423e+001 +1.1268e+000 +2.6273e+000
91 +2.080433576e+001 +2.080433576e+001 -7.128566424e+001 -7.128566424e+001 +4.4383e+000 +2.6188e+000
93 +6.845874565e+000 +6.845874565e+000 -8.524412543e+001 -8.524412543e+001 +3.0171e+000 +2.6206e+000
99 +5.641676892e+000 +5.641676892e+000 -8.644832311e+001 -8.644832311e+001 -6.9871e-001 +2.6198e+000
103 +1.275748654e-001 +1.275748654e-001 -9.196242513e+001 -9.196242513e+001 +5.7486e-001 +2.6213e+000
124 +1.479584049e-002 +1.479584049e-002 -9.207520416e+001 -9.207520416e+001 +8.4695e-001 +2.6216e+000
175 +1.471838639e-002 +1.471838639e-002 -9.207528161e+001 -9.207528161e+001 +8.4625e-001 +2.6216e+000
176 +9.658562130e-003 +9.658562130e-003 -9.208034144e+001 -9.208034144e+001 +8.1867e-001 +2.6216e+000
188 +8.694133036e-003 +8.694133036e-003 -9.208130587e+001 -9.208130587e+001 +7.9989e-001 +2.6215e+000
191 +3.448545798e-003 +3.448545798e-003 -9.208655145e+001 -9.208655145e+001 +7.5282e-001 +2.6216e+000
196 +6.716566685e-004 +6.716566685e-004 -9.208932834e+001 -9.208932834e+001 +7.2901e-001 +2.6216e+000
223 +3.338927187e-004 +3.338927187e-004 -9.208966611e+001 -9.208966611e+001 +7.4161e-001 +2.6216e+000
226 +3.229923373e-004 +3.229923373e-004 -9.208967701e+001 -9.208967701e+001 +7.3538e-001 +2.6216e+000
233 +2.088014729e-004 +2.088014729e-004 -9.208979120e+001 -9.208979120e+001 +7.3751e-001 +2.6216e+000
238 +9.854736764e-005 +9.854736764e-005 -9.208990145e+001 -9.208990145e+001 +7.2651e-001 +2.6216e+000
241 +5.449865426e-005 +5.449865426e-005 -9.208994550e+001 -9.208994550e+001 +7.2730e-001 +2.6216e+000
246 +4.869170381e-005 +4.869170381e-005 -9.208995131e+001 -9.208995131e+001 +7.3131e-001 +2.6216e+000
253 +2.429651727e-005 +2.429651727e-005 -9.208997570e+001 -9.208997570e+001 +7.2783e-001 +2.6216e+000
261 +2.315843481e-005 +2.315843481e-005 -9.208997684e+001 -9.208997684e+001 +7.2987e-001 +2.6216e+000
262 +1.708552394e-005 +1.708552394e-005 -9.208998291e+001 -9.208998291e+001 +7.2906e-001 +2.6216e+000
266 +6.643282347e-006 +6.643282347e-006 -9.208999336e+001 -9.208999336e+001 +7.2825e-001 +2.6216e+000
270 +1.395405505e-006 +1.395405505e-006 -9.208999860e+001 -9.208999860e+001 +7.2670e-001 +2.6216e+000
272 +5.819771332e-010 +5.819771332e-010 -9.209000000e+001 -9.209000000e+001 +7.2558e-001 +2.6216e+000
561 +0.000000000e+000 +0.000000000e+000 -9.209000000e+001 -9.209000000e+001 +7.2560e-001 +2.6216e+000
% function evaluation | noise-free fitness - Fopt (-8.789000000000e+001) | best noise-free fitness - Fopt | measured fitness | best measured fitness | x1 | x2...
1 +8.244425783e+007 +8.244425783e+007 +8.244416994e+007 +8.244416994e+007 +2.6903e+000 +1.3400e+001
2 +3.639292749e+006 +3.639292749e+006 +3.639204859e+006 +3.639204859e+006 +1.3797e-001 +1.8058e+000
3 +1.813118078e+006 +1.813118078e+006 +1.813030188e+006 +1.813030188e+006 -6.5022e-001 +4.8733e+000
5 +1.082811718e+005 +1.082811718e+005 +1.081932818e+005 +1.081932818e+005 -4.8333e+000 +3.3232e+000
12 +3.487719757e+004 +3.487719757e+004 +3.478930757e+004 +3.478930757e+004 +5.6438e-001 +3.8303e+000
15 +9.996740066e+002 +9.996740066e+002 +9.117840066e+002 +9.117840066e+002 -3.1522e+001 +3.6368e+000
26 +3.755523841e+002 +3.755523841e+002 +2.876623841e+002 +2.876623841e+002 -1.9198e+001 +3.6490e+000
146 +1.149225046e+001 +1.149225046e+001 -7.639774954e+001 -7.639774954e+001 +3.6590e+000 +3.6462e+000
212 +3.942828386e+000 +3.942828386e+000 -8.394717161e+001 -8.394717161e+001 +7.4260e-001 +3.6436e+000
278 +2.193163755e+000 +2.193163755e+000 -8.569683625e+001 -8.569683625e+001 -1.0670e+000 +3.6460e+000
283 +4.100516839e-001 +4.100516839e-001 -8.747994832e+001 -8.747994832e+001 -2.3203e-001 +3.6460e+000
327 +2.967355944e-001 +2.967355944e-001 -8.759326441e+001 -8.759326441e+001 +5.8659e-001 +3.6460e+000
333 +1.988037023e-001 +1.988037023e-001 -8.769119630e+001 -8.769119630e+001 +3.1807e-001 +3.6460e+000
340 +1.163361341e-001 +1.163361341e-001 -8.777366387e+001 -8.777366387e+001 +1.6358e-001 +3.6459e+000
354 +5.065873167e-002 +5.065873167e-002 -8.783934127e+001 -8.783934127e+001 +1.7190e-001 +3.6458e+000
375 +4.345595952e-002 +4.345595952e-002 -8.784654404e+001 -8.784654404e+001 +3.0206e-001 +3.6458e+000
376 +2.147172435e-002 +2.147172435e-002 -8.786852828e+001 -8.786852828e+001 +3.7908e-001 +3.6457e+000
386 +1.815306325e-002 +1.815306325e-002 -8.787184694e+001 -8.787184694e+001 +3.4356e-001 +3.6457e+000
391 +4.614607360e-003 +4.614607360e-003 -8.788538539e+001 -8.788538539e+001 +1.7967e-001 +3.6456e+000
392 +1.721445563e-003 +1.721445563e-003 -8.788827855e+001 -8.788827855e+001 +2.0056e-001 +3.6456e+000
402 +7.721237127e-004 +7.721237127e-004 -8.788922788e+001 -8.788922788e+001 +2.1200e-001 +3.6456e+000
405 +2.485897461e-004 +2.485897461e-004 -8.788975141e+001 -8.788975141e+001 +2.4297e-001 +3.6456e+000
418 +2.288225534e-004 +2.288225534e-004 -8.788977118e+001 -8.788977118e+001 +2.5099e-001 +3.6456e+000
423 +7.688359317e-005 +7.688359317e-005 -8.788992312e+001 -8.788992312e+001 +2.4105e-001 +3.6456e+000
427 +1.898308301e-005 +1.898308301e-005 -8.788998102e+001 -8.788998102e+001 +2.4046e-001 +3.6456e+000
439 +6.328493882e-006 +6.328493882e-006 -8.788999367e+001 -8.788999367e+001 +2.3969e-001 +3.6456e+000
522 +4.862637340e-006 +4.862637340e-006 -8.788999514e+001 -8.788999514e+001 +2.4122e-001 +3.6456e+000
532 +2.445651532e-006 +2.445651532e-006 -8.788999755e+001 -8.788999755e+001 +2.4039e-001 +3.6456e+000
535 +1.728698223e-006 +1.728698223e-006 -8.788999827e+001 -8.788999827e+001 +2.4019e-001 +3.6456e+000
546 +1.465534666e-006 +1.465534666e-006 -8.788999853e+001 -8.788999853e+001 +2.4034e-001 +3.6456e+000
551 +1.391767270e-006 +1.391767270e-006 -8.788999861e+001 -8.788999861e+001 +2.4024e-001 +3.6456e+000
553 +1.307029180e-006 +1.307029180e-006 -8.788999869e+001 -8.788999869e+001 +2.4026e-001 +3.6456e+000
558 +1.221666338e-006 +1.221666338e-006 -8.788999878e+001 -8.788999878e+001 +2.4019e-001 +3.6456e+000
561 +1.177308462e-006 +1.177308462e-006 -8.788999882e+001 -8.788999882e+001 +2.4017e-001 +3.6456e+000
563 +4.936793374e-007 +4.936793374e-007 -8.788999951e+001 -8.788999951e+001 +2.3991e-001 +3.6456e+000
602 +4.824653672e-007 +4.824653672e-007 -8.788999952e+001 -8.788999952e+001 +2.3990e-001 +3.6456e+000
635 +3.916786397e-007 +3.916786397e-007 -8.788999961e+001 -8.788999961e+001 +2.3978e-001 +3.6456e+000
638 +3.739379935e-007 +3.739379935e-007 -8.788999963e+001 -8.788999963e+001 +2.3974e-001 +3.6456e+000
642 +3.232848798e-007 +3.232848798e-007 -8.788999968e+001 -8.788999968e+001 +2.3971e-001 +3.6456e+000
651 +1.719499068e-007 +1.719499068e-007 -8.788999983e+001 -8.788999983e+001 +2.3954e-001 +3.6456e+000
662 +1.552849085e-007 +1.552849085e-007 -8.788999984e+001 -8.788999984e+001 +2.3950e-001 +3.6456e+000
663 +6.367403671e-008 +6.367403671e-008 -8.788999994e+001 -8.788999994e+001 +2.3906e-001 +3.6456e+000
664 +5.290520733e-008 +5.290520733e-008 -8.788999995e+001 -8.788999995e+001 +2.3941e-001 +3.6456e+000
665 +5.069442466e-008 +5.069442466e-008 -8.788999995e+001 -8.788999995e+001 +2.3926e-001 +3.6456e+000
671 +2.969898105e-009 +2.969898105e-009 -8.789000000e+001 -8.789000000e+001 +2.3917e-001 +3.6456e+000
905 +0.000000000e+000 +0.000000000e+000 -8.789000000e+001 -8.789000000e+001 +2.3920e-001 +3.6456e+000
% function evaluation | noise-free fitness - Fopt (3.201900000000e+002) | best noise-free fitness - Fopt | measured fitness | best measured fitness | x1 | x2...
1 +2.196170546e+005 +2.196170546e+005 +2.199372446e+005 +2.199372446e+005 +2.5142e+000 -1.8821e+000
13 +3.853039090e+004 +3.853039090e+004 +3.885058090e+004 +3.885058090e+004 +1.9641e+000 -2.5513e+000
16 +7.370192428e+002 +7.370192428e+002 +1.057209243e+003 +1.057209243e+003 +6.5986e-001 -2.3878e+000
19 +4.227062180e+002 +4.227062180e+002 +7.428962180e+002 +7.428962180e+002 +1.3129e+000 -2.3814e+000
45 +2.834478945e+002 +2.834478945e+002 +6.036378945e+002 +6.036378945e+002 +8.3925e-001 -2.3773e+000
46 +2.638669297e+001 +2.638669297e+001 +3.465766930e+002 +3.465766930e+002 -8.2869e-001 -2.3558e+000
60 +7.345271235e+000 +7.345271235e+000 +3.275352712e+002 +3.275352712e+002 -5.0337e-001 -2.3636e+000
84 +4.983055787e+000 +4.983055787e+000 +3.251730558e+002 +3.251730558e+002 -2.3282e+000 -2.3598e+000
92 +3.416260184e+000 +3.416260184e+000 +3.236062602e+002 +3.236062602e+002 -1.9663e+000 -2.3600e+000
98 +1.877575512e+000 +1.877575512e+000 +3.220675755e+002 +3.220675755e+002 -9.3915e-001 -2.3595e+000
101 +1.855412451e+000 +1.855412451e+000 +3.220454125e+002 +3.220454125e+002 -1.5454e+000 -2.3601e+000
106 +9.964181100e-001 +9.964181100e-001 +3.211864181e+002 +3.211864181e+002 -4.4416e-003 -2.3618e+000
114 +1.477691262e-001 +1.477691262e-001 +3.203377691e+002 +3.203377691e+002 -7.7134e-001 -2.3610e+000
120 +1.281994437e-001 +1.281994437e-001 +3.203181994e+002 +3.203181994e+002 -3.5594e-001 -2.3611e+000
124 +2.788147184e-002 +2.788147184e-002 +3.202178815e+002 +3.202178815e+002 -5.8911e-001 -2.3608e+000
131 +2.277163806e-003 +2.277163806e-003 +3.201922772e+002 +3.201922772e+002 -4.3272e-001 -2.3608e+000
182 +1.082144907e-003 +1.082144907e-003 +3.201910821e+002 +3.201910821e+002 -3.9931e-001 -2.3608e+000
191 +4.895078813e-004 +4.895078813e-004 +3.201904895e+002 +3.201904895e+002 -4.4473e-001 -2.3608e+000
192 +3.578732424e-005 +3.578732424e-005 +3.201900358e+002 +3.201900358e+002 -4.3800e-001 -2.3608e+000
203 +2.408644571e-005 +2.408644571e-005 +3.201900241e+002 +3.201900241e+002 -4.3434e-001 -2.3608e+000
213 +8.675585889e-006 +8.675585889e-006 +3.201900087e+002 +3.201900087e+002 -4.3092e-001 -2.3608e+000
223 +8.315535979e-006 +8.315535979e-006 +3.201900083e+002 +3.201900083e+002 -4.3560e-001 -2.3608e+000
236 +6.915122810e-006 +6.915122810e-006 +3.201900069e+002 +3.201900069e+002 -4.3004e-001 -2.3608e+000
258 +2.803772531e-006 +2.803772531e-006 +3.201900028e+002 +3.201900028e+002 -4.3402e-001 -2.3608e+000
278 +1.904616227e-006 +1.904616227e-006 +3.201900019e+002 +3.201900019e+002 -4.3351e-001 -2.3608e+000
292 +1.858569931e-006 +1.858569931e-006 +3.201900019e+002 +3.201900019e+002 -4.3202e-001 -2.3608e+000
312 +4.961380000e-007 +4.961380000e-007 +3.201900005e+002 +3.201900005e+002 -4.3230e-001 -2.3608e+000
321 +1.240094321e-007 +1.240094321e-007 +3.201900001e+002 +3.201900001e+002 -4.3308e-001 -2.3608e+000
337 +5.348016430e-008 +5.348016430e-008 +3.201900001e+002 +3.201900001e+002 -4.3255e-001 -2.3608e+000
344 +3.940243687e-008 +3.940243687e-008 +3.201900000e+002 +3.201900000e+002 -4.3270e-001 -2.3608e+000
377 +3.691064876e-008 +3.691064876e-008 +3.201900000e+002 +3.201900000e+002 -4.3299e-001 -2.3608e+000
380 +3.161596851e-008 +3.161596851e-008 +3.201900000e+002 +3.201900000e+002 -4.3298e-001 -2.3608e+000
396 +3.004555538e-008 +3.004555538e-008 +3.201900000e+002 +3.201900000e+002 -4.3297e-001 -2.3608e+000
401 +2.798071819e-008 +2.798071819e-008 +3.201900000e+002 +3.201900000e+002 -4.3296e-001 -2.3608e+000
402 +2.574682867e-008 +2.574682867e-008 +3.201900000e+002 +3.201900000e+002 -4.3272e-001 -2.3608e+000
411 +2.297969104e-008 +2.297969104e-008 +3.201900000e+002 +3.201900000e+002 -4.3295e-001 -2.3608e+000
413 +1.758530743e-008 +1.758530743e-008 +3.201900000e+002 +3.201900000e+002 -4.3267e-001 -2.3608e+000
414 +1.438002073e-008 +1.438002073e-008 +3.201900000e+002 +3.201900000e+002 -4.3290e-001 -2.3608e+000
416 +2.563979251e-009 +2.563979251e-009 +3.201900000e+002 +3.201900000e+002 -4.3281e-001 -2.3608e+000
503 +0.000000000e+000 +0.000000000e+000 +3.201900000e+002 +3.201900000e+002 -4.3280e-001 -2.3608e+000
% function evaluation | noise-free fitness - Fopt (-1.042400000000e+002) | best noise-free fitness - Fopt | measured fitness | best measured fitness | x1 | x2...
1 +6.491342730e+007 +6.491342730e+007 +6.491332306e+007 +6.491332306e+007 -4.5409e-001 +3.9891e+000
2 +6.288460649e+007 +6.288460649e+007 +6.288450225e+007 +6.288450225e+007 +8.8420e+000 +3.7837e+000
7 +6.164801536e+007 +6.164801536e+007 +6.164791112e+007 +6.164791112e+007 +8.9334e-001 +3.6713e+000
8 +4.254146663e+007 +4.254146663e+007 +4.254136239e+007 +4.254136239e+007 +3.1643e+000 +2.4324e+000
9 +7.047609589e+006 +7.047609589e+006 +7.047505349e+006 +7.047505349e+006 -8.2340e+000 -1.3948e+000
14 +1.314757079e+005 +1.314757079e+005 +1.313714679e+005 +1.313714679e+005 -6.7243e+000 -4.2719e+000
36 +9.916649491e+004 +9.916649491e+004 +9.906225491e+004 +9.906225491e+004 -3.6100e+000 -4.2301e+000
40 +1.028660779e+003 +1.028660779e+003 +9.244207790e+002 +9.244207790e+002 +9.3643e+000 -3.8868e+000
125 +8.515128999e+002 +8.515128999e+002 +7.472728999e+002 +7.472728999e+002 -2.8232e+001 -3.9089e+000
128 +1.322563137e+002 +1.322563137e+002 +2.801631373e+001 +2.801631373e+001 -7.7384e-001 -3.9316e+000
134 +8.567841256e+001 +8.567841256e+001 -1.856158744e+001 -1.856158744e+001 -4.9972e+000 -3.9283e+000
151 +5.538337105e+001 +5.538337105e+001 -4.885662895e+001 -4.885662895e+001 -6.1493e+000 -3.9161e+000
161 +4.964636694e+001 +4.964636694e+001 -5.459363306e+001 -5.459363306e+001 -6.8800e+000 -3.9215e+000
162 +9.088112993e+000 +9.088112993e+000 -9.515188701e+001 -9.515188701e+001 -2.2258e+000 -3.9216e+000
188 +8.355130023e+000 +8.355130023e+000 -9.588486998e+001 -9.588486998e+001 -8.4711e-001 -3.9174e+000
191 +1.489367082e+000 +1.489367082e+000 -1.027506329e+002 -1.027506329e+002 +1.5169e+000 -3.9200e+000
203 +3.456857871e-001 +3.456857871e-001 -1.038943142e+002 -1.038943142e+002 +6.2652e-001 -3.9195e+000
218 +2.657017692e-001 +2.657017692e-001 -1.039742982e+002 -1.039742982e+002 -8.9073e-002 -3.9202e+000
224 +9.881608758e-002 +9.881608758e-002 -1.041411839e+002 -1.041411839e+002 +6.0460e-001 -3.9198e+000
245 +6.851475855e-002 +6.851475855e-002 -1.041714852e+002 -1.041714852e+002 +1.3248e-001 -3.9200e+000
257 +1.297664617e-002 +1.297664617e-002 -1.042270234e+002 -1.042270234e+002 +5.0127e-001 -3.9200e+000
261 +2.598121975e-003 +2.598121975e-003 -1.042374019e+002 -1.042374019e+002 +3.4501e-001 -3.9200e+000
292 +1.388304929e-003 +1.388304929e-003 -1.042386117e+002 -1.042386117e+002 +3.6437e-001 -3.9200e+000
300 +1.115707345e-004 +1.115707345e-004 -1.042398884e+002 -1.042398884e+002 +3.9179e-001 -3.9200e+000
313 +1.084767680e-004 +1.084767680e-004 -1.042398915e+002 -1.042398915e+002 +3.8968e-001 -3.9200e+000
314 +6.872196661e-005 +6.872196661e-005 -1.042399313e+002 -1.042399313e+002 +3.8592e-001 -3.9200e+000
324 +4.161514622e-005 +4.161514622e-005 -1.042399584e+002 -1.042399584e+002 +3.8826e-001 -3.9200e+000
327 +4.238692327e-006 +4.238692327e-006 -1.042399958e+002 -1.042399958e+002 +3.9264e-001 -3.9200e+000
362 +3.669543545e-006 +3.669543545e-006 -1.042399963e+002 -1.042399963e+002 +3.9437e-001 -3.9200e+000
384 +3.612434284e-006 +3.612434284e-006 -1.042399964e+002 -1.042399964e+002 +3.9427e-001 -3.9200e+000
386 +2.511778902e-006 +2.511778902e-006 -1.042399975e+002 -1.042399975e+002 +3.9429e-001 -3.9200e+000
392 +9.181592162e-007 +9.181592162e-007 -1.042399991e+002 -1.042399991e+002 +3.9378e-001 -3.9200e+000
402 +7.308692886e-007 +7.308692886e-007 -1.042399993e+002 -1.042399993e+002 +3.9361e-001 -3.9200e+000
403 +1.848049038e-007 +1.848049038e-007 -1.042399998e+002 -1.042399998e+002 +3.9418e-001 -3.9200e+000
413 +2.593451143e-008 +2.593451143e-008 -1.042400000e+002 -1.042400000e+002 +3.9424e-001 -3.9200e+000
432 +2.385820608e-008 +2.385820608e-008 -1.042400000e+002 -1.042400000e+002 +3.9425e-001 -3.9200e+000
437 +1.733954491e-008 +1.733954491e-008 -1.042400000e+002 -1.042400000e+002 +3.9432e-001 -3.9200e+000
445 +1.030807084e-008 +1.030807084e-008 -1.042400000e+002 -1.042400000e+002 +3.9433e-001 -3.9200e+000
454 +8.307310395e-009 +8.307310395e-009 -1.042400000e+002 -1.042400000e+002 +3.9432e-001 -3.9200e+000
592 +0.000000000e+000 +0.000000000e+000 -1.042400000e+002 -1.042400000e+002 +3.9440e-001 -3.9200e+000
% function evaluation | noise-free fitness - Fopt (-1.843100000000e+002) | best noise-free fitness - Fopt | measured fitness | best measured fitness | x1 | x2...
1 +1.579771592e+005 +1.579771592e+005 +1.577928492e+005 +1.577928492e+005 +7.7583e+000 -1.5964e-001
11 +3.506764539e+004 +3.506764539e+004 +3.488333539e+004 +3.488333539e+004 +5.6756e+000 +4.0994e-001
12 +1.770764304e+003 +1.770764304e+003 +1.586454304e+003 +1.586454304e+003 +6.7188e+000 +1.8584e-001
21 +3.479249171e+002 +3.479249171e+002 +1.636149171e+002 +1.636149171e+002 +6.4084e+000 +2.0692e-001
42 +8.143568454e+001 +8.143568454e+001 -1.028743155e+002 -1.028743155e+002 +5.0681e+000 +2.1567e-001
50 +5.510360882e+001 +5.510360882e+001 -1.292063912e+002 -1.292063912e+002 +4.3211e+000 +2.3186e-001
60 +8.765120612e+000 +8.765120612e+000 -1.755448794e+002 -1.755448794e+002 +4.2417e+000 +2.2328e-001
67 +6.316079841e+000 +6.316079841e+000 -1.779939202e+002 -1.779939202e+002 +4.2096e+000 +2.2486e-001
83 +3.966464794e+000 +3.966464794e+000 -1.803435352e+002 -1.803435352e+002 +3.7649e+000 +2.2553e-001
98 +2.694676934e+000 +2.694676934e+000 -1.816153231e+002 -1.816153231e+002 +3.5502e+000 +2.2528e-001
104 +2.362994681e+000 +2.362994681e+000 -1.819470053e+002 -1.819470053e+002 +3.1347e+000 +2.2547e-001
111 +1.640048636e+000 +1.640048636e+000 -1.826699514e+002 -1.826699514e+002 +2.3915e+000 +2.2587e-001
113 +1.376209424e+000 +1.376209424e+000 -1.829337906e+002 -1.829337906e+002 +2.2154e+000 +2.2585e-001
117 +5.647548822e-001 +5.647548822e-001 -1.837452451e+002 -1.837452451e+002 +2.0093e+000 +2.2556e-001
138 +3.612315154e-001 +3.612315154e-001 -1.839487685e+002 -1.839487685e+002 +1.8279e+000 +2.2540e-001
147 +2.908220927e-001 +2.908220927e-001 -1.840191779e+002 -1.840191779e+002 +1.3463e+000 +2.2502e-001
155 +1.662734493e-001 +1.662734493e-001 -1.841437266e+002 -1.841437266e+002 +1.9392e+000 +2.2518e-001
185 +1.548392377e-001 +1.548392377e-001 -1.841551608e+002 -1.841551608e+002 +1.9099e+000 +2.2517e-001
190 +1.358277047e-001 +1.358277047e-001 -1.841741723e+002 -1.841741723e+002 +1.7642e+000 +2.2515e-001
193 +1.067338121e-001 +1.067338121e-001 -1.842032662e+002 -1.842032662e+002 +1.8514e+000 +2.2512e-001
207 +9.916074448e-002 +9.916074448e-002 -1.842108393e+002 -1.842108393e+002 +1.7063e+000 +2.2509e-001
212 +5.196445964e-002 +5.196445964e-002 -1.842580355e+002 -1.842580355e+002 +1.8899e+000 +2.2503e-001
242 +4.654139458e-002 +4.654139458e-002 -1.842634586e+002 -1.842634586e+002 +1.8708e+000 +2.2500e-001
252 +4.493624671e-002 +4.493624671e-002 -1.842650638e+002 -1.842650638e+002 +1.8093e+000 +2.2499e-001
253 +4.195917182e-002 +4.195917182e-002 -1.842680408e+002 -1.842680408e+002 +1.7810e+000 +2.2498e-001
258 +3.614691261e-002 +3.614691261e-002 -1.842738531e+002 -1.842738531e+002 +1.9147e+000 +2.2497e-001
261 +3.293454556e-002 +3.293454556e-002 -1.842770655e+002 -1.842770655e+002 +1.7453e+000 +2.2496e-001
276 +3.234055256e-002 +3.234055256e-002 -1.842776594e+002 -1.842776594e+002 +1.7824e+000 +2.2496e-001
298 +2.082421602e-002 +2.082421602e-002 -1.842891758e+002 -1.842891758e+002 +1.8517e+000 +2.2495e-001
300 +5.888286253e-003 +5.888286253e-003 -1.843041117e+002 -1.843041117e+002 +1.8441e+000 +2.2488e-001
317 +2.753934450e-003 +2.753934450e-003 -1.843072461e+002 -1.843072461e+002 +1.8796e+000 +2.2476e-001
331 +1.356751960e-003 +1.356751960e-003 -1.843086432e+002 -1.843086432e+002 +1.8799e+000 +2.2479e-001
345 +8.763439111e-004 +8.763439111e-004 -1.843091237e+002 -1.843091237e+002 +1.8639e+000 +2.2482e-001
346 +6.624284230e-004 +6.624284230e-004 -1.843093376e+002 -1.843093376e+002 +1.8461e+000 +2.2483e-001
353 +4.674789521e-004 +4.674789521e-004 -1.843095325e+002 -1.843095325e+002 +1.8633e+000 +2.2481e-001
360 +1.284158307e-004 +1.284158307e-004 -1.843098716e+002 -1.843098716e+002 +1.8488e+000 +2.2481e-001
362 +7.649048928e-005 +7.649048928e-005 -1.843099235e+002 -1.843099235e+002 +1.8451e+000 +2.2481e-001
368 +5.188028680e-005 +5.188028680e-005 -1.843099481e+002 -1.843099481e+002 +1.8469e+000 +2.2479e-001
373 +2.898501501e-005 +2.898501501e-005 -1.843099710e+002 -1.843099710e+002 +1.8487e+000 +2.2480e-001
399 +4.481587240e-006 +4.481587240e-006 -1.843099955e+002 -1.843099955e+002 +1.8431e+000 +2.2480e-001
405 +3.183780763e-006 +3.183780763e-006 -1.843099968e+002 -1.843099968e+002 +1.8450e+000 +2.2480e-001
463 +2.437940253e-006 +2.437940253e-006 -1.843099976e+002 -1.843099976e+002 +1.8445e+000 +2.2480e-001
492 +2.154615288e-006 +2.154615288e-006 -1.843099978e+002 -1.843099978e+002 +1.8447e+000 +2.2480e-001
502 +1.734848496e-006 +1.734848496e-006 -1.843099983e+002 -1.843099983e+002 +1.8445e+000 +2.2480e-001
532 +1.543917932e-006 +1.543917932e-006 -1.843099985e+002 -1.843099985e+002 +1.8443e+000 +2.2480e-001
542 +7.100329356e-007 +7.100329356e-007 -1.843099993e+002 -1.843099993e+002 +1.8440e+000 +2.2480e-001
552 +6.178603371e-007 +6.178603371e-007 -1.843099994e+002 -1.843099994e+002 +1.8440e+000 +2.2480e-001
553 +2.952549210e-007 +2.952549210e-007 -1.843099997e+002 -1.843099997e+002 +1.8437e+000 +2.2480e-001
566 +4.427505473e-009 +4.427505473e-009 -1.843100000e+002 -1.843100000e+002 +1.8433e+000 +2.2480e-001
764 +0.000000000e+000 +0.000000000e+000 -1.843100000e+002 -1.843100000e+002 +1.8432e+000 +2.2480e-001
% function evaluation | noise-free fitness - Fopt (5.684000000000e+001) | best noise-free fitness - Fopt | measured fitness | best measured fitness | x1 | x2...
1 +6.848247836e+007 +6.848247836e+007 +6.848253520e+007 +6.848253520e+007 -4.8094e+000 +5.8151e+000
2 +2.242734927e+007 +2.242734927e+007 +2.242740611e+007 +2.242740611e+007 -9.8335e+000 +2.2387e+000
10 +2.226858420e+007 +2.226858420e+007 +2.226864104e+007 +2.226864104e+007 -5.0152e-002 +2.2197e+000
14 +2.107805190e+007 +2.107805190e+007 +2.107810874e+007 +2.107810874e+007 -6.1503e-001 +2.0753e+000
16 +1.672437577e+007 +1.672437577e+007 +1.672443261e+007 +1.672443261e+007 -7.8789e+000 +1.5594e+000
23 +8.315439020e+006 +8.315439020e+006 +8.315495860e+006 +8.315495860e+006 +1.9003e+001 +3.6563e-001
25 +6.834981205e+006 +6.834981205e+006 +6.835038045e+006 +6.835038045e+006 -6.1233e-001 -5.4516e-002
33 +6.164848320e+006 +6.164848320e+006 +6.164905160e+006 +6.164905160e+006 -1.9694e+001 -1.8967e-001
56 +4.159131659e+006 +4.159131659e+006 +4.159188499e+006 +4.159188499e+006 +4.5501e+000 -4.9788e-001
62 +5.158297481e+005 +5.158297481e+005 +5.158865881e+005 +5.158865881e+005 +6.8021e+000 -1.7625e+000
80 +6.694178255e+001 +6.694178255e+001 +1.237817826e+002 +1.237817826e+002 +5.2030e+000 -2.5360e+000
354 +6.048297828e+001 +6.048297828e+001 +1.173229783e+002 +1.173229783e+002 -7.2915e+000 -2.5269e+000
364 +5.895741044e+001 +5.895741044e+001 +1.157974104e+002 +1.157974104e+002 -6.0427e+000 -2.5329e+000
366 +3.937841763e+001 +3.937841763e+001 +9.621841763e+001 +9.621841763e+001 -5.8849e+000 -2.5305e+000
371 +2.469365358e+001 +2.469365358e+001 +8.153365358e+001 +8.153365358e+001 -2.9133e+000 -2.5322e+000
384 +8.207294873e+000 +8.207294873e+000 +6.504729487e+001 +6.504729487e+001 -5.8049e-001 -2.5315e+000
385 +5.512355996e-001 +5.512355996e-001 +5.739123560e+001 +5.739123560e+001 +1.2638e+000 -2.5290e+000
401 +1.381508850e-001 +1.381508850e-001 +5.697815088e+001 +5.697815088e+001 +6.7729e-001 -2.5291e+000
412 +2.458325391e-002 +2.458325391e-002 +5.686458325e+001 +5.686458325e+001 +6.0594e-001 -2.5289e+000
439 +6.100353670e-004 +6.100353670e-004 +5.684061004e+001 +5.684061004e+001 +5.1417e-001 -2.5288e+000
463 +3.586909307e-004 +3.586909307e-004 +5.684035869e+001 +5.684035869e+001 +5.5064e-001 -2.5288e+000
473 +3.060331324e-004 +3.060331324e-004 +5.684030603e+001 +5.684030603e+001 +5.3057e-001 -2.5288e+000
475 +2.121996516e-004 +2.121996516e-004 +5.684021220e+001 +5.684021220e+001 +5.1853e-001 -2.5288e+000
491 +1.288274027e-004 +1.288274027e-004 +5.684012883e+001 +5.684012883e+001 +5.2833e-001 -2.5288e+000
495 +1.402167510e-005 +1.402167510e-005 +5.684001402e+001 +5.684001402e+001 +5.3593e-001 -2.5288e+000
513 +1.112412579e-005 +1.112412579e-005 +5.684001112e+001 +5.684001112e+001 +5.3062e-001 -2.5288e+000
533 +7.230718111e-006 +7.230718111e-006 +5.684000723e+001 +5.684000723e+001 +5.3207e-001 -2.5288e+000
549 +1.809196569e-006 +1.809196569e-006 +5.684000181e+001 +5.684000181e+001 +5.3246e-001 -2.5288e+000
571 +6.391747647e-007 +6.391747647e-007 +5.684000064e+001 +5.684000064e+001 +5.3211e-001 -2.5288e+000
573 +1.125497420e-007 +1.125497420e-007 +5.684000011e+001 +5.684000011e+001 +5.3308e-001 -2.5288e+000
601 +8.186806610e-008 +8.186806610e-008 +5.684000008e+001 +5.684000008e+001 +5.3302e-001 -2.5288e+000
654 +7.393995105e-008 +7.393995105e-008 +5.684000007e+001 +5.684000007e+001 +5.3259e-001 -2.5288e+000
674 +5.757861743e-009 +5.757861743e-009 +5.684000001e+001 +5.684000001e+001 +5.3277e-001 -2.5288e+000
925 +0.000000000e+000 +0.000000000e+000 +5.684000000e+001 +5.684000000e+001 +5.3280e-001 -2.5288e+000
% function evaluation | noise-free fitness - Fopt (-1.897300000000e+002) | best noise-free fitness - Fopt | measured fitness | best measured fitness | x1 | x2...
1 +6.292031457e+006 +6.292031457e+006 +6.291841727e+006 +6.291841727e+006 -2.6578e+000 +1.5737e+000
4 +7.514251066e+001 +7.514251066e+001 -1.145874893e+002 -1.145874893e+002 -4.5909e+000 -7.9617e-001
92 +7.213284481e+001 +7.213284481e+001 -1.175971552e+002 -1.175971552e+002 -3.0885e+000 -7.9694e-001
93 +3.053461397e+001 +3.053461397e+001 -1.591953860e+002 -1.591953860e+002 -4.7220e+000 -7.8755e-001
98 +5.363501505e+000 +5.363501505e+000 -1.843664985e+002 -1.843664985e+002 -1.0733e+000 -7.8770e-001
120 +3.624837272e+000 +3.624837272e+000 -1.861051627e+002 -1.861051627e+002 +4.4142e-001 -7.9071e-001
126 +1.601563922e+000 +1.601563922e+000 -1.881284361e+002 -1.881284361e+002 +4.4627e-001 -7.9000e-001
146 +6.310224823e-001 +6.310224823e-001 -1.890989775e+002 -1.890989775e+002 +1.1412e+000 -7.8959e-001
155 +3.366924800e-001 +3.366924800e-001 -1.893933075e+002 -1.893933075e+002 +8.4362e-001 -7.8822e-001
169 +2.333722694e-001 +2.333722694e-001 -1.894966277e+002 -1.894966277e+002 +8.8841e-001 -7.8924e-001
173 +2.264201250e-001 +2.264201250e-001 -1.895035799e+002 -1.895035799e+002 +9.6822e-001 -7.8923e-001
175 +8.938167851e-002 +8.938167851e-002 -1.896406183e+002 -1.896406183e+002 +9.1214e-001 -7.8850e-001
180 +7.671869529e-002 +7.671869529e-002 -1.896532813e+002 -1.896532813e+002 +1.1578e+000 -7.8886e-001
182 +4.157800389e-002 +4.157800389e-002 -1.896884220e+002 -1.896884220e+002 +1.0933e+000 -7.8881e-001
192 +2.071274193e-002 +2.071274193e-002 -1.897092873e+002 -1.897092873e+002 +1.0280e+000 -7.8873e-001
198 +1.123523056e-002 +1.123523056e-002 -1.897187648e+002 -1.897187648e+002 +9.3788e-001 -7.8871e-001
218 +9.412744399e-003 +9.412744399e-003 -1.897205873e+002 -1.897205873e+002 +8.9724e-001 -7.8871e-001
224 +2.922021592e-003 +2.922021592e-003 -1.897270780e+002 -1.897270780e+002 +8.8461e-001 -7.8875e-001
332 +4.457492483e-004 +4.457492483e-004 -1.897295543e+002 -1.897295543e+002 +8.9310e-001 -7.8882e-001
344 +1.654893151e-004 +1.654893151e-004 -1.897298345e+002 -1.897298345e+002 +8.8294e-001 -7.8881e-001
382 +4.942917192e-005 +4.942917192e-005 -1.897299506e+002 -1.897299506e+002 +8.8547e-001 -7.8880e-001
394 +3.915455994e-005 +3.915455994e-005 -1.897299608e+002 -1.897299608e+002 +8.8651e-001 -7.8880e-001
398 +2.046938238e-005 +2.046938238e-005 -1.897299795e+002 -1.897299795e+002 +8.8788e-001 -7.8880e-001
402 +9.899932536e-006 +9.899932536e-006 -1.897299901e+002 -1.897299901e+002 +8.8986e-001 -7.8880e-001
406 +5.745864371e-006 +5.745864371e-006 -1.897299943e+002 -1.897299943e+002 +8.9051e-001 -7.8880e-001
414 +9.337669837e-007 +9.337669837e-007 -1.897299991e+002 -1.897299991e+002 +8.9108e-001 -7.8880e-001
421 +5.744234670e-007 +5.744234670e-007 -1.897299994e+002 -1.897299994e+002 +8.9127e-001 -7.8880e-001
438 +6.168551181e-008 +6.168551181e-008 -1.897299999e+002 -1.897299999e+002 +8.9188e-001 -7.8880e-001
463 +5.628780286e-008 +5.628780286e-008 -1.897299999e+002 -1.897299999e+002 +8.9178e-001 -7.8880e-001
473 +4.648870799e-008 +4.648870799e-008 -1.897300000e+002 -1.897300000e+002 +8.9201e-001 -7.8880e-001
477 +7.691909332e-009 +7.691909332e-009 -1.897300000e+002 -1.897300000e+002 +8.9203e-001 -7.8880e-001
1299 +0.000000000e+000 +0.000000000e+000 -1.897300000e+002 -1.897300000e+002 +8.9200e-001 -7.8880e-001
% function evaluation | noise-free fitness - Fopt (4.659700000000e+002) | best noise-free fitness - Fopt | measured fitness | best measured fitness | x1 | x2...
1 +1.470996427e+006 +1.470996427e+006 +1.471462397e+006 +1.471462397e+006 +5.7881e-001 -1.4224e+000
4 +4.368600395e+005 +4.368600395e+005 +4.373260095e+005 +4.373260095e+005 +1.4304e+000 -9.9627e-001
9 +1.174936947e+005 +1.174936947e+005 +1.179596647e+005 +1.179596647e+005 +5.9745e+000 +6.5553e-002
27 +9.789442310e+002 +9.789442310e+002 +1.444914231e+003 +1.444914231e+003 +2.3187e+000 -2.4019e-001
28 +2.689307225e+002 +2.689307225e+002 +7.349007225e+002 +7.349007225e+002 +3.3380e+000 -2.8881e-001
53 +2.679300177e+001 +2.679300177e+001 +4.927630018e+002 +4.927630018e+002 -3.1766e+000 -2.7817e-001
123 +2.534990075e+001 +2.534990075e+001 +4.913199007e+002 +4.913199007e+002 -2.6093e+000 -2.6888e-001
168 +1.366513506e+000 +1.366513506e+000 +4.673365135e+002 +4.673365135e+002 -2.8528e+000 -2.7435e-001
200 +7.431055950e-001 +7.431055950e-001 +4.667131056e+002 +4.667131056e+002 -1.5755e+000 -2.7443e-001
206 +3.815364348e-001 +3.815364348e-001 +4.663515364e+002 +4.663515364e+002 -2.4499e+000 -2.7393e-001
225 +6.550892820e-002 +6.550892820e-002 +4.660355089e+002 +4.660355089e+002 -1.9044e+000 -2.7387e-001
231 +3.032505233e-002 +3.032505233e-002 +4.660003251e+002 +4.660003251e+002 -2.0488e+000 -2.7351e-001
238 +3.554549682e-003 +3.554549682e-003 +4.659735545e+002 +4.659735545e+002 -1.9654e+000 -2.7357e-001
259 +1.791647177e-003 +1.791647177e-003 +4.659717916e+002 +4.659717916e+002 -1.8962e+000 -2.7356e-001
261 +8.080588900e-004 +8.080588900e-004 +4.659708081e+002 +4.659708081e+002 -1.9306e+000 -2.7358e-001
271 +5.969024360e-004 +5.969024360e-004 +4.659705969e+002 +4.659705969e+002 -1.9243e+000 -2.7358e-001
284 +5.358345404e-004 +5.358345404e-004 +4.659705358e+002 +4.659705358e+002 -1.9258e+000 -2.7358e-001
285 +4.765503324e-004 +4.765503324e-004 +4.659704766e+002 +4.659704766e+002 -1.9182e+000 -2.7358e-001
291 +3.670594234e-004 +3.670594234e-004 +4.659703671e+002 +4.659703671e+002 -1.9171e+000 -2.7358e-001
297 +3.403406158e-004 +3.403406158e-004 +4.659703403e+002 +4.659703403e+002 -1.9126e+000 -2.7358e-001
304 +1.236661473e-005 +1.236661473e-005 +4.659700124e+002 +4.659700124e+002 -1.9137e+000 -2.7360e-001
307 +1.118553610e-005 +1.118553610e-005 +4.659700112e+002 +4.659700112e+002 -1.9139e+000 -2.7360e-001
311 +6.660525287e-006 +6.660525287e-006 +4.659700067e+002 +4.659700067e+002 -1.9138e+000 -2.7360e-001
314 +6.408453089e-006 +6.408453089e-006 +4.659700064e+002 +4.659700064e+002 -1.9138e+000 -2.7360e-001
346 +5.780090532e-006 +5.780090532e-006 +4.659700058e+002 +4.659700058e+002 -1.9137e+000 -2.7360e-001
349 +5.597798577e-006 +5.597798577e-006 +4.659700056e+002 +4.659700056e+002 -1.9136e+000 -2.7360e-001
382 +4.994027847e-006 +4.994027847e-006 +4.659700050e+002 +4.659700050e+002 -1.9134e+000 -2.7360e-001
403 +4.775786920e-006 +4.775786920e-006 +4.659700048e+002 +4.659700048e+002 -1.9133e+000 -2.7360e-001
404 +4.482626991e-006 +4.482626991e-006 +4.659700045e+002 +4.659700045e+002 -1.9134e+000 -2.7360e-001
405 +2.627083177e-006 +2.627083177e-006 +4.659700026e+002 +4.659700026e+002 -1.9126e+000 -2.7360e-001
414 +1.711375489e-006 +1.711375489e-006 +4.659700017e+002 +4.659700017e+002 -1.9125e+000 -2.7360e-001
418 +1.264640844e-006 +1.264640844e-006 +4.659700013e+002 +4.659700013e+002 -1.9123e+000 -2.7360e-001
423 +4.927607620e-007 +4.927607620e-007 +4.659700005e+002 +4.659700005e+002 -1.9119e+000 -2.7360e-001
429 +1.670383085e-007 +1.670383085e-007 +4.659700002e+002 +4.659700002e+002 -1.9116e+000 -2.7360e-001
431 +4.515737828e-008 +4.515737828e-008 +4.659700000e+002 +4.659700000e+002 -1.9113e+000 -2.7360e-001
450 +1.956175311e-008 +1.956175311e-008 +4.659700000e+002 +4.659700000e+002 -1.9113e+000 -2.7360e-001
461 +1.945943495e-008 +1.945943495e-008 +4.659700000e+002 +4.659700000e+002 -1.9113e+000 -2.7360e-001
463 +1.260389126e-009 +1.260389126e-009 +4.659700000e+002 +4.659700000e+002 -1.9112e+000 -2.7360e-001
615 +0.000000000e+000 +0.000000000e+000 +4.659700000e+002 +4.659700000e+002 -1.9112e+000 -2.7360e-001
% function evaluation | noise-free fitness - Fopt (2.574000000000e+001) | best noise-free fitness - Fopt | measured fitness | best measured fitness | x1 | x2...
1 +6.538553233e+007 +6.538553233e+007 +6.538555807e+007 +6.538555807e+007 -8.7891e+000 +9.8580e+000
2 +3.628085740e+006 +3.628085740e+006 +3.628111480e+006 +3.628111480e+006 +1.8115e+000 +3.8457e+000
4 +1.640562719e+006 +1.640562719e+006 +1.640588459e+006 +1.640588459e+006 -7.6948e+000 +3.0618e+000
8 +3.254524593e+004 +3.254524593e+004 +3.257098593e+004 +3.257098593e+004 -1.2117e+000 +2.0759e+000
34 +1.468286437e+003 +1.468286437e+003 +1.494026437e+003 +1.494026437e+003 -4.5723e+000 +1.8610e+000
71 +5.891885622e+002 +5.891885622e+002 +6.149285622e+002 +6.149285622e+002 -4.5356e+000 +1.9197e+000
121 +4.752438552e+001 +4.752438552e+001 +7.326438552e+001 +7.326438552e+001 +5.6914e+000 +1.8970e+000
158 +2.690271661e+001 +2.690271661e+001 +5.264271661e+001 +5.264271661e+001 -1.0413e+000 +1.9020e+000
225 +2.543825129e+001 +2.543825129e+001 +5.117825129e+001 +5.117825129e+001 -1.7897e+000 +1.9015e+000
240 +9.087047658e+000 +9.087047658e+000 +3.482704766e+001 +3.482704766e+001 -3.9743e+000 +1.8963e+000
270 +5.164716188e-001 +5.164716188e-001 +2.625647162e+001 +2.625647162e+001 -2.0280e-001 +1.8969e+000
353 +4.819958258e-001 +4.819958258e-001 +2.622199583e+001 +2.622199583e+001 -1.4343e+000 +1.8963e+000
354 +2.361660598e-001 +2.361660598e-001 +2.597616606e+001 +2.597616606e+001 -1.3667e+000 +1.8970e+000
355 +9.174902806e-002 +9.174902806e-002 +2.583174903e+001 +2.583174903e+001 -1.2267e+000 +1.8969e+000
357 +6.057138603e-002 +6.057138603e-002 +2.580057139e+001 +2.580057139e+001 -1.0556e+000 +1.8966e+000
375 +5.507090098e-002 +5.507090098e-002 +2.579507090e+001 +2.579507090e+001 -1.0624e+000 +1.8970e+000
377 +7.391486688e-003 +7.391486688e-003 +2.574739149e+001 +2.574739149e+001 -1.0205e+000 +1.8968e+000
429 +4.197245043e-003 +4.197245043e-003 +2.574419725e+001 +2.574419725e+001 -1.0132e+000 +1.8968e+000
482 +1.850807922e-003 +1.850807922e-003 +2.574185081e+001 +2.574185081e+001 -9.8331e-001 +1.8968e+000
489 +3.004003346e-004 +3.004003346e-004 +2.574030040e+001 +2.574030040e+001 -9.6137e-001 +1.8968e+000
490 +2.342925580e-006 +2.342925580e-006 +2.574000234e+001 +2.574000234e+001 -9.4665e-001 +1.8968e+000
510 +1.539225170e-006 +1.539225170e-006 +2.574000154e+001 +2.574000154e+001 -9.4538e-001 +1.8968e+000
511 +1.262045494e-006 +1.262045494e-006 +2.574000126e+001 +2.574000126e+001 -9.4602e-001 +1.8968e+000
512 +1.066552120e-006 +1.066552120e-006 +2.574000107e+001 +2.574000107e+001 -9.4655e-001 +1.8968e+000
517 +7.349157833e-007 +7.349157833e-007 +2.574000073e+001 +2.574000073e+001 -9.4596e-001 +1.8968e+000
518 +1.571065091e-007 +1.571065091e-007 +2.574000016e+001 +2.574000016e+001 -9.4542e-001 +1.8968e+000
523 +9.439180104e-009 +9.439180104e-009 +2.574000001e+001 +2.574000001e+001 -9.4567e-001 +1.8968e+000
880 +0.000000000e+000 +0.000000000e+000 +2.574000000e+001 +2.574000000e+001 -9.4560e-001 +1.8968e+000
% function evaluation | noise-free fitness - Fopt (4.167000000000e+001) | best noise-free fitness - Fopt | measured fitness | best measured fitness | x1 | x2...
1 +1.687708702e+007 +1.687708702e+007 +1.687712869e+007 +1.687712869e+007 +5.6220e+000 -6.5519e-001
2 +2.217566932e+005 +2.217566932e+005 +2.217983632e+005 +2.217983632e+005 -5.1025e+000 +2.9752e+000
12 +1.033859847e+005 +1.033859847e+005 +1.034276547e+005 +1.034276547e+005 +5.4109e+000 +3.7551e+000
19 +5.377471487e+004 +5.377471487e+004 +5.381638487e+004 +5.381638487e+004 +1.4245e+001 +3.6745e+000
24 +4.876500825e+004 +4.876500825e+004 +4.880667825e+004 +4.880667825e+004 +1.5006e+000 +3.6629e+000
38 +3.009745622e+004 +3.009745622e+004 +3.013912622e+004 +3.013912622e+004 +7.5365e+000 +3.2782e+000
43 +2.405349216e+000 +2.405349216e+000 +4.407534922e+001 +4.407534922e+001 +5.0623e+000 +3.4427e+000
181 +2.002081784e+000 +2.002081784e+000 +4.367208178e+001 +4.367208178e+001 +2.7047e+000 +3.4436e+000
191 +6.413031973e-001 +6.413031973e-001 +4.231130320e+001 +4.231130320e+001 +4.1825e+000 +3.4427e+000
192 +5.473405256e-001 +5.473405256e-001 +4.221734053e+001 +4.221734053e+001 +3.9929e+000 +3.4428e+000
201 +1.781812148e-001 +1.781812148e-001 +4.184818121e+001 +4.184818121e+001 +3.6122e+000 +3.4428e+000
203 +1.116697948e-001 +1.116697948e-001 +4.178166979e+001 +4.178166979e+001 +3.3837e+000 +3.4427e+000
207 +4.618885472e-002 +4.618885472e-002 +4.171618885e+001 +4.171618885e+001 +3.3611e+000 +3.4426e+000
231 +2.963569859e-002 +2.963569859e-002 +4.169963570e+001 +4.169963570e+001 +3.4610e+000 +3.4426e+000
252 +1.534528308e-002 +1.534528308e-002 +4.168534528e+001 +4.168534528e+001 +3.3502e+000 +3.4425e+000
262 +1.437121509e-002 +1.437121509e-002 +4.168437122e+001 +4.168437122e+001 +3.3795e+000 +3.4423e+000
272 +2.916873833e-003 +2.916873833e-003 +4.167291687e+001 +4.167291687e+001 +3.4315e+000 +3.4424e+000
295 +6.344608737e-005 +6.344608737e-005 +4.167006345e+001 +4.167006345e+001 +3.4062e+000 +3.4424e+000
309 +1.409974964e-005 +1.409974964e-005 +4.167001410e+001 +4.167001410e+001 +3.4108e+000 +3.4424e+000
326 +6.615028880e-006 +6.615028880e-006 +4.167000662e+001 +4.167000662e+001 +3.4125e+000 +3.4424e+000
346 +1.420894883e-006 +1.420894883e-006 +4.167000142e+001 +4.167000142e+001 +3.4126e+000 +3.4424e+000
391 +2.385110065e-008 +2.385110065e-008 +4.167000002e+001 +4.167000002e+001 +3.4136e+000 +3.4424e+000
420 +1.340424660e-008 +1.340424660e-008 +4.167000001e+001 +4.167000001e+001 +3.4137e+000 +3.4424e+000
421 +9.055838746e-009 +9.055838746e-009 +4.167000001e+001 +4.167000001e+001 +3.4135e+000 +3.4424e+000
818 +0.000000000e+000 +0.000000000e+000 +4.167000000e+001 +4.167000000e+001 +3.4136e+000 +3.4424e+000
% function evaluation | noise-free fitness - Fopt (-1.909500000000e+002) | best noise-free fitness - Fopt | measured fitness | best measured fitness | x1 | x2...
1 +9.991569304e+006 +9.991569304e+006 +9.991378354e+006 +9.991378354e+006 -3.3675e+000 -6.0411e+000
3 +2.753511009e+005 +2.753511009e+005 +2.751601509e+005 +2.751601509e+005 -3.4641e+000 -3.3740e+000
6 +3.690556472e+002 +3.690556472e+002 +1.781056472e+002 +1.781056472e+002 +2.1536e+000 -2.8103e+000
28 +1.967536882e+002 +1.967536882e+002 +5.803688204e+000 +5.803688204e+000 -4.6455e+000 -2.8159e+000
40 +1.238070545e+002 +1.238070545e+002 -6.714294549e+001 -6.714294549e+001 -5.9356e+000 -2.8406e+000
47 +3.821734611e+001 +3.821734611e+001 -1.527326539e+002 -1.527326539e+002 -5.6622e+000 -2.8347e+000
63 +4.302426138e+000 +4.302426138e+000 -1.866475739e+002 -1.866475739e+002 -3.0458e+000 -2.8317e+000
65 +1.565661572e+000 +1.565661572e+000 -1.893843384e+002 -1.893843384e+002 -2.9121e+000 -2.8284e+000
78 +7.588774496e-001 +7.588774496e-001 -1.901911226e+002 -1.901911226e+002 -2.8257e+000 -2.8287e+000
83 +4.260880102e-002 +4.260880102e-002 -1.909073912e+002 -1.909073912e+002 -2.7926e+000 -2.8297e+000
126 +2.159428433e-002 +2.159428433e-002 -1.909284057e+002 -1.909284057e+002 -2.4957e+000 -2.8296e+000
140 +1.068229728e-002 +1.068229728e-002 -1.909393177e+002 -1.909393177e+002 -2.5645e+000 -2.8297e+000
146 +4.374323881e-003 +4.374323881e-003 -1.909456257e+002 -1.909456257e+002 -2.6969e+000 -2.8296e+000
149 +3.901305938e-003 +3.901305938e-003 -1.909460987e+002 -1.909460987e+002 -2.6355e+000 -2.8297e+000
151 +1.986550596e-003 +1.986550596e-003 -1.909480134e+002 -1.909480134e+002 -2.6511e+000 -2.8296e+000
166 +1.621469579e-003 +1.621469579e-003 -1.909483785e+002 -1.909483785e+002 -2.6051e+000 -2.8296e+000
174 +1.096463270e-004 +1.096463270e-004 -1.909498904e+002 -1.909498904e+002 -2.6388e+000 -2.8296e+000
202 +6.997094141e-005 +6.997094141e-005 -1.909499300e+002 -1.909499300e+002 -2.6351e+000 -2.8296e+000
214 +2.108528875e-005 +2.108528875e-005 -1.909499789e+002 -1.909499789e+002 -2.6439e+000 -2.8296e+000
222 +6.678648560e-006 +6.678648560e-006 -1.909499933e+002 -1.909499933e+002 -2.6406e+000 -2.8296e+000
233 +6.181411550e-006 +6.181411550e-006 -1.909499938e+002 -1.909499938e+002 -2.6427e+000 -2.8296e+000
243 +5.687773580e-006 +5.687773580e-006 -1.909499943e+002 -1.909499943e+002 -2.6418e+000 -2.8296e+000
248 +4.310603856e-006 +4.310603856e-006 -1.909499957e+002 -1.909499957e+002 -2.6434e+000 -2.8296e+000
253 +2.892952295e-006 +2.892952295e-006 -1.909499971e+002 -1.909499971e+002 -2.6448e+000 -2.8296e+000
261 +3.749181587e-007 +3.749181587e-007 -1.909499996e+002 -1.909499996e+002 -2.6437e+000 -2.8296e+000
262 +5.347078513e-008 +5.347078513e-008 -1.909499999e+002 -1.909499999e+002 -2.6430e+000 -2.8296e+000
308 +1.226538870e-009 +1.226538870e-009 -1.909500000e+002 -1.909500000e+002 -2.6432e+000 -2.8296e+000
490 +0.000000000e+000 +0.000000000e+000 -1.909500000e+002 -1.909500000e+002 -2.6432e+000 -2.8296e+000
% function evaluation | noise-free fitness - Fopt (1.370000000000e+000) | best noise-free fitness - Fopt | measured fitness | best measured fitness | x1 | x2...
1 +7.906987926e+005 +7.906987926e+005 +7.907001626e+005 +7.907001626e+005 +1.1601e+000 +2.9298e+000
5 +1.186574679e+005 +1.186574679e+005 +1.186588379e+005 +1.186588379e+005 +4.6934e+000 +1.6561e+000
8 +2.989943355e+002 +2.989943355e+002 +3.003643355e+002 +3.003643355e+002 +5.2521e+000 +1.9751e+000
43 +2.245695028e+001 +2.245695028e+001 +2.382695028e+001 +2.382695028e+001 +7.6304e+000 +1.9950e+000
63 +1.022875998e+001 +1.022875998e+001 +1.159875998e+001 +1.159875998e+001 +6.9402e+000 +1.9913e+000
91 +8.764001961e+000 +8.764001961e+000 +1.013400196e+001 +1.013400196e+001 +6.6684e+000 +1.9915e+000
107 +8.232409114e+000 +8.232409114e+000 +9.602409114e+000 +9.602409114e+000 +6.5144e+000 +1.9925e+000
110 +4.871079560e+000 +4.871079560e+000 +6.241079560e+000 +6.241079560e+000 +5.5920e+000 +1.9934e+000
121 +3.705383364e+000 +3.705383364e+000 +5.075383364e+000 +5.075383364e+000 +5.3176e+000 +1.9932e+000
134 +3.393109310e+000 +3.393109310e+000 +4.763109310e+000 +4.763109310e+000 +5.1705e+000 +1.9931e+000
141 +3.337997781e+000 +3.337997781e+000 +4.707997781e+000 +4.707997781e+000 +5.6054e+000 +1.9917e+000
143 +1.375745355e+000 +1.375745355e+000 +2.745745355e+000 +2.745745355e+000 +4.6153e+000 +1.9929e+000
163 +9.512217296e-001 +9.512217296e-001 +2.321221730e+000 +2.321221730e+000 +4.6918e+000 +1.9923e+000
172 +9.142296609e-001 +9.142296609e-001 +2.284229661e+000 +2.284229661e+000 +4.6944e+000 +1.9921e+000
181 +7.325746515e-001 +7.325746515e-001 +2.102574652e+000 +2.102574652e+000 +4.4432e+000 +1.9925e+000
183 +5.791042281e-001 +5.791042281e-001 +1.949104228e+000 +1.949104228e+000 +4.4500e+000 +1.9923e+000
184 +4.620516244e-001 +4.620516244e-001 +1.832051624e+000 +1.832051624e+000 +4.3526e+000 +1.9920e+000
191 +1.128095461e-001 +1.128095461e-001 +1.482809546e+000 +1.482809546e+000 +3.9450e+000 +1.9923e+000
194 +1.936805003e-002 +1.936805003e-002 +1.389368050e+000 +1.389368050e+000 +3.7896e+000 +1.9921e+000
228 +7.142226612e-003 +7.142226612e-003 +1.377142227e+000 +1.377142227e+000 +3.6318e+000 +1.9920e+000
271 +4.187224773e-003 +4.187224773e-003 +1.374187225e+000 +1.374187225e+000 +3.7917e+000 +1.9920e+000
294 +4.105274781e-003 +4.105274781e-003 +1.374105275e+000 +1.374105275e+000 +3.7812e+000 +1.9920e+000
295 +3.320246151e-003 +3.320246151e-003 +1.373320246e+000 +1.373320246e+000 +3.7697e+000 +1.9920e+000
301 +2.700674793e-003 +2.700674793e-003 +1.372700675e+000 +1.372700675e+000 +3.7655e+000 +1.9920e+000
302 +1.269458137e-003 +1.269458137e-003 +1.371269458e+000 +1.371269458e+000 +3.7528e+000 +1.9920e+000
306 +1.258525067e-003 +1.258525067e-003 +1.371258525e+000 +1.371258525e+000 +3.7536e+000 +1.9920e+000
313 +8.467613089e-004 +8.467613089e-004 +1.370846761e+000 +1.370846761e+000 +3.7488e+000 +1.9920e+000
314 +7.737358117e-004 +7.737358117e-004 +1.370773736e+000 +1.370773736e+000 +3.7419e+000 +1.9920e+000
318 +7.026284852e-004 +7.026284852e-004 +1.370702628e+000 +1.370702628e+000 +3.7333e+000 +1.9920e+000
320 +2.989225834e-004 +2.989225834e-004 +1.370298923e+000 +1.370298923e+000 +3.7153e+000 +1.9920e+000
351 +2.347351904e-004 +2.347351904e-004 +1.370234735e+000 +1.370234735e+000 +3.7255e+000 +1.9920e+000
353 +1.528713935e-004 +1.528713935e-004 +1.370152871e+000 +1.370152871e+000 +3.7245e+000 +1.9920e+000
360 +2.269657961e-005 +2.269657961e-005 +1.370022697e+000 +1.370022697e+000 +3.7232e+000 +1.9920e+000
365 +1.436864201e-005 +1.436864201e-005 +1.370014369e+000 +1.370014369e+000 +3.7239e+000 +1.9920e+000
366 +8.881596060e-006 +8.881596060e-006 +1.370008882e+000 +1.370008882e+000 +3.7240e+000 +1.9920e+000
385 +4.426597885e-006 +4.426597885e-006 +1.370004427e+000 +1.370004427e+000 +3.7235e+000 +1.9920e+000
388 +2.170958111e-006 +2.170958111e-006 +1.370002171e+000 +1.370002171e+000 +3.7203e+000 +1.9920e+000
428 +9.274563888e-007 +9.274563888e-007 +1.370000927e+000 +1.370000927e+000 +3.7207e+000 +1.9920e+000
431 +7.815838776e-007 +7.815838776e-007 +1.370000782e+000 +1.370000782e+000 +3.7208e+000 +1.9920e+000
442 +6.959524370e-007 +6.959524370e-007 +1.370000696e+000 +1.370000696e+000 +3.7211e+000 +1.9920e+000
446 +3.510082087e-007 +3.510082087e-007 +1.370000351e+000 +1.370000351e+000 +3.7211e+000 +1.9920e+000
485 +3.110632512e-007 +3.110632512e-007 +1.370000311e+000 +1.370000311e+000 +3.7215e+000 +1.9920e+000
491 +1.557124967e-007 +1.557124967e-007 +1.370000156e+000 +1.370000156e+000 +3.7216e+000 +1.9920e+000
492 +3.380476610e-008 +3.380476610e-008 +1.370000034e+000 +1.370000034e+000 +3.7215e+000 +1.9920e+000
528 +1.176218900e-008 +1.176218900e-008 +1.370000012e+000 +1.370000012e+000 +3.7217e+000 +1.9920e+000
569 +1.022458029e-008 +1.022458029e-008 +1.370000010e+000 +1.370000010e+000 +3.7216e+000 +1.9920e+000
576 +9.981751870e-009 +9.981751870e-009 +1.370000010e+000 +1.370000010e+000 +3.7216e+000 +1.9920e+000
806 +0.000000000e+000 +0.000000000e+000 +1.370000000e+000 +1.370000000e+000 +3.7216e+000 +1.9920e+000
% function evaluation | noise-free fitness - Fopt (-1.645800000000e+002) | best noise-free fitness - Fopt | measured fitness | best measured fitness | x1 | x2...
1 +5.646599234e+005 +5.646599234e+005 +5.644953434e+005 +5.644953434e+005 +1.6119e+000 -8.4576e-001
3 +4.743364379e+005 +4.743364379e+005 +4.741718579e+005 +4.741718579e+005 -1.4063e+000 +6.1422e-001
18 +2.155022416e+005 +2.155022416e+005 +2.153376616e+005 +2.153376616e+005 +2.8814e+001 -4.9321e-001
20 +4.522388843e+004 +4.522388843e+004 +4.505930843e+004 +4.505930843e+004 +1.1790e+000 -2.4611e-001
23 +3.954589240e+003 +3.954589240e+003 +3.790009240e+003 +3.790009240e+003 +1.9101e+001 +2.3714e-002
54 +1.467814191e+003 +1.467814191e+003 +1.303234191e+003 +1.303234191e+003 +3.2472e+001 -5.4621e-002
72 +1.182367191e+003 +1.182367191e+003 +1.017787191e+003 +1.017787191e+003 +3.1996e+001 -2.7651e-002
83 +9.189336407e+002 +9.189336407e+002 +7.543536407e+002 +7.543536407e+002 +2.6679e+001 -3.2476e-002
95 +7.316724690e+002 +7.316724690e+002 +5.670924690e+002 +5.670924690e+002 +2.4332e+001 -3.0475e-002
105 +6.902383141e+002 +6.902383141e+002 +5.256583141e+002 +5.256583141e+002 +2.3730e+001 -2.9176e-002
113 +3.075593020e+002 +3.075593020e+002 +1.429793020e+002 +1.429793020e+002 +1.2559e+001 -4.6290e-002
122 +1.846408780e+002 +1.846408780e+002 +2.006087803e+001 +2.006087803e+001 -1.1150e+001 -4.4803e-002
130 +5.522826186e+001 +5.522826186e+001 -1.093517381e+002 -1.093517381e+002 +4.9669e+000 -4.0239e-002
138 +3.072796900e+001 +3.072796900e+001 -1.338520310e+002 -1.338520310e+002 +4.3442e+000 -3.8267e-002
142 +2.549639245e+001 +2.549639245e+001 -1.390836076e+002 -1.390836076e+002 +1.9278e+000 -3.2041e-002
147 +7.459574528e+000 +7.459574528e+000 -1.571204255e+002 -1.571204255e+002 +1.8153e+000 -3.6014e-002
150 +3.420628359e-001 +3.420628359e-001 -1.642379372e+002 -1.642379372e+002 -9.1941e-001 -3.6536e-002
173 +2.815902870e-001 +2.815902870e-001 -1.642984097e+002 -1.642984097e+002 -1.3024e+000 -3.6244e-002
183 +1.347147798e-001 +1.347147798e-001 -1.644452852e+002 -1.644452852e+002 -4.4968e-001 -3.6054e-002
184 +2.780669114e-002 +2.780669114e-002 -1.645521933e+002 -1.645521933e+002 -8.6473e-001 -3.6162e-002
247 +1.650155049e-002 +1.650155049e-002 -1.645634984e+002 -1.645634984e+002 -8.0445e-001 -3.6125e-002
292 +1.007476007e-002 +1.007476007e-002 -1.645699252e+002 -1.645699252e+002 -8.0950e-001 -3.6100e-002
312 +6.945341505e-003 +6.945341505e-003 -1.645730547e+002 -1.645730547e+002 -8.0954e-001 -3.6083e-002
320 +5.477745943e-003 +5.477745943e-003 -1.645745223e+002 -1.645745223e+002 -8.2743e-001 -3.6074e-002
322 +5.012173686e-003 +5.012173686e-003 -1.645749878e+002 -1.645749878e+002 -8.3528e-001 -3.6068e-002
323 +1.980752538e-003 +1.980752538e-003 -1.645780192e+002 -1.645780192e+002 -8.1946e-001 -3.6042e-002
331 +1.093623416e-004 +1.093623416e-004 -1.645798906e+002 -1.645798906e+002 -8.2813e-001 -3.6009e-002
342 +8.040203892e-005 +8.040203892e-005 -1.645799196e+002 -1.645799196e+002 -8.3169e-001 -3.6003e-002
349 +5.219153610e-005 +5.219153610e-005 -1.645799478e+002 -1.645799478e+002 -8.2976e-001 -3.6002e-002
400 +2.998777259e-005 +2.998777259e-005 -1.645799700e+002 -1.645799700e+002 -8.2440e-001 -3.5994e-002
412 +2.793251724e-005 +2.793251724e-005 -1.645799721e+002 -1.645799721e+002 -8.2680e-001 -3.5998e-002
413 +2.051830964e-005 +2.051830964e-005 -1.645799795e+002 -1.645799795e+002 -8.2623e-001 -3.5998e-002
416 +1.731805281e-005 +1.731805281e-005 -1.645799827e+002 -1.645799827e+002 -8.2617e-001 -3.5999e-002
418 +3.430538953e-006 +3.430538953e-006 -1.645799966e+002 -1.645799966e+002 -8.2176e-001 -3.6002e-002
425 +2.965013152e-006 +2.965013152e-006 -1.645799970e+002 -1.645799970e+002 -8.2411e-001 -3.6000e-002
426 +1.754810626e-006 +1.754810626e-006 -1.645799982e+002 -1.645799982e+002 -8.2119e-001 -3.6000e-002
433 +4.837878009e-008 +4.837878009e-008 -1.645800000e+002 -1.645800000e+002 -8.2246e-001 -3.6000e-002
492 +2.413463562e-008 +2.413463562e-008 -1.645800000e+002 -1.645800000e+002 -8.2226e-001 -3.6000e-002
499 +8.695337783e-010 +8.695337783e-010 -1.645800000e+002 -1.645800000e+002 -8.2237e-001 -3.6000e-002
774 +0.000000000e+000 +0.000000000e+000 -1.645800000e+002 -1.645800000e+002 -8.2240e-001 -3.6000e-002
% function evaluation | noise-free fitness - Fopt (-1.803800000000e+002) | best noise-free fitness - Fopt | measured fitness | best measured fitness | x1 | x2...
1 +2.835115697e+006 +2.835115697e+006 +2.834935317e+006 +2.834935317e+006 +8.3311e+000 +1.9108e+000
3 +2.039660321e+006 +2.039660321e+006 +2.039479941e+006 +2.039479941e+006 +1.0529e+001 +4.9238e+000
12 +1.226003826e+004 +1.226003826e+004 +1.207965826e+004 +1.207965826e+004 +2.9905e+000 +3.3540e+000
16 +5.391070339e+003 +5.391070339e+003 +5.210690339e+003 +5.210690339e+003 +7.8745e+000 +3.3850e+000
18 +4.934561713e+002 +4.934561713e+002 +3.130761713e+002 +3.130761713e+002 +1.7657e+001 +3.4741e+000
32 +1.464717448e+002 +1.464717448e+002 -3.390825518e+001 -3.390825518e+001 +7.7919e+000 +3.4617e+000
97 +1.375246070e+002 +1.375246070e+002 -4.285539302e+001 -4.285539302e+001 +7.6093e+000 +3.4679e+000
111 +1.067821984e+002 +1.067821984e+002 -7.359780163e+001 -7.359780163e+001 +6.1083e+000 +3.4690e+000
116 +9.303461916e+001 +9.303461916e+001 -8.734538084e+001 -8.734538084e+001 +5.8195e+000 +3.4683e+000
119 +3.407859586e+001 +3.407859586e+001 -1.463014041e+002 -1.463014041e+002 -1.8292e+000 +3.4705e+000
124 +9.412863419e+000 +9.412863419e+000 -1.709671366e+002 -1.709671366e+002 -4.6655e+000 +3.4680e+000
187 +7.558547731e+000 +7.558547731e+000 -1.728214523e+002 -1.728214523e+002 -3.6129e+000 +3.4678e+000
195 +6.913499647e+000 +6.913499647e+000 -1.734665004e+002 -1.734665004e+002 -3.8776e+000 +3.4676e+000
200 +6.671768410e+000 +6.671768410e+000 -1.737082316e+002 -1.737082316e+002 -4.1514e+000 +3.4674e+000
201 +6.572526840e+000 +6.572526840e+000 -1.738074732e+002 -1.738074732e+002 -3.8374e+000 +3.4674e+000
206 +6.089005593e+000 +6.089005593e+000 -1.742909944e+002 -1.742909944e+002 -4.1539e+000 +3.4670e+000
216 +1.958174836e-001 +1.958174836e-001 -1.801841825e+002 -1.801841825e+002 -3.7450e+000 +3.4652e+000
234 +2.383392678e-002 +2.383392678e-002 -1.803561661e+002 -1.803561661e+002 -3.8981e+000 +3.4646e+000
258 +1.856969877e-002 +1.856969877e-002 -1.803614303e+002 -1.803614303e+002 -3.8701e+000 +3.4647e+000
263 +1.543714408e-002 +1.543714408e-002 -1.803645629e+002 -1.803645629e+002 -3.7678e+000 +3.4648e+000
268 +6.865680559e-003 +6.865680559e-003 -1.803731343e+002 -1.803731343e+002 -3.9420e+000 +3.4647e+000
312 +7.614262994e-004 +7.614262994e-004 -1.803792386e+002 -1.803792386e+002 -3.8919e+000 +3.4648e+000
355 +5.712074583e-004 +5.712074583e-004 -1.803794288e+002 -1.803794288e+002 -3.9129e+000 +3.4648e+000
375 +7.373758734e-006 +7.373758734e-006 -1.803799926e+002 -1.803799926e+002 -3.8912e+000 +3.4648e+000
399 +9.084814394e-007 +9.084814394e-007 -1.803799991e+002 -1.803799991e+002 -3.8937e+000 +3.4648e+000
416 +5.932378713e-007 +5.932378713e-007 -1.803799994e+002 -1.803799994e+002 -3.8926e+000 +3.4648e+000
421 +5.739498476e-007 +5.739498476e-007 -1.803799994e+002 -1.803799994e+002 -3.8922e+000 +3.4648e+000
424 +4.664224491e-007 +4.664224491e-007 -1.803799995e+002 -1.803799995e+002 -3.8931e+000 +3.4648e+000
431 +1.666182357e-007 +1.666182357e-007 -1.803799998e+002 -1.803799998e+002 -3.8929e+000 +3.4648e+000
438 +8.370579963e-008 +8.370579963e-008 -1.803799999e+002 -1.803799999e+002 -3.8931e+000 +3.4648e+000
443 +1.229190616e-008 +1.229190616e-008 -1.803800000e+002 -1.803800000e+002 -3.8927e+000 +3.4648e+000
480 +5.026407734e-009 +5.026407734e-009 -1.803800000e+002 -1.803800000e+002 -3.8928e+000 +3.4648e+000
631 +0.000000000e+000 +0.000000000e+000 -1.803800000e+002 -1.803800000e+002 -3.8928e+000 +3.4648e+000
