% function evaluation | noise-free fitness - Fopt (1.000000000000e+003) | best noise-free fitness - Fopt | measured fitness | best measured fitness | x1 | x2...
1 +4.687683453e+002 +4.687683453e+002 +1.468768345e+003 +1.468768345e+003 -6.0159e+000 -1.4790e+000 +5.9646e-001 -1.5943e+000 -1.2875e+000
2 +4.445197906e+002 +4.445197906e+002 +1.444519791e+003 +1.444519791e+003 -3.3651e+000 +1.0571e+000 -2.8852e+000 -3.4526e-002 +9.4277e-001
8 +2.777607236e+002 +2.777607236e+002 +1.277760724e+003 +1.277760724e+003 -6.7881e+000 +1.9586e+000 -1.4697e+000 +5.0161e+000 +2.9944e+000
10 +1.987869135e+002 +1.987869135e+002 +1.198786913e+003 +1.198786913e+003 -3.6837e+000 -5.3676e-001 +1.1764e+000 +6.6288e-001 +4.4485e+000
19 +1.859712496e+002 +1.859712496e+002 +1.185971250e+003 +1.185971250e+003 -3.7702e+000 -7.1445e-001 +2.7286e-001 +1.9927e+000 +1.2866e+000
35 +9.131536716e+001 +9.131536716e+001 +1.091315367e+003 +1.091315367e+003 -3.6715e+000 +8.5665e-001 +3.3914e+000 +2.3534e+000 +1.9734e+000
41 +9.044247552e+001 +9.044247552e+001 +1.090442476e+003 +1.090442476e+003 -2.1540e+000 +1.3664e+000 +3.6609e+000 +2.6752e+000 +3.8249e-001
51 +8.281712441e+001 +8.281712441e+001 +1.082817124e+003 +1.082817124e+003 -1.6410e+000 +7.1527e-001 +3.4788e+000 +2.5615e+000 +2.7460e+000
76 +7.992464330e+001 +7.992464330e+001 +1.079924643e+003 +1.079924643e+003 -6.4947e+000 +1.6059e+000 +4.6217e+000 +3.2109e+000 +4.3666e+000
88 +5.725864814e+001 +5.725864814e+001 +1.057258648e+003 +1.057258648e+003 -3.3425e+000 +4.1824e-002 +3.2233e+000 +2.9004e+000 +3.5567e+000
151 +4.651403026e+001 +4.651403026e+001 +1.046514030e+003 +1.046514030e+003 -2.9687e+000 +1.0571e+000 +4.7554e+000 +4.2715e+000 +3.7065e+000
192 +3.324053514e+001 +3.324053514e+001 +1.033240535e+003 +1.033240535e+003 -1.9052e+000 +1.4731e+000 +5.0943e+000 +4.2515e+000 +3.5294e+000
385 +2.963018006e+001 +2.963018006e+001 +1.029630180e+003 +1.029630180e+003 -2.9238e+000 +2.0052e+000 +3.6209e+000 +3.9922e+000 +3.1030e+000
474 +2.950921007e+001 +2.950921007e+001 +1.029509210e+003 +1.029509210e+003 -3.3408e+000 +2.9794e+000 +3.4757e+000 +3.1543e+000 +2.9330e+000
475 +1.274821114e+001 +1.274821114e+001 +1.012748211e+003 +1.012748211e+003 -3.2163e+000 +2.9999e+000 +3.6357e+000 +3.6110e+000 +2.8518e+000
648 +1.119812739e+001 +1.119812739e+001 +1.011198127e+003 +1.011198127e+003 -2.6312e+000 +2.8663e+000 +3.5648e+000 +3.2261e+000 +2.2718e+000
1725 +1.041077845e+001 +1.041077845e+001 +1.010410778e+003 +1.010410778e+003 -2.5323e+000 +2.2597e+000 +3.7961e+000 +4.0386e+000 +2.7438e+000
2773 +1.019319065e+001 +1.019319065e+001 +1.010193191e+003 +1.010193191e+003 -2.0839e+000 +4.0430e+000 +3.5010e+000 +3.7223e+000 +2.6977e+000
4296 +8.472247948e+000 +8.472247948e+000 +1.008472248e+003 +1.008472248e+003 -4.2617e+000 +2.4269e+000 +3.4678e+000 +3.3284e+000 +2.8917e+000
13139 +5.987307140e+000 +5.987307140e+000 +1.005987307e+003 +1.005987307e+003 -2.4648e+000 +2.9600e+000 +4.0877e+000 +3.3939e+000 +2.5130e+000
18577 +5.435317634e+000 +5.435317634e+000 +1.005435318e+003 +1.005435318e+003 -3.1302e+000 +3.3766e+000 +3.8403e+000 +3.5897e+000 +3.1076e+000
28768 +4.512192900e+000 +4.512192900e+000 +1.004512193e+003 +1.004512193e+003 -3.2425e+000 +3.4516e+000 +3.8474e+000 +3.5670e+000 +3.0598e+000
28839 +2.564571881e+000 +2.564571881e+000 +1.002564572e+003 +1.002564572e+003 -3.1184e+000 +3.4596e+000 +3.7976e+000 +3.6125e+000 +3.0376e+000
29086 +2.319315487e+000 +2.319315487e+000 +1.002319315e+003 +1.002319315e+003 -3.0761e+000 +3.5123e+000 +3.8800e+000 +3.9636e+000 +2.9726e+000
29127 +2.286239295e+000 +2.286239295e+000 +1.002286239e+003 +1.002286239e+003 -3.0564e+000 +3.4804e+000 +3.8775e+000 +3.9786e+000 +2.9987e+000
29150 +2.204398385e+000 +2.204398385e+000 +1.002204398e+003 +1.002204398e+003 -3.0709e+000 +3.4907e+000 +3.8760e+000 +3.9779e+000 +2.9931e+000
29189 +2.180264687e+000 +2.180264687e+000 +1.002180265e+003 +1.002180265e+003 -3.0721e+000 +3.4795e+000 +3.8784e+000 +3.9764e+000 +2.9901e+000
29201 +2.127363942e+000 +2.127363942e+000 +1.002127364e+003 +1.002127364e+003 -3.0758e+000 +3.4887e+000 +3.8908e+000 +3.9747e+000 +2.9873e+000
29318 +2.056034984e+000 +2.056034984e+000 +1.002056035e+003 +1.002056035e+003 -3.0619e+000 +3.4888e+000 +3.8800e+000 +3.9734e+000 +2.9888e+000
29329 +2.037482436e+000 +2.037482436e+000 +1.002037482e+003 +1.002037482e+003 -3.0649e+000 +3.4931e+000 +3.8772e+000 +3.9711e+000 +2.9873e+000
29823 +1.993368688e+000 +1.993368688e+000 +1.001993369e+003 +1.001993369e+003 -3.0721e+000 +3.4869e+000 +3.8824e+000 +3.9686e+000 +2.9860e+000
% function evaluation | noise-free fitness - Fopt (7.003000000000e+001) | best noise-free fitness - Fopt | measured fitness | best measured fitness | x1 | x2...
1 +5.418195221e+002 +5.418195221e+002 +6.118495221e+002 +6.118495221e+002 -1.0106e+001 +7.9147e-001 +1.6879e+000 +2.8488e+000 -4.2728e-002
2 +3.293956708e+002 +3.293956708e+002 +3.994256708e+002 +3.994256708e+002 -2.7696e+000 +2.9643e+000 +7.6103e-001 +2.4602e+000 +7.9146e-001
7 +2.708279017e+002 +2.708279017e+002 +3.408579017e+002 +3.408579017e+002 -4.7598e+000 +9.6095e-001 +3.3772e+000 +1.0948e+000 -2.0006e+000
16 +2.562568498e+002 +2.562568498e+002 +3.262868498e+002 +3.262868498e+002 -2.8385e+000 +2.5993e+000 +1.6475e+000 -6.4223e-001 +1.1971e+000
22 +1.620474626e+002 +1.620474626e+002 +2.320774626e+002 +2.320774626e+002 -4.0554e+000 -2.6239e+000 -2.8967e-001 +2.0139e+000 -1.4699e+000
36 +1.001192041e+002 +1.001192041e+002 +1.701492041e+002 +1.701492041e+002 -3.1956e+000 -2.0118e-001 -4.1581e-001 +7.8738e-001 -9.0035e-001
46 +5.490843848e+001 +5.490843848e+001 +1.249384385e+002 +1.249384385e+002 -2.3551e+000 -1.5687e+000 -7.9170e-001 -1.2483e+000 -8.0994e-001
99 +5.080727871e+001 +5.080727871e+001 +1.208372787e+002 +1.208372787e+002 -3.5613e+000 -2.5110e+000 -1.5111e+000 -1.4788e+000 -1.1412e-001
187 +4.228056117e+001 +4.228056117e+001 +1.123105612e+002 +1.123105612e+002 -7.5842e-001 -1.9184e+000 -4.8271e+000 -8.2334e-001 -9.5865e-001
231 +3.107670504e+001 +3.107670504e+001 +1.011067050e+002 +1.011067050e+002 -2.2679e+000 -2.9788e+000 -3.8959e+000 -9.6944e-001 +1.1241e+000
289 +2.452604835e+001 +2.452604835e+001 +9.455604835e+001 +9.455604835e+001 -1.0157e+000 -2.6519e+000 -4.0562e+000 -2.8670e+000 +1.4089e+000
692 +1.774960110e+001 +1.774960110e+001 +8.777960110e+001 +8.777960110e+001 -1.1649e+000 -1.3168e+000 -3.3438e+000 -2.2288e+000 +1.4221e-001
711 +1.723899623e+001 +1.723899623e+001 +8.726899623e+001 +8.726899623e+001 -1.6839e+000 -2.3633e+000 -3.6718e+000 -2.0976e+000 -4.9536e-001
809 +1.085312991e+001 +1.085312991e+001 +8.088312991e+001 +8.088312991e+001 -9.6106e-001 -1.7272e+000 -3.9628e+000 -2.0226e+000 +5.5546e-001
2859 +9.258336841e+000 +9.258336841e+000 +7.928833684e+001 +7.928833684e+001 -5.6381e-001 -2.1744e+000 -4.2224e+000 -1.9083e+000 +6.1915e-001
2884 +7.081504638e+000 +7.081504638e+000 +7.711150464e+001 +7.711150464e+001 -6.8682e-001 -1.5715e+000 -4.4078e+000 -2.2732e+000 +5.3023e-001
7423 +6.094037057e+000 +6.094037057e+000 +7.612403706e+001 +7.612403706e+001 -6.5371e-001 -2.4352e+000 -4.4163e+000 -2.0642e+000 -2.7857e-001
29480 +5.702613809e+000 +5.702613809e+000 +7.573261381e+001 +7.573261381e+001 -2.4676e-001 -2.3222e+000 -3.9570e+000 -1.9890e+000 -1.3175e-001
32117 +4.285792942e+000 +4.285792942e+000 +7.431579294e+001 +7.431579294e+001 -9.6015e-001 -2.2907e+000 -4.5884e+000 -2.1315e+000 +2.7130e-001
32231 +2.978431830e+000 +2.978431830e+000 +7.300843183e+001 +7.300843183e+001 -9.5444e-001 -2.3174e+000 -4.6160e+000 -2.1086e+000 +2.4330e-001
32275 +2.918426287e+000 +2.918426287e+000 +7.294842629e+001 +7.294842629e+001 -9.7293e-001 -2.3391e+000 -4.6146e+000 -2.0957e+000 +2.7706e-001
32282 +2.528886731e+000 +2.528886731e+000 +7.255888673e+001 +7.255888673e+001 -9.6453e-001 -2.3098e+000 -4.6052e+000 -2.0941e+000 +2.7284e-001
32345 +2.429407320e+000 +2.429407320e+000 +7.245940732e+001 +7.245940732e+001 -9.6826e-001 -2.3187e+000 -4.6015e+000 -2.1049e+000 +2.4890e-001
32367 +2.279922611e+000 +2.279922611e+000 +7.230992261e+001 +7.230992261e+001 -9.6827e-001 -2.3217e+000 -4.6076e+000 -2.1005e+000 +2.6548e-001
32525 +2.210404506e+000 +2.210404506e+000 +7.224040451e+001 +7.224040451e+001 -9.7124e-001 -2.3174e+000 -4.6020e+000 -2.0955e+000 +2.6497e-001
32556 +2.183974122e+000 +2.183974122e+000 +7.221397412e+001 +7.221397412e+001 -9.7105e-001 -2.3185e+000 -4.6134e+000 -2.0925e+000 +2.5019e-001
32574 +2.088551501e+000 +2.088551501e+000 +7.211855150e+001 +7.211855150e+001 -9.7081e-001 -2.3264e+000 -4.6122e+000 -2.0915e+000 +2.5656e-001
32694 +2.041695262e+000 +2.041695262e+000 +7.207169526e+001 +7.207169526e+001 -9.7030e-001 -2.3244e+000 -4.6121e+000 -2.0886e+000 +2.5749e-001
33612 +1.995047505e+000 +1.995047505e+000 +7.202504750e+001 +7.202504750e+001 -9.7784e-001 -2.3220e+000 -4.6086e+000 -2.0830e+000 +2.5655e-001
% function evaluation | noise-free fitness - Fopt (-4.822000000000e+001) | best noise-free fitness - Fopt | measured fitness | best measured fitness | x1 | x2...
1 +4.249269887e+003 +4.249269887e+003 +4.201049887e+003 +4.201049887e+003 -3.0224e+000 -1.8871e+001 +3.7984e+000 +1.0762e+000 -2.7366e+000
2 +9.046705027e+002 +9.046705027e+002 +8.564505027e+002 +8.564505027e+002 +3.9946e+000 -6.7368e+000 +3.8573e+000 -7.2637e-001 +9.9959e-001
8 +2.879414795e+002 +2.879414795e+002 +2.397214795e+002 +2.397214795e+002 +2.7051e+000 -3.2145e-001 +4.4409e+000 -1.7754e-001 -4.9793e+000
13 +2.767779159e+002 +2.767779159e+002 +2.285579159e+002 +2.285579159e+002 +1.2895e+000 -2.1157e+000 +3.0666e+000 -4.4637e-001 -7.2186e-001
15 +1.062872744e+002 +1.062872744e+002 +5.806727439e+001 +5.806727439e+001 +1.4310e+000 +6.6681e-002 +2.4064e-001 -7.6915e-001 -1.9593e+000
20 +8.453341609e+001 +8.453341609e+001 +3.631341609e+001 +3.631341609e+001 +1.1742e+000 -7.7641e-001 +3.2528e-002 -2.9596e-001 -2.6810e+000
32 +7.275711040e+001 +7.275711040e+001 +2.453711040e+001 +2.453711040e+001 +1.8463e+000 -1.8802e-001 -4.5749e+000 -8.4301e-002 -1.9741e+000
86 +6.920737821e+001 +6.920737821e+001 +2.098737821e+001 +2.098737821e+001 +6.1305e-001 -3.9179e-001 -4.9206e+000 +2.7344e-002 -3.1994e+000
102 +5.605818776e+001 +5.605818776e+001 +7.838187756e+000 +7.838187756e+000 +2.3905e-001 -1.1432e-001 -4.0946e+000 +9.3747e-001 -3.7416e+000
138 +4.151212876e+001 +4.151212876e+001 -6.707871243e+000 -6.707871243e+000 -2.2437e-001 -1.4788e+000 -4.4736e+000 -6.0327e-001 -2.5181e+000
182 +3.220511563e+001 +3.220511563e+001 -1.601488437e+001 -1.601488437e+001 +2.2765e-001 -6.7862e-001 -4.0600e+000 +8.6792e-002 -2.0329e+000
241 +1.675344032e+001 +1.675344032e+001 -3.146655968e+001 -3.146655968e+001 -1.3586e+000 -7.6030e-001 -1.6628e+000 -5.9408e-002 -2.7932e+000
432 +1.520730177e+001 +1.520730177e+001 -3.301269823e+001 -3.301269823e+001 -1.0619e+000 -6.2692e-001 -3.0801e+000 +2.0967e-002 -2.6501e+000
1466 +1.330265798e+001 +1.330265798e+001 -3.491734202e+001 -3.491734202e+001 -1.1088e+000 -6.9955e-001 -2.0530e+000 +1.2423e-001 -3.6947e+000
1668 +1.033101547e+001 +1.033101547e+001 -3.788898453e+001 -3.788898453e+001 -7.4548e-001 -1.1964e+000 -2.8441e+000 +1.4681e-002 -3.0978e+000
2550 +7.874380592e+000 +7.874380592e+000 -4.034561941e+001 -4.034561941e+001 -1.8457e+000 -1.4890e+000 -2.5501e+000 -3.9772e-001 -3.3025e+000
5095 +7.650250736e+000 +7.650250736e+000 -4.056974926e+001 -4.056974926e+001 -1.0135e+000 -9.6519e-001 -2.2502e+000 -1.1674e-001 -3.3537e+000
5685 +4.990592951e+000 +4.990592951e+000 -4.322940705e+001 -4.322940705e+001 -1.6133e+000 -1.3043e+000 -2.2984e+000 +5.0068e-004 -3.2569e+000
25101 +4.417409411e+000 +4.417409411e+000 -4.380259059e+001 -4.380259059e+001 -2.1863e+000 -9.5333e-001 -2.2106e+000 +5.0680e-001 -3.0198e+000
25103 +4.312587472e+000 +4.312587472e+000 -4.390741253e+001 -4.390741253e+001 -2.1519e+000 -9.4445e-001 -2.2144e+000 +4.8345e-001 -3.0183e+000
25157 +3.578228980e+000 +3.578228980e+000 -4.464177102e+001 -4.464177102e+001 -2.1483e+000 -9.0849e-001 -2.2168e+000 +4.9884e-001 -3.0335e+000
25178 +3.428716448e+000 +3.428716448e+000 -4.479128355e+001 -4.479128355e+001 -2.1725e+000 -9.2803e-001 -2.2087e+000 +5.1829e-001 -3.0237e+000
25295 +3.359447605e+000 +3.359447605e+000 -4.486055239e+001 -4.486055239e+001 -2.1691e+000 -9.2207e-001 -2.2235e+000 +5.2094e-001 -3.0300e+000
25317 +3.269069813e+000 +3.269069813e+000 -4.495093019e+001 -4.495093019e+001 -2.1670e+000 -9.2510e-001 -2.2161e+000 +5.1647e-001 -3.0285e+000
25728 +3.222766142e+000 +3.222766142e+000 -4.499723386e+001 -4.499723386e+001 -2.1629e+000 -9.2230e-001 -2.2119e+000 +5.1731e-001 -3.0297e+000
25994 +3.162018458e+000 +3.162018458e+000 -4.505798154e+001 -4.505798154e+001 -2.1579e+000 -9.1937e-001 -2.2178e+000 +5.1693e-001 -3.0280e+000
26269 +3.081462734e+000 +3.081462734e+000 -4.513853727e+001 -4.513853727e+001 -2.1494e+000 -9.1562e-001 -2.2225e+000 +5.1692e-001 -3.0267e+000
26496 +3.017733821e+000 +3.017733821e+000 -4.520226618e+001 -4.520226618e+001 -2.1445e+000 -9.1428e-001 -2.2259e+000 +5.1697e-001 -3.0220e+000
% function evaluation | noise-free fitness - Fopt (2.547000000000e+001) | best noise-free fitness - Fopt | measured fitness | best measured fitness | x1 | x2...
1 +5.702653304e+002 +5.702653304e+002 +5.957353304e+002 +5.957353304e+002 -1.6232e+000 +1.5506e-001 +4.7335e+000 +1.0348e+000 +2.9121e+000
3 +4.637063569e+002 +4.637063569e+002 +4.891763569e+002 +4.891763569e+002 -3.0404e+000 +3.0254e+000 +1.6462e+000 +1.5240e+000 +3.4947e+000
8 +3.228928766e+002 +3.228928766e+002 +3.483628766e+002 +3.483628766e+002 -1.0099e+001 +1.8194e+000 +6.6758e-001 -8.5440e-001 +4.4645e+000
12 +3.153114099e+002 +3.153114099e+002 +3.407814099e+002 +3.407814099e+002 -1.9287e+000 +8.5190e-001 -4.2633e+000 -8.4465e+000 +5.7828e+000
21 +2.537293752e+002 +2.537293752e+002 +2.791993752e+002 +2.791993752e+002 -5.3571e-001 +4.5525e-002 +2.9633e+000 -3.0891e-001 +2.8018e+000
24 +2.309383819e+002 +2.309383819e+002 +2.564083819e+002 +2.564083819e+002 -1.5296e+000 +6.2821e-001 -2.2464e+000 -2.2972e-001 +4.9468e+000
27 +1.562413182e+002 +1.562413182e+002 +1.817113182e+002 +1.817113182e+002 -3.7364e+000 -3.5561e-001 +1.7619e+000 -1.9275e+000 +4.5733e+000
33 +1.452109379e+002 +1.452109379e+002 +1.706809379e+002 +1.706809379e+002 -6.7563e+000 -1.2955e+000 +1.3494e+000 -1.0992e+000 +3.0207e+000
47 +1.160656451e+002 +1.160656451e+002 +1.415356451e+002 +1.415356451e+002 -1.1419e+000 +1.4368e+000 -8.8898e-001 -1.9880e+000 +1.8835e+000
59 +7.785712937e+001 +7.785712937e+001 +1.033271294e+002 +1.033271294e+002 -5.3206e+000 -5.5523e-001 -5.8118e-001 -9.3456e-001 +1.4865e+000
101 +5.223068891e+001 +5.223068891e+001 +7.770068891e+001 +7.770068891e+001 -3.4296e+000 -2.8496e+000 -1.0732e+000 -1.9453e+000 +3.5075e-001
116 +4.886127620e+001 +4.886127620e+001 +7.433127620e+001 +7.433127620e+001 -3.0476e+000 -5.7860e-001 -2.1425e+000 -2.5946e+000 -3.9533e-001
155 +3.035608684e+001 +3.035608684e+001 +5.582608684e+001 +5.582608684e+001 -2.6331e+000 -1.3898e+000 -2.1136e+000 -2.5310e+000 -2.4744e+000
210 +2.548702180e+001 +2.548702180e+001 +5.095702180e+001 +5.095702180e+001 -1.9004e+000 -8.1278e-001 -2.2904e+000 -2.7266e+000 -6.4666e-001
489 +2.308303071e+001 +2.308303071e+001 +4.855303071e+001 +4.855303071e+001 -3.5849e+000 -3.7771e-001 -2.2286e+000 -1.6322e+000 -2.7227e+000
580 +2.114629968e+001 +2.114629968e+001 +4.661629968e+001 +4.661629968e+001 -2.1923e+000 -4.3124e-001 -2.2516e+000 -2.3639e+000 -2.3401e+000
1012 +1.514190690e+001 +1.514190690e+001 +4.061190690e+001 +4.061190690e+001 -2.9845e+000 -1.8558e+000 -1.6534e+000 -2.1392e+000 -1.5796e+000
1019 +1.192549742e+001 +1.192549742e+001 +3.739549742e+001 +3.739549742e+001 -2.9876e+000 -1.6980e+000 -1.6289e+000 -2.1656e+000 -1.5262e+000
1047 +1.088198236e+001 +1.088198236e+001 +3.635198236e+001 +3.635198236e+001 -3.2474e+000 -1.5631e+000 -1.7182e+000 -2.0871e+000 -1.2672e+000
1111 +4.478312894e+000 +4.478312894e+000 +2.994831289e+001 +2.994831289e+001 -2.8992e+000 -1.7444e+000 -1.6405e+000 -2.0757e+000 -1.5806e+000
19538 +4.215518890e+000 +4.215518890e+000 +2.968551889e+001 +2.968551889e+001 -2.8861e+000 -1.6883e+000 -1.0400e+000 -2.4415e+000 -1.8222e+000
19562 +3.136609305e+000 +3.136609305e+000 +2.860660930e+001 +2.860660930e+001 -2.9275e+000 -1.6478e+000 -1.0524e+000 -2.4513e+000 -1.8422e+000
19580 +2.935117157e+000 +2.935117157e+000 +2.840511716e+001 +2.840511716e+001 -2.9225e+000 -1.6599e+000 -1.0813e+000 -2.4468e+000 -1.8484e+000
19608 +2.816511431e+000 +2.816511431e+000 +2.828651143e+001 +2.828651143e+001 -2.8963e+000 -1.6553e+000 -1.0675e+000 -2.4459e+000 -1.8505e+000
19620 +2.619932865e+000 +2.619932865e+000 +2.808993286e+001 +2.808993286e+001 -2.9065e+000 -1.6451e+000 -1.0692e+000 -2.4437e+000 -1.8418e+000
19627 +2.441130136e+000 +2.441130136e+000 +2.791113014e+001 +2.791113014e+001 -2.9017e+000 -1.6533e+000 -1.0664e+000 -2.4424e+000 -1.8211e+000
19689 +2.372062018e+000 +2.372062018e+000 +2.784206202e+001 +2.784206202e+001 -2.8972e+000 -1.6507e+000 -1.0679e+000 -2.4422e+000 -1.8205e+000
19710 +2.331211132e+000 +2.331211132e+000 +2.780121113e+001 +2.780121113e+001 -2.8987e+000 -1.6482e+000 -1.0677e+000 -2.4442e+000 -1.8235e+000
19737 +2.124140071e+000 +2.124140071e+000 +2.759414007e+001 +2.759414007e+001 -2.8871e+000 -1.6436e+000 -1.0761e+000 -2.4461e+000 -1.8119e+000
19828 +2.078602073e+000 +2.078602073e+000 +2.754860207e+001 +2.754860207e+001 -2.8902e+000 -1.6415e+000 -1.0796e+000 -2.4485e+000 -1.8136e+000
19882 +2.032703369e+000 +2.032703369e+000 +2.750270337e+001 +2.750270337e+001 -2.8795e+000 -1.6409e+000 -1.0841e+000 -2.4483e+000 -1.8157e+000
20182 +1.994912017e+000 +1.994912017e+000 +2.746491202e+001 +2.746491202e+001 -2.8794e+000 -1.6391e+000 -1.0875e+000 -2.4518e+000 -1.8117e+000
% function evaluation | noise-free fitness - Fopt (-1.008100000000e+002) | best noise-free fitness - Fopt | measured fitness | best measured fitness | x1 | x2...
1 +2.725779014e+002 +2.725779014e+002 +1.717679014e+002 +1.717679014e+002 +2.3690e+000 +1.0410e+000 -1.5224e+000 -3.6839e+000 -1.9177e-001
3 +2.473718492e+002 +2.473718492e+002 +1.465618492e+002 +1.465618492e+002 +3.5740e+000 +1.3916e+000 -5.0925e+000 +1.0863e+000 -8.7165e-001
9 +1.744379801e+002 +1.744379801e+002 +7.362798006e+001 +7.362798006e+001 +5.0054e+000 +1.4816e+000 -3.6051e+000 +2.4782e+000 -4.8071e+000
22 +1.248958371e+002 +1.248958371e+002 +2.408583709e+001 +2.408583709e+001 +1.7454e+000 +3.3653e+000 -6.8536e-001 +3.7850e+000 +8.8007e-001
46 +1.059109825e+002 +1.059109825e+002 +5.100982484e+000 +5.100982484e+000 +3.3464e+000 -4.1016e-001 -3.1216e+000 +2.9921e+000 -1.7952e+000
106 +1.019698129e+002 +1.019698129e+002 +1.159812881e+000 +1.159812881e+000 +2.2142e+000 +1.0919e+000 -9.2505e-001 +2.7917e+000 -2.9688e+000
108 +9.146040982e+001 +9.146040982e+001 -9.349590184e+000 -9.349590184e+000 +3.2625e+000 -2.6220e+000 -1.2642e-001 +2.7969e+000 +3.3440e+000
125 +9.002060555e+001 +9.002060555e+001 -1.078939445e+001 -1.078939445e+001 +3.8053e+000 +1.6287e-001 -1.2096e+000 +2.8679e+000 -1.0520e-001
179 +8.124949276e+001 +8.124949276e+001 -1.956050724e+001 -1.956050724e+001 +2.4389e+000 -6.3905e-001 -1.1033e+000 +3.2076e+000 -1.6933e+000
201 +7.280705436e+001 +7.280705436e+001 -2.800294564e+001 -2.800294564e+001 +2.2937e+000 -7.7742e-001 -1.4275e+000 +1.7011e+000 -1.5448e+000
202 +6.028927251e+001 +6.028927251e+001 -4.052072749e+001 -4.052072749e+001 +2.3072e+000 -2.1234e-001 -1.6327e+000 +3.1468e+000 -1.1531e+000
269 +6.023202394e+001 +6.023202394e+001 -4.057797606e+001 -4.057797606e+001 +3.0317e+000 -7.9959e-001 -1.5477e+000 +2.8721e+000 -3.6673e-001
292 +5.693000311e+001 +5.693000311e+001 -4.387999689e+001 -4.387999689e+001 +2.4792e+000 -3.4103e-001 -1.1367e+000 +2.6392e+000 -1.6703e-001
374 +5.496617620e+001 +5.496617620e+001 -4.584382380e+001 -4.584382380e+001 +2.9850e+000 +1.3940e+000 -9.3569e-001 +2.3991e+000 +3.1674e-001
378 +5.355486786e+001 +5.355486786e+001 -4.725513214e+001 -4.725513214e+001 +2.9201e+000 +5.8529e-001 -3.6608e-003 +2.5969e+000 +7.8516e-001
417 +4.370087076e+001 +4.370087076e+001 -5.710912924e+001 -5.710912924e+001 +3.7518e+000 +4.5432e-001 -3.7877e-001 +2.7984e+000 +2.3510e-001
601 +4.291952399e+001 +4.291952399e+001 -5.789047601e+001 -5.789047601e+001 +3.5171e+000 +3.6397e-002 -5.5399e-001 +1.2814e+000 +2.4755e-001
638 +2.484626360e+001 +2.484626360e+001 -7.596373640e+001 -7.596373640e+001 +2.8082e+000 -1.4686e-001 -1.9068e-001 +1.5321e+000 +7.0648e-001
865 +1.839508069e+001 +1.839508069e+001 -8.241491931e+001 -8.241491931e+001 +1.1236e+000 -2.2455e-001 +6.1105e-001 +8.1504e-001 +1.8499e+000
894 +6.359477453e+000 +6.359477453e+000 -9.445052255e+001 -9.445052255e+001 +1.3221e+000 +1.6630e-001 +5.8806e-001 +6.8823e-001 +2.4094e+000
28531 +5.282568226e+000 +5.282568226e+000 -9.552743177e+001 -9.552743177e+001 +1.0869e+000 +6.6581e-002 +9.2295e-001 +1.1829e+000 +2.5684e+000
41157 +5.002386216e+000 +5.002386216e+000 -9.580761378e+001 -9.580761378e+001 +1.2377e+000 -2.6773e-001 +1.0570e+000 +5.2531e-001 +3.0588e+000
43549 +4.681909300e+000 +4.681909300e+000 -9.612809070e+001 -9.612809070e+001 +1.2690e+000 +1.5013e+000 +1.3259e+000 +2.3193e-001 +3.4696e+000
60559 +4.643112367e+000 +4.643112367e+000 -9.616688763e+001 -9.616688763e+001 +5.9112e-001 +1.0576e+000 +1.9661e+000 -3.4666e-001 +2.9702e+000
60585 +4.514842520e+000 +4.514842520e+000 -9.629515748e+001 -9.629515748e+001 +5.9274e-001 +1.0551e+000 +1.9609e+000 -3.4568e-001 +2.9716e+000
60614 +4.456840241e+000 +4.456840241e+000 -9.635315976e+001 -9.635315976e+001 +5.9317e-001 +1.0624e+000 +1.9576e+000 -3.4438e-001 +2.9721e+000
60633 +4.315539696e+000 +4.315539696e+000 -9.649446030e+001 -9.649446030e+001 +5.9417e-001 +1.0572e+000 +1.9598e+000 -3.4268e-001 +2.9686e+000
60753 +4.210863370e+000 +4.210863370e+000 -9.659913663e+001 -9.659913663e+001 +5.9485e-001 +1.0555e+000 +1.9575e+000 -3.4095e-001 +2.9673e+000
60828 +4.157793172e+000 +4.157793172e+000 -9.665220683e+001 -9.665220683e+001 +5.9688e-001 +1.0596e+000 +1.9570e+000 -3.4111e-001 +2.9678e+000
60843 +4.061403288e+000 +4.061403288e+000 -9.674859671e+001 -9.674859671e+001 +5.9909e-001 +1.0552e+000 +1.9541e+000 -3.3964e-001 +2.9691e+000
60874 +3.921498637e+000 +3.921498637e+000 -9.688850136e+001 -9.688850136e+001 +5.9856e-001 +1.0573e+000 +1.9567e+000 -3.3360e-001 +2.9672e+000
60880 +3.851195335e+000 +3.851195335e+000 -9.695880466e+001 -9.695880466e+001 +5.9831e-001 +1.0547e+000 +1.9515e+000 -3.3326e-001 +2.9671e+000
60927 +3.735897046e+000 +3.735897046e+000 -9.707410295e+001 -9.707410295e+001 +6.0378e-001 +1.0576e+000 +1.9506e+000 -3.3375e-001 +2.9683e+000
60964 +3.678769350e+000 +3.678769350e+000 -9.713123065e+001 -9.713123065e+001 +6.0528e-001 +1.0601e+000 +1.9523e+000 -3.3206e-001 +2.9678e+000
60976 +3.621426767e+000 +3.621426767e+000 -9.718857323e+001 -9.718857323e+001 +6.0727e-001 +1.0624e+000 +1.9524e+000 -3.2691e-001 +2.9679e+000
61020 +3.546052901e+000 +3.546052901e+000 -9.726394710e+001 -9.726394710e+001 +6.0485e-001 +1.0644e+000 +1.9447e+000 -3.2531e-001 +2.9671e+000
61092 +3.413893086e+000 +3.413893086e+000 -9.739610691e+001 -9.739610691e+001 +6.0902e-001 +1.0631e+000 +1.9453e+000 -3.2550e-001 +2.9653e+000
61123 +3.350500977e+000 +3.350500977e+000 -9.745949902e+001 -9.745949902e+001 +6.1041e-001 +1.0630e+000 +1.9427e+000 -3.2211e-001 +2.9635e+000
61153 +3.303449426e+000 +3.303449426e+000 -9.750655057e+001 -9.750655057e+001 +6.2082e-001 +1.0627e+000 +1.9417e+000 -3.2203e-001 +2.9611e+000
61237 +3.214192833e+000 +3.214192833e+000 -9.759580717e+001 -9.759580717e+001 +6.1648e-001 +1.0672e+000 +1.9431e+000 -3.2438e-001 +2.9538e+000
61259 +3.160711100e+000 +3.160711100e+000 -9.764928890e+001 -9.764928890e+001 +6.2363e-001 +1.0725e+000 +1.9433e+000 -3.2137e-001 +2.9561e+000
61359 +3.089211941e+000 +3.089211941e+000 -9.772078806e+001 -9.772078806e+001 +6.1916e-001 +1.0702e+000 +1.9416e+000 -3.1745e-001 +2.9499e+000
61705 +3.013859027e+000 +3.013859027e+000 -9.779614097e+001 -9.779614097e+001 +6.2471e-001 +1.0757e+000 +1.9389e+000 -3.1309e-001 +2.9464e+000
% function evaluation | noise-free fitness - Fopt (-3.496000000000e+001) | best noise-free fitness - Fopt | measured fitness | best measured fitness | x1 | x2...
1 +8.618206518e+003 +8.618206518e+003 +8.583246518e+003 +8.583246518e+003 -1.9471e+001 +2.3158e+001 +1.5690e+000 -5.7570e+000 -8.7086e+000
2 +1.372734980e+003 +1.372734980e+003 +1.337774980e+003 +1.337774980e+003 -4.2845e+000 -1.6266e+001 +1.5753e+000 -1.1048e+001 -2.4213e+000
3 +4.272841152e+002 +4.272841152e+002 +3.923241152e+002 +3.923241152e+002 -3.8899e+000 -1.6663e+000 +2.0379e+000 -3.3255e+000 -1.3687e+000
14 +3.479596596e+002 +3.479596596e+002 +3.129996596e+002 +3.129996596e+002 -3.1705e+000 -2.3138e+000 -6.7720e-001 -5.5055e+000 -1.8963e+000
26 +2.303728093e+002 +2.303728093e+002 +1.954128093e+002 +1.954128093e+002 -3.1738e+000 -2.7809e+000 +2.0810e-002 -2.6140e+000 -2.6064e-001
33 +1.960367713e+002 +1.960367713e+002 +1.610767713e+002 +1.610767713e+002 -5.5495e+000 -2.1537e+000 -2.8584e+000 -5.3357e-001 -4.0112e-001
58 +1.287633840e+002 +1.287633840e+002 +9.380338398e+001 +9.380338398e+001 -3.4563e+000 -3.0077e+000 -2.9081e+000 +8.7889e-001 -4.6445e-001
83 +1.217883253e+002 +1.217883253e+002 +8.682832534e+001 +8.682832534e+001 -2.1156e+000 -3.2375e+000 -1.8103e+000 -1.4306e+000 +3.2933e-001
98 +1.008452904e+002 +1.008452904e+002 +6.588529037e+001 +6.588529037e+001 -1.0031e+000 -2.8455e+000 -1.6641e+000 -1.7589e+000 -3.9308e-001
109 +9.765987544e+001 +9.765987544e+001 +6.269987544e+001 +6.269987544e+001 +4.2574e-001 -3.2452e+000 -3.4962e+000 +2.2985e-001 -1.5952e-003
111 +8.744731433e+001 +8.744731433e+001 +5.248731433e+001 +5.248731433e+001 +6.9858e-001 -2.1384e+000 -2.8002e+000 -4.4119e-001 +1.8761e-001
118 +4.929838519e+001 +4.929838519e+001 +1.433838519e+001 +1.433838519e+001 +6.8403e-001 -2.5668e+000 -1.4959e+000 -3.6869e-002 +6.7140e-001
158 +2.953362830e+001 +2.953362830e+001 -5.426371696e+000 -5.426371696e+000 +6.6788e-001 -3.6145e+000 -2.0020e+000 -4.7497e-001 -6.1464e-002
233 +2.692948601e+001 +2.692948601e+001 -8.030513987e+000 -8.030513987e+000 +9.4430e-001 -4.9298e+000 -2.1208e+000 -1.0778e-001 -1.4468e+000
687 +1.827378753e+001 +1.827378753e+001 -1.668621247e+001 -1.668621247e+001 +1.7983e+000 -3.1396e+000 -1.9108e+000 +9.4957e-001 -1.3967e+000
710 +1.748752022e+001 +1.748752022e+001 -1.747247978e+001 -1.747247978e+001 +1.7937e+000 -3.1569e+000 -2.2999e+000 +1.0389e+000 -7.9506e-001
1142 +1.032643509e+001 +1.032643509e+001 -2.463356491e+001 -2.463356491e+001 +1.3029e+000 -3.3889e+000 -3.2606e+000 +1.4881e+000 -1.5091e+000
1814 +1.017001362e+001 +1.017001362e+001 -2.478998638e+001 -2.478998638e+001 +1.0503e+000 -2.2891e+000 -1.9353e+000 +2.1444e+000 -1.9621e+000
4334 +9.609089086e+000 +9.609089086e+000 -2.535091091e+001 -2.535091091e+001 +1.0212e+000 -3.0181e+000 -3.3597e+000 +2.9727e+000 -2.7575e+000
4360 +8.778628325e+000 +8.778628325e+000 -2.618137168e+001 -2.618137168e+001 +1.0153e+000 -2.9866e+000 -3.2658e+000 +3.0272e+000 -2.7133e+000
4408 +7.723541085e+000 +7.723541085e+000 -2.723645892e+001 -2.723645892e+001 +9.6374e-001 -2.9553e+000 -3.2872e+000 +3.0363e+000 -2.7486e+000
4425 +6.879774684e+000 +6.879774684e+000 -2.808022532e+001 -2.808022532e+001 +9.9606e-001 -2.9747e+000 -3.2901e+000 +3.0240e+000 -2.7576e+000
4428 +6.248458734e+000 +6.248458734e+000 -2.871154127e+001 -2.871154127e+001 +9.6347e-001 -2.9987e+000 -3.2776e+000 +3.0678e+000 -2.7250e+000
4445 +5.427084460e+000 +5.427084460e+000 -2.953291554e+001 -2.953291554e+001 +9.7827e-001 -2.9717e+000 -3.3212e+000 +3.0527e+000 -2.7716e+000
4475 +5.293486534e+000 +5.293486534e+000 -2.966651347e+001 -2.966651347e+001 +9.6352e-001 -2.9803e+000 -3.3059e+000 +3.0521e+000 -2.7497e+000
4480 +5.136843902e+000 +5.136843902e+000 -2.982315610e+001 -2.982315610e+001 +9.4543e-001 -3.0055e+000 -3.2907e+000 +3.0799e+000 -2.7484e+000
4485 +4.149597847e+000 +4.149597847e+000 -3.081040215e+001 -3.081040215e+001 +9.4369e-001 -3.0404e+000 -3.2949e+000 +3.0541e+000 -2.7515e+000
4496 +3.917618952e+000 +3.917618952e+000 -3.104238105e+001 -3.104238105e+001 +9.5922e-001 -3.0274e+000 -3.2971e+000 +3.0409e+000 -2.7512e+000
4528 +2.933522715e+000 +2.933522715e+000 -3.202647728e+001 -3.202647728e+001 +9.3778e-001 -3.0636e+000 -3.3219e+000 +3.0272e+000 -2.7411e+000
4578 +2.480774186e+000 +2.480774186e+000 -3.247922581e+001 -3.247922581e+001 +9.5660e-001 -3.0945e+000 -3.3177e+000 +2.9888e+000 -2.7486e+000
5044 +2.367737233e+000 +2.367737233e+000 -3.259226277e+001 -3.259226277e+001 +9.7225e-001 -3.0965e+000 -3.3250e+000 +2.9904e+000 -2.7520e+000
5098 +2.335508557e+000 +2.335508557e+000 -3.262449144e+001 -3.262449144e+001 +9.6733e-001 -3.0939e+000 -3.3232e+000 +2.9903e+000 -2.7496e+000
5167 +2.272796310e+000 +2.272796310e+000 -3.268720369e+001 -3.268720369e+001 +9.6559e-001 -3.0992e+000 -3.3238e+000 +2.9839e+000 -2.7452e+000
5188 +2.201837228e+000 +2.201837228e+000 -3.275816277e+001 -3.275816277e+001 +9.7607e-001 -3.1092e+000 -3.3224e+000 +2.9804e+000 -2.7427e+000
5251 +2.183540462e+000 +2.183540462e+000 -3.277645954e+001 -3.277645954e+001 +9.7004e-001 -3.1043e+000 -3.3212e+000 +2.9805e+000 -2.7431e+000
5255 +2.103605664e+000 +2.103605664e+000 -3.285639434e+001 -3.285639434e+001 +9.7775e-001 -3.1019e+000 -3.3145e+000 +2.9744e+000 -2.7370e+000
5384 +2.060413975e+000 +2.060413975e+000 -3.289958603e+001 -3.289958603e+001 +9.7140e-001 -3.1093e+000 -3.3123e+000 +2.9743e+000 -2.7349e+000
5456 +2.041736296e+000 +2.041736296e+000 -3.291826370e+001 -3.291826370e+001 +9.8264e-001 -3.1101e+000 -3.3138e+000 +2.9648e+000 -2.7367e+000
5810 +1.994695648e+000 +1.994695648e+000 -3.296530435e+001 -3.296530435e+001 +9.7911e-001 -3.1128e+000 -3.3082e+000 +2.9662e+000 -2.7311e+000
% function evaluation | noise-free fitness - Fopt (-2.727900000000e+002) | best noise-free fitness - Fopt | measured fitness | best measured fitness | x1 | x2...
1 +4.811694111e+002 +4.811694111e+002 +2.083794111e+002 +2.083794111e+002 +1.7416e+000 +2.9021e+000 +6.0062e-001 +5.9399e-001 +5.4294e+000
2 +4.476049182e+002 +4.476049182e+002 +1.748149182e+002 +1.748149182e+002 -2.2108e+000 +5.1264e+000 -1.9260e-001 +2.4368e+000 -7.7558e-001
3 +2.986351544e+002 +2.986351544e+002 +2.584515436e+001 +2.584515436e+001 +5.1043e+000 +3.4129e+000 -1.1918e+000 +3.9043e-002 -8.5329e-001
4 +2.019318922e+002 +2.019318922e+002 -7.085810777e+001 -7.085810777e+001 +2.7750e+000 +1.3303e+000 -1.0863e+000 +3.6334e-001 -6.9682e-001
6 +1.659534449e+002 +1.659534449e+002 -1.068365551e+002 -1.068365551e+002 -5.0612e+000 +1.5117e+000 +3.5266e-001 +5.1507e-001 +5.1909e+000
7 +1.401421110e+002 +1.401421110e+002 -1.326478890e+002 -1.326478890e+002 +3.4566e+000 +1.5559e+000 +5.5769e-001 -2.3586e+000 -1.0548e+000
34 +7.441918190e+001 +7.441918190e+001 -1.983708181e+002 -1.983708181e+002 +1.0328e+000 +1.7588e+000 -1.7991e-001 -2.0776e+000 -2.5972e-001
49 +6.151706234e+001 +6.151706234e+001 -2.112729377e+002 -2.112729377e+002 -1.6378e+000 +1.9030e+000 -5.5465e-001 -2.4041e+000 -6.1226e-001
141 +5.277768094e+001 +5.277768094e+001 -2.200123191e+002 -2.200123191e+002 +7.2027e-001 +7.5258e-001 +2.2810e-001 -4.0934e+000 -4.7832e-001
183 +4.814402085e+001 +4.814402085e+001 -2.246459792e+002 -2.246459792e+002 +7.4361e-001 +6.6798e-001 -2.0652e-001 -3.0404e+000 -4.0646e-001
193 +4.589900073e+001 +4.589900073e+001 -2.268909993e+002 -2.268909993e+002 +6.6451e-001 +8.5406e-001 -1.2309e-001 -4.0812e+000 -5.4209e-002
204 +2.845334728e+001 +2.845334728e+001 -2.443366527e+002 -2.443366527e+002 +5.2148e-001 +9.9944e-001 +5.7379e-001 -4.0040e+000 -3.7442e-001
922 +2.602027866e+001 +2.602027866e+001 -2.467697213e+002 -2.467697213e+002 -1.7533e+000 +5.1597e-001 +2.4026e+000 -3.9207e+000 -1.4332e-001
1018 +2.335682116e+001 +2.335682116e+001 -2.494331788e+002 -2.494331788e+002 -2.2475e+000 +8.7181e-001 +1.4547e+000 -3.4844e+000 +4.9998e-003
1025 +2.218091405e+001 +2.218091405e+001 -2.506090859e+002 -2.506090859e+002 -3.1226e+000 +2.8343e-001 +2.3222e+000 -3.5924e+000 +5.4853e-002
1538 +2.020534261e+001 +2.020534261e+001 -2.525846574e+002 -2.525846574e+002 -2.4396e+000 +4.2755e-001 +7.2988e-001 -3.3224e+000 -3.0000e-001
1561 +1.100001697e+001 +1.100001697e+001 -2.617899830e+002 -2.617899830e+002 -2.4428e+000 +7.7763e-001 +1.6641e+000 -2.7475e+000 -3.4926e-001
2885 +8.287630252e+000 +8.287630252e+000 -2.645023697e+002 -2.645023697e+002 -3.1156e+000 -5.1754e-001 +1.4306e+000 -2.8787e+000 +1.5205e+000
2925 +6.527789918e+000 +6.527789918e+000 -2.662622101e+002 -2.662622101e+002 -3.0453e+000 -5.6433e-001 +1.4608e+000 -2.9582e+000 +1.5282e+000
3376 +6.344462654e+000 +6.344462654e+000 -2.664455373e+002 -2.664455373e+002 -3.1263e+000 -4.4984e-001 +1.5261e+000 -3.7778e+000 +1.6560e+000
3380 +6.258969979e+000 +6.258969979e+000 -2.665310300e+002 -2.665310300e+002 -3.1161e+000 -4.5065e-001 +1.5253e+000 -3.7888e+000 +1.6792e+000
3415 +6.141281532e+000 +6.141281532e+000 -2.666487185e+002 -2.666487185e+002 -3.1350e+000 -4.3587e-001 +1.5258e+000 -3.7711e+000 +1.6822e+000
3466 +6.020963447e+000 +6.020963447e+000 -2.667690366e+002 -2.667690366e+002 -3.1116e+000 -4.4193e-001 +1.5278e+000 -3.7776e+000 +1.6752e+000
% function evaluation | noise-free fitness - Fopt (1.410200000000e+002) | best noise-free fitness - Fopt | measured fitness | best measured fitness | x1 | x2...
1 +3.112030795e+002 +3.112030795e+002 +4.522230795e+002 +4.522230795e+002 -4.2519e+000 +3.5079e+000 +4.4137e+000 +1.3589e+000 +9.1006e-002
3 +3.023922848e+002 +3.023922848e+002 +4.434122848e+002 +4.434122848e+002 -5.8700e+000 +1.2013e+000 +3.6909e+000 +3.1504e-001 +4.5456e+000
7 +2.881849498e+002 +2.881849498e+002 +4.292049498e+002 +4.292049498e+002 -2.8810e+000 +4.2393e+000 +3.6358e+000 +9.2781e-001 +2.2115e+000
8 +2.348144282e+002 +2.348144282e+002 +3.758344282e+002 +3.758344282e+002 -9.4657e+000 -1.0655e+000 +3.9216e+000 +1.4819e+000 +1.9542e+000
23 +2.212445216e+002 +2.212445216e+002 +3.622645216e+002 +3.622645216e+002 -6.6951e+000 +4.7518e+000 +9.7333e-001 +1.0723e+000 +1.0224e+000
32 +1.197931560e+002 +1.197931560e+002 +2.608131560e+002 +2.608131560e+002 -6.7865e+000 +1.0261e+000 +1.6090e-001 +1.6816e+000 +2.9760e+000
40 +9.967934997e+001 +9.967934997e+001 +2.406993500e+002 +2.406993500e+002 -5.8497e+000 +3.2080e+000 -3.8100e-001 -2.8677e+000 +2.0865e+000
87 +9.639032668e+001 +9.639032668e+001 +2.374103267e+002 +2.374103267e+002 -6.4678e+000 +2.5626e+000 -1.9641e+000 -2.7662e+000 +3.1322e+000
91 +7.627755077e+001 +7.627755077e+001 +2.172975508e+002 +2.172975508e+002 -6.0450e+000 +2.4012e+000 -2.0098e+000 -4.9900e-001 +4.1614e+000
102 +6.679127733e+001 +6.679127733e+001 +2.078112773e+002 +2.078112773e+002 -3.9444e+000 +3.7654e+000 -2.9425e+000 -1.1195e+000 +4.4543e+000
130 +5.739112538e+001 +5.739112538e+001 +1.984111254e+002 +1.984111254e+002 +2.6848e-001 +4.4689e+000 -3.7437e+000 -3.9897e+000 +5.0087e+000
154 +4.898138261e+001 +4.898138261e+001 +1.900013826e+002 +1.900013826e+002 -3.0837e+000 +1.1061e+000 -3.0953e+000 -3.3052e+000 +4.4378e+000
193 +3.872403222e+001 +3.872403222e+001 +1.797440322e+002 +1.797440322e+002 -3.0246e+000 +2.7989e+000 -3.5320e+000 -3.1127e+000 +4.4704e+000
263 +3.023931040e+001 +3.023931040e+001 +1.712593104e+002 +1.712593104e+002 -2.0029e+000 +3.0637e+000 -4.1720e+000 -2.8828e+000 +3.7799e+000
275 +2.639085485e+001 +2.639085485e+001 +1.674108549e+002 +1.674108549e+002 -2.3305e+000 +3.2342e+000 -3.5674e+000 -3.7479e+000 +4.3416e+000
398 +2.403014951e+001 +2.403014951e+001 +1.650501495e+002 +1.650501495e+002 -2.5748e+000 +6.2096e-001 -3.4574e+000 -3.3098e+000 +2.5125e+000
458 +2.277127472e+001 +2.277127472e+001 +1.637912747e+002 +1.637912747e+002 -2.9860e+000 +2.2965e+000 -2.9652e+000 -4.1886e+000 +3.4313e+000
485 +2.142435211e+001 +2.142435211e+001 +1.624443521e+002 +1.624443521e+002 -3.5714e+000 +2.4995e+000 -2.7146e+000 -4.2468e+000 +2.8898e+000
489 +1.843769962e+001 +1.843769962e+001 +1.594576996e+002 +1.594576996e+002 -2.0001e+000 +2.3251e+000 -2.9717e+000 -3.8753e+000 +3.5891e+000
559 +1.576940006e+001 +1.576940006e+001 +1.567894001e+002 +1.567894001e+002 -2.0991e+000 +2.5004e+000 -2.9407e+000 -3.7631e+000 +3.5512e+000
1385 +9.267874747e+000 +9.267874747e+000 +1.502878747e+002 +1.502878747e+002 -1.6200e+000 +2.0095e+000 -3.0934e+000 -4.1395e+000 +3.3403e+000
2915 +8.562712237e+000 +8.562712237e+000 +1.495827122e+002 +1.495827122e+002 -1.5906e+000 +1.6080e+000 -3.7030e+000 -4.3287e+000 +3.5432e+000
2927 +7.883130742e+000 +7.883130742e+000 +1.489031307e+002 +1.489031307e+002 -1.6429e+000 +1.6779e+000 -3.7510e+000 -4.4140e+000 +3.5226e+000
3033 +5.842019197e+000 +5.842019197e+000 +1.468620192e+002 +1.468620192e+002 -1.5468e+000 +1.6194e+000 -3.6638e+000 -4.4470e+000 +3.4511e+000
3091 +5.742072730e+000 +5.742072730e+000 +1.467620727e+002 +1.467620727e+002 -1.5823e+000 +1.6123e+000 -3.6449e+000 -4.3643e+000 +3.4674e+000
3157 +5.570407102e+000 +5.570407102e+000 +1.465904071e+002 +1.465904071e+002 -1.5944e+000 +1.5989e+000 -3.6505e+000 -4.3799e+000 +3.4552e+000
3233 +5.351093039e+000 +5.351093039e+000 +1.463710930e+002 +1.463710930e+002 -1.5940e+000 +1.6046e+000 -3.6937e+000 -4.3934e+000 +3.4745e+000
3288 +5.183366992e+000 +5.183366992e+000 +1.462033670e+002 +1.462033670e+002 -1.5737e+000 +1.5952e+000 -3.6505e+000 -4.3773e+000 +3.4593e+000
3292 +5.122717046e+000 +5.122717046e+000 +1.461427170e+002 +1.461427170e+002 -1.5797e+000 +1.6041e+000 -3.6471e+000 -4.3853e+000 +3.4545e+000
3294 +4.994083231e+000 +4.994083231e+000 +1.460140832e+002 +1.460140832e+002 -1.5509e+000 +1.6006e+000 -3.6426e+000 -4.3902e+000 +3.4702e+000
3355 +4.668381749e+000 +4.668381749e+000 +1.456883817e+002 +1.456883817e+002 -1.5514e+000 +1.6004e+000 -3.6606e+000 -4.3840e+000 +3.4812e+000
3387 +4.551129793e+000 +4.551129793e+000 +1.455711298e+002 +1.455711298e+002 -1.5666e+000 +1.6060e+000 -3.6907e+000 -4.3813e+000 +3.4905e+000
3410 +4.310864045e+000 +4.310864045e+000 +1.453308640e+002 +1.453308640e+002 -1.5667e+000 +1.6032e+000 -3.6805e+000 -4.3921e+000 +3.4916e+000
3426 +4.090219071e+000 +4.090219071e+000 +1.451102191e+002 +1.451102191e+002 -1.5408e+000 +1.6063e+000 -3.6870e+000 -4.3955e+000 +3.5155e+000
3458 +4.022298297e+000 +4.022298297e+000 +1.450422983e+002 +1.450422983e+002 -1.5600e+000 +1.6053e+000 -3.7010e+000 -4.3938e+000 +3.5018e+000
3478 +3.947482626e+000 +3.947482626e+000 +1.449674826e+002 +1.449674826e+002 -1.5588e+000 +1.6088e+000 -3.6906e+000 -4.3968e+000 +3.4944e+000
3507 +3.857536317e+000 +3.857536317e+000 +1.448775363e+002 +1.448775363e+002 -1.5564e+000 +1.6091e+000 -3.6918e+000 -4.3995e+000 +3.4963e+000
3521 +3.752228164e+000 +3.752228164e+000 +1.447722282e+002 +1.447722282e+002 -1.5388e+000 +1.6088e+000 -3.6917e+000 -4.4008e+000 +3.5007e+000
3527 +3.699890633e+000 +3.699890633e+000 +1.447198906e+002 +1.447198906e+002 -1.5530e+000 +1.6134e+000 -3.6903e+000 -4.4034e+000 +3.5001e+000
3605 +3.625210684e+000 +3.625210684e+000 +1.446452107e+002 +1.446452107e+002 -1.5471e+000 +1.6111e+000 -3.6941e+000 -4.4037e+000 +3.5048e+000
3656 +3.527373962e+000 +3.527373962e+000 +1.445473740e+002 +1.445473740e+002 -1.5473e+000 +1.6174e+000 -3.6962e+000 -4.4030e+000 +3.5102e+000
3732 +3.465297393e+000 +3.465297393e+000 +1.444852974e+002 +1.444852974e+002 -1.5412e+000 +1.6189e+000 -3.6964e+000 -4.4055e+000 +3.5127e+000
3792 +3.376717950e+000 +3.376717950e+000 +1.443967180e+002 +1.443967180e+002 -1.5411e+000 +1.6215e+000 -3.6962e+000 -4.4114e+000 +3.5081e+000
3890 +3.301640883e+000 +3.301640883e+000 +1.443216409e+002 +1.443216409e+002 -1.5388e+000 +1.6198e+000 -3.6997e+000 -4.4137e+000 +3.5124e+000
3986 +3.210460791e+000 +3.210460791e+000 +1.442304608e+002 +1.442304608e+002 -1.5258e+000 +1.6238e+000 -3.7008e+000 -4.4244e+000 +3.5149e+000
4043 +3.161446742e+000 +3.161446742e+000 +1.441814467e+002 +1.441814467e+002 -1.5312e+000 +1.6253e+000 -3.7034e+000 -4.4230e+000 +3.5132e+000
4138 +3.074903336e+000 +3.074903336e+000 +1.440949033e+002 +1.440949033e+002 -1.5278e+000 +1.6282e+000 -3.7097e+000 -4.4268e+000 +3.5169e+000
4284 +3.016803624e+000 +3.016803624e+000 +1.440368036e+002 +1.440368036e+002 -1.5336e+000 +1.6311e+000 -3.7141e+000 -4.4259e+000 +3.5242e+000
% function evaluation | noise-free fitness - Fopt (8.113000000000e+001) | best noise-free fitness - Fopt | measured fitness | best measured fitness | x1 | x2...
1 +9.939904323e+002 +9.939904323e+002 +1.075120432e+003 +1.075120432e+003 -3.4649e+000 -1.1274e+000 -4.3500e+000 -3.6899e+000 +3.7912e+000
3 +7.584124864e+002 +7.584124864e+002 +8.395424864e+002 +8.395424864e+002 -5.8920e-001 +3.9984e+000 -3.7331e+000 +5.6010e+000 +2.4610e+000
4 +7.374207239e+002 +7.374207239e+002 +8.185507239e+002 +8.185507239e+002 -3.4433e+000 +7.0528e+000 -2.0152e+000 +2.5390e-001 -1.6678e-001
6 +5.744219459e+002 +5.744219459e+002 +6.555519459e+002 +6.555519459e+002 -3.2451e+000 +1.5089e+000 -1.1671e+000 -3.2098e+000 +1.9831e-001
25 +4.172121973e+002 +4.172121973e+002 +4.983421973e+002 +4.983421973e+002 -4.5584e-001 -5.6794e-001 -1.6319e+000 -2.5467e+000 +1.9407e+000
27 +4.113570225e+002 +4.113570225e+002 +4.924870225e+002 +4.924870225e+002 -1.5675e+000 +2.2176e+000 +2.8626e+000 -3.5935e+000 +2.0774e-001
34 +3.866730214e+002 +3.866730214e+002 +4.678030214e+002 +4.678030214e+002 -6.1373e-001 +1.9878e+000 -1.1323e+000 -2.7585e+000 -1.0467e+001
35 +3.102108422e+002 +3.102108422e+002 +3.913408422e+002 +3.913408422e+002 -5.5509e-001 -2.0889e+000 -1.4723e+000 +3.8778e-001 +8.2387e-001
37 +3.023845698e+002 +3.023845698e+002 +3.835145698e+002 +3.835145698e+002 -1.3029e+000 -6.5712e-001 -1.2845e+000 +2.0109e+000 -8.0058e-002
56 +2.683902639e+002 +2.683902639e+002 +3.495202639e+002 +3.495202639e+002 -8.4400e-001 -3.7910e+000 -1.3398e+000 +5.6100e+000 -2.1010e+000
57 +2.121173219e+002 +2.121173219e+002 +2.932473219e+002 +2.932473219e+002 -3.1645e+000 -2.8275e+000 +3.9465e+000 +2.4701e+000 -2.4941e+000
58 +1.950211207e+002 +1.950211207e+002 +2.761511207e+002 +2.761511207e+002 +2.5718e+000 +2.8691e+000 -3.7134e+000 +8.1429e-001 -1.5870e+000
66 +1.432776912e+002 +1.432776912e+002 +2.244076912e+002 +2.244076912e+002 +1.4500e+000 -4.3505e+000 -5.9893e-002 +1.5787e-003 -2.3717e+000
109 +1.153578662e+002 +1.153578662e+002 +1.964878662e+002 +1.964878662e+002 +7.4155e-001 +2.2773e+000 +1.2897e-001 +2.9158e-001 -2.7699e+000
114 +1.086576546e+002 +1.086576546e+002 +1.897876546e+002 +1.897876546e+002 +4.3956e-001 -2.6788e+000 +2.7087e+000 +1.7017e+000 -2.4780e+000
140 +9.409714088e+001 +9.409714088e+001 +1.752271409e+002 +1.752271409e+002 +4.0588e-001 +6.3912e-001 +3.5326e-001 -1.1523e+000 -4.1165e+000
149 +6.679552253e+001 +6.679552253e+001 +1.479255225e+002 +1.479255225e+002 +7.8068e-001 +9.1826e-001 +1.2955e+000 -6.6122e-001 -4.5849e+000
216 +6.535771489e+001 +6.535771489e+001 +1.464877149e+002 +1.464877149e+002 +4.4343e-001 -4.7045e-001 +8.5332e-001 +7.0709e-002 -3.9980e+000
245 +4.987925882e+001 +4.987925882e+001 +1.310092588e+002 +1.310092588e+002 +7.2690e-001 +1.2246e+000 +1.2771e+000 -6.0628e-001 -4.1595e+000
279 +4.693613324e+001 +4.693613324e+001 +1.280661332e+002 +1.280661332e+002 +2.5074e+000 +3.1578e-001 +1.2617e+000 -1.5687e+000 -4.3112e+000
327 +4.515510826e+001 +4.515510826e+001 +1.262851083e+002 +1.262851083e+002 +2.0344e+000 +9.1140e-001 +1.8225e+000 -2.7330e+000 -3.2599e+000
368 +3.773026547e+001 +3.773026547e+001 +1.188602655e+002 +1.188602655e+002 +2.6589e+000 +2.1353e+000 +2.0825e+000 -2.7433e+000 -3.7123e+000
369 +3.633400405e+001 +3.633400405e+001 +1.174640041e+002 +1.174640041e+002 +3.3042e+000 +2.4667e-001 +1.8931e+000 -3.7965e+000 -4.8297e+000
376 +2.872494877e+001 +2.872494877e+001 +1.098549488e+002 +1.098549488e+002 +3.0853e+000 +1.8223e+000 +9.9181e-001 -3.4838e+000 -4.6079e+000
402 +2.667475328e+001 +2.667475328e+001 +1.078047533e+002 +1.078047533e+002 +3.0671e+000 +8.5306e-001 +1.9358e+000 -2.7600e+000 -3.5802e+000
430 +2.015898174e+001 +2.015898174e+001 +1.012889817e+002 +1.012889817e+002 +2.9498e+000 +4.2353e-001 +1.7027e+000 -1.4690e+000 -4.1207e+000
532 +1.673903292e+001 +1.673903292e+001 +9.786903292e+001 +9.786903292e+001 +2.4730e+000 +1.0827e+000 +1.5028e+000 -2.5362e+000 -3.5580e+000
538 +1.578500062e+001 +1.578500062e+001 +9.691500062e+001 +9.691500062e+001 +3.4216e+000 +9.0617e-001 +2.3495e+000 -3.6585e+000 -4.3745e+000
665 +1.001255472e+001 +1.001255472e+001 +9.114255472e+001 +9.114255472e+001 +3.0909e+000 +1.0347e+000 +3.6419e+000 -3.7788e+000 -4.1058e+000
4388 +8.549851453e+000 +8.549851453e+000 +8.967985145e+001 +8.967985145e+001 +2.7841e+000 +2.0808e+000 +2.6485e+000 -2.5693e+000 -3.8057e+000
11457 +7.989659425e+000 +7.989659425e+000 +8.911965942e+001 +8.911965942e+001 +3.5171e+000 +1.7490e+000 +2.0345e+000 -3.4995e+000 -3.5925e+000
13085 +6.152270200e+000 +6.152270200e+000 +8.728227020e+001 +8.728227020e+001 +2.8902e+000 +1.7663e+000 +2.7409e+000 -2.9019e+000 -3.9907e+000
13177 +5.512509600e+000 +5.512509600e+000 +8.664250960e+001 +8.664250960e+001 +2.8897e+000 +1.7375e+000 +2.7468e+000 -2.9262e+000 -4.0321e+000
13190 +5.419768870e+000 +5.419768870e+000 +8.654976887e+001 +8.654976887e+001 +2.9012e+000 +1.7555e+000 +2.7149e+000 -2.9265e+000 -4.0082e+000
13201 +3.350215352e+000 +3.350215352e+000 +8.448021535e+001 +8.448021535e+001 +2.8765e+000 +1.7512e+000 +2.7670e+000 -2.9121e+000 -4.0194e+000
13262 +3.070184914e+000 +3.070184914e+000 +8.420018491e+001 +8.420018491e+001 +2.8540e+000 +1.7680e+000 +2.7886e+000 -2.9190e+000 -4.0087e+000
13284 +2.899259763e+000 +2.899259763e+000 +8.402925976e+001 +8.402925976e+001 +2.8527e+000 +1.7551e+000 +2.7923e+000 -2.9053e+000 -4.0029e+000
13384 +2.821965331e+000 +2.821965331e+000 +8.395196533e+001 +8.395196533e+001 +2.8601e+000 +1.7587e+000 +2.7816e+000 -2.9088e+000 -4.0178e+000
13388 +2.435028575e+000 +2.435028575e+000 +8.356502857e+001 +8.356502857e+001 +2.8525e+000 +1.7556e+000 +2.8046e+000 -2.9077e+000 -4.0108e+000
13449 +2.239757836e+000 +2.239757836e+000 +8.336975784e+001 +8.336975784e+001 +2.8612e+000 +1.7566e+000 +2.8063e+000 -2.9107e+000 -4.0152e+000
13501 +2.207520445e+000 +2.207520445e+000 +8.333752045e+001 +8.333752045e+001 +2.8646e+000 +1.7568e+000 +2.8075e+000 -2.9141e+000 -4.0157e+000
13556 +2.184278947e+000 +2.184278947e+000 +8.331427895e+001 +8.331427895e+001 +2.8649e+000 +1.7562e+000 +2.8093e+000 -2.9133e+000 -4.0150e+000
13595 +2.122095587e+000 +2.122095587e+000 +8.325209559e+001 +8.325209559e+001 +2.8684e+000 +1.7474e+000 +2.8125e+000 -2.9102e+000 -4.0163e+000
13652 +2.063946317e+000 +2.063946317e+000 +8.319394632e+001 +8.319394632e+001 +2.8687e+000 +1.7488e+000 +2.8116e+000 -2.9159e+000 -4.0140e+000
13736 +2.039142213e+000 +2.039142213e+000 +8.316914221e+001 +8.316914221e+001 +2.8695e+000 +1.7463e+000 +2.8109e+000 -2.9149e+000 -4.0123e+000
14152 +1.994885639e+000 +1.994885639e+000 +8.312488564e+001 +8.312488564e+001 +2.8769e+000 +1.7445e+000 +2.8123e+000 -2.9217e+000 -4.0097e+000
% function evaluation | noise-free fitness - Fopt (1.049200000000e+002) | best noise-free fitness - Fopt | measured fitness | best measured fitness | x1 | x2...
1 +6.090932679e+004 +6.090932679e+004 +6.101424679e+004 +6.101424679e+004 -8.7545e-001 +1.4129e+001 +4.6824e+000 -4.3794e+000 +2.4580e+000
2 +5.925697364e+002 +5.925697364e+002 +6.974897364e+002 +6.974897364e+002 -7.9762e-001 +1.1404e+000 +5.0253e+000 +1.1454e+001 -6.6591e+000
53 +4.839118505e+002 +4.839118505e+002 +5.888318505e+002 +5.888318505e+002 -7.3188e+000 -7.7099e+000 +2.1907e+000 +4.3516e+000 -1.0776e+001
62 +3.976209737e+002 +3.976209737e+002 +5.025409737e+002 +5.025409737e+002 -5.7659e+000 -1.7462e+000 +2.4697e+000 -1.1230e+000 +1.6223e+000
64 +2.516262632e+002 +2.516262632e+002 +3.565462632e+002 +3.565462632e+002 -3.1003e+000 -1.2211e+000 +4.6148e-001 +2.1970e+000 +2.8847e+000
81 +1.801232531e+002 +1.801232531e+002 +2.850432531e+002 +2.850432531e+002 -7.1806e-001 -3.0212e+000 -3.9469e+000 +5.2731e+000 +1.2810e+000
90 +1.701876366e+002 +1.701876366e+002 +2.751076366e+002 +2.751076366e+002 -5.1511e+000 -5.8368e+000 +1.7419e+000 +2.1421e+000 +7.3639e-001
102 +1.666735807e+002 +1.666735807e+002 +2.715935807e+002 +2.715935807e+002 -3.1497e+000 -4.3238e+000 +3.7183e+000 +1.7181e+000 +1.8437e+000
105 +1.213719925e+002 +1.213719925e+002 +2.262919925e+002 +2.262919925e+002 -2.0298e+000 -3.6177e+000 +2.8735e+000 +2.3850e+000 -4.2097e+000
210 +1.117063716e+002 +1.117063716e+002 +2.166263716e+002 +2.166263716e+002 -4.3736e+000 -6.1969e+000 -1.1064e+000 +3.4914e+000 -6.2616e+000
227 +1.083475873e+002 +1.083475873e+002 +2.132675873e+002 +2.132675873e+002 -4.2294e-001 -5.2566e+000 +1.5421e+000 +1.8220e+000 -1.8401e+000
236 +8.921894485e+001 +8.921894485e+001 +1.941389448e+002 +1.941389448e+002 -3.4882e+000 -5.3054e+000 +1.2736e+000 +3.0518e+000 -1.6656e+000
238 +8.133529044e+001 +8.133529044e+001 +1.862552904e+002 +1.862552904e+002 -2.5793e+000 -5.6919e+000 -1.6169e-001 +3.0799e+000 -4.4827e-001
251 +7.464495173e+001 +7.464495173e+001 +1.795649517e+002 +1.795649517e+002 -2.3890e+000 -6.2452e+000 -1.1658e-001 +2.7049e+000 -2.1724e+000
263 +7.358005020e+001 +7.358005020e+001 +1.785000502e+002 +1.785000502e+002 -2.3147e+000 -5.0250e+000 -9.0121e-001 +3.1339e+000 -2.8419e+000
295 +5.843712787e+001 +5.843712787e+001 +1.633571279e+002 +1.633571279e+002 -1.5898e+000 -4.8063e+000 -3.5504e-001 +3.1006e+000 -2.3308e+000
327 +5.552788101e+001 +5.552788101e+001 +1.604478810e+002 +1.604478810e+002 -1.6490e+000 -5.3972e+000 -2.9301e-001 +1.7841e+000 -2.0333e+000
349 +5.095109746e+001 +5.095109746e+001 +1.558710975e+002 +1.558710975e+002 -2.1429e+000 -5.5401e+000 -2.1644e+000 +3.9421e-001 -7.6809e-001
480 +2.584441102e+001 +2.584441102e+001 +1.307644110e+002 +1.307644110e+002 -1.2982e+000 -4.4370e+000 -1.9854e+000 +6.2271e-002 -6.9065e-001
611 +2.160171298e+001 +2.160171298e+001 +1.265217130e+002 +1.265217130e+002 -1.7186e+000 -4.1069e+000 -1.9962e+000 +7.0629e-001 -1.3164e+000
1071 +1.261562651e+001 +1.261562651e+001 +1.175356265e+002 +1.175356265e+002 -1.8672e+000 -4.8901e+000 -2.0954e+000 +8.7801e-001 -2.0805e+000
2356 +9.380875777e+000 +9.380875777e+000 +1.143008758e+002 +1.143008758e+002 -2.2580e+000 -3.3455e+000 -3.1034e+000 +1.6878e+000 -3.0362e+000
2625 +8.517250152e+000 +8.517250152e+000 +1.134372502e+002 +1.134372502e+002 -2.2964e+000 -3.2524e+000 -3.9513e+000 +1.1128e+000 -2.2066e+000
6508 +7.663327364e+000 +7.663327364e+000 +1.125833274e+002 +1.125833274e+002 -1.7256e+000 -3.8158e+000 -2.2214e+000 +1.1158e+000 -2.3581e+000
14204 +5.276676826e+000 +5.276676826e+000 +1.101966768e+002 +1.101966768e+002 -2.0801e+000 -3.2683e+000 -2.4548e+000 +7.9932e-001 -2.8075e+000
16224 +4.605242706e+000 +4.605242706e+000 +1.095252427e+002 +1.095252427e+002 -2.2378e+000 -4.1730e+000 -3.0787e+000 +7.9384e-001 -2.9573e+000
16630 +4.397650126e+000 +4.397650126e+000 +1.093176501e+002 +1.093176501e+002 -2.2058e+000 -4.2092e+000 -3.0481e+000 +7.7555e-001 -2.9655e+000
16663 +4.327454587e+000 +4.327454587e+000 +1.092474546e+002 +1.092474546e+002 -2.1948e+000 -4.2114e+000 -3.0447e+000 +7.6495e-001 -2.9470e+000
16679 +4.202211795e+000 +4.202211795e+000 +1.091222118e+002 +1.091222118e+002 -2.1949e+000 -4.2084e+000 -3.0264e+000 +7.7903e-001 -2.9510e+000
16706 +4.079655332e+000 +4.079655332e+000 +1.089996553e+002 +1.089996553e+002 -2.1899e+000 -4.2026e+000 -3.0354e+000 +7.9032e-001 -2.9528e+000
16803 +4.055996990e+000 +4.055996990e+000 +1.089759970e+002 +1.089759970e+002 -2.1966e+000 -4.1997e+000 -3.0385e+000 +7.8567e-001 -2.9511e+000
17456 +3.980964223e+000 +3.980964223e+000 +1.089009642e+002 +1.089009642e+002 -2.1990e+000 -4.2014e+000 -3.0388e+000 +7.9174e-001 -2.9456e+000
% function evaluation | noise-free fitness - Fopt (3.029000000000e+001) | best noise-free fitness - Fopt | measured fitness | best measured fitness | x1 | x2...
1 +3.567155078e+002 +3.567155078e+002 +3.870055078e+002 +3.870055078e+002 -4.9177e+000 -3.6844e+000 -5.8319e-001 -3.0300e-002 -7.1435e-002
3 +1.665780748e+002 +1.665780748e+002 +1.968680748e+002 +1.968680748e+002 -3.1895e+000 -2.5636e+000 +6.5534e+000 +5.2621e-001 +3.3268e+000
33 +4.370575266e+001 +4.370575266e+001 +7.399575266e+001 +7.399575266e+001 -2.5983e+000 -3.6501e+000 +3.0693e+000 +3.8603e+000 +1.4134e+000
113 +3.611278323e+001 +3.611278323e+001 +6.640278323e+001 +6.640278323e+001 -3.3772e+000 -1.8291e+000 +1.9153e+000 +2.7028e+000 +2.9669e+000
116 +2.874698636e+001 +2.874698636e+001 +5.903698636e+001 +5.903698636e+001 -3.3854e+000 -4.8239e+000 +2.6444e+000 +1.3325e+000 +2.3331e+000
150 +2.052472433e+001 +2.052472433e+001 +5.081472433e+001 +5.081472433e+001 -2.7457e+000 -4.2501e+000 +2.1604e+000 +3.0602e+000 +2.2080e+000
235 +1.900541986e+001 +1.900541986e+001 +4.929541986e+001 +4.929541986e+001 -3.0895e+000 -3.4911e+000 +2.0467e+000 +3.4587e+000 +2.5699e+000
463 +1.826747954e+001 +1.826747954e+001 +4.855747954e+001 +4.855747954e+001 -2.5178e+000 -3.7266e+000 +2.0270e+000 +3.0022e+000 +2.8115e+000
478 +1.676799656e+001 +1.676799656e+001 +4.705799656e+001 +4.705799656e+001 -2.5216e+000 -3.4380e+000 +2.3750e+000 +3.3382e+000 +2.3635e+000
809 +1.234436666e+001 +1.234436666e+001 +4.263436666e+001 +4.263436666e+001 -2.6713e+000 -3.0798e+000 +2.4334e+000 +3.7741e+000 +2.7615e+000
1269 +8.737840890e+000 +8.737840890e+000 +3.902784089e+001 +3.902784089e+001 -3.1194e+000 -2.2669e+000 +3.1762e+000 +2.8365e+000 +2.6011e+000
1348 +7.670345070e+000 +7.670345070e+000 +3.796034507e+001 +3.796034507e+001 -3.3072e+000 -3.2270e+000 +2.2292e+000 +2.5860e+000 +3.0611e+000
2318 +6.681775386e+000 +6.681775386e+000 +3.697177539e+001 +3.697177539e+001 -3.5257e+000 -2.0874e+000 +2.6457e+000 +2.8830e+000 +3.6071e+000
2393 +2.801078288e+000 +2.801078288e+000 +3.309107829e+001 +3.309107829e+001 -3.5275e+000 -2.1997e+000 +2.5669e+000 +2.8358e+000 +3.5576e+000
2518 +2.555935442e+000 +2.555935442e+000 +3.284593544e+001 +3.284593544e+001 -3.5437e+000 -2.2128e+000 +2.6403e+000 +2.8528e+000 +3.5895e+000
2559 +1.870946626e+000 +1.870946626e+000 +3.216094663e+001 +3.216094663e+001 -3.5237e+000 -2.1949e+000 +2.6412e+000 +2.8433e+000 +3.5779e+000
2583 +1.845420835e+000 +1.845420835e+000 +3.213542084e+001 +3.213542084e+001 -3.5352e+000 -2.2006e+000 +2.6344e+000 +2.8431e+000 +3.5679e+000
2584 +1.812745740e+000 +1.812745740e+000 +3.210274574e+001 +3.210274574e+001 -3.5337e+000 -2.2314e+000 +2.6365e+000 +2.8432e+000 +3.5672e+000
2602 +1.465191906e+000 +1.465191906e+000 +3.175519191e+001 +3.175519191e+001 -3.5349e+000 -2.2152e+000 +2.6136e+000 +2.8337e+000 +3.5725e+000
2619 +1.372281259e+000 +1.372281259e+000 +3.166228126e+001 +3.166228126e+001 -3.5231e+000 -2.2169e+000 +2.6358e+000 +2.8413e+000 +3.5718e+000
2647 +1.326254703e+000 +1.326254703e+000 +3.161625470e+001 +3.161625470e+001 -3.5269e+000 -2.2061e+000 +2.6216e+000 +2.8393e+000 +3.5776e+000
2660 +1.236609477e+000 +1.236609477e+000 +3.152660948e+001 +3.152660948e+001 -3.5133e+000 -2.2167e+000 +2.6217e+000 +2.8449e+000 +3.5731e+000
2665 +1.182956881e+000 +1.182956881e+000 +3.147295688e+001 +3.147295688e+001 -3.5269e+000 -2.2158e+000 +2.6236e+000 +2.8326e+000 +3.5698e+000
2685 +1.133500664e+000 +1.133500664e+000 +3.142350066e+001 +3.142350066e+001 -3.5239e+000 -2.2207e+000 +2.6243e+000 +2.8351e+000 +3.5825e+000
2694 +1.098183067e+000 +1.098183067e+000 +3.138818307e+001 +3.138818307e+001 -3.5203e+000 -2.2197e+000 +2.6092e+000 +2.8355e+000 +3.5703e+000
2703 +1.059342261e+000 +1.059342261e+000 +3.134934226e+001 +3.134934226e+001 -3.5181e+000 -2.2251e+000 +2.6220e+000 +2.8373e+000 +3.5810e+000
2813 +1.046727058e+000 +1.046727058e+000 +3.133672706e+001 +3.133672706e+001 -3.5208e+000 -2.2314e+000 +2.6130e+000 +2.8312e+000 +3.5725e+000
2876 +1.006413138e+000 +1.006413138e+000 +3.129641314e+001 +3.129641314e+001 -3.5132e+000 -2.2285e+000 +2.6178e+000 +2.8344e+000 +3.5710e+000
2927 +9.995762038e-001 +9.995762038e-001 +3.128957620e+001 +3.128957620e+001 -3.5164e+000 -2.2293e+000 +2.6135e+000 +2.8320e+000 +3.5695e+000
% function evaluation | noise-free fitness - Fopt (1.210500000000e+002) | best noise-free fitness - Fopt | measured fitness | best measured fitness | x1 | x2...
1 +7.947683985e+003 +7.947683985e+003 +8.068733985e+003 +8.068733985e+003 -8.0267e+000 +7.0517e+000 -1.7642e+000 +2.1326e+000 -6.3794e+000
2 +1.068225094e+003 +1.068225094e+003 +1.189275094e+003 +1.189275094e+003 -4.3818e+000 -2.0507e+000 +3.0936e+000 +1.9548e+000 -2.2484e+000
4 +9.320991010e+002 +9.320991010e+002 +1.053149101e+003 +1.053149101e+003 -4.0186e+000 +6.1520e-001 +3.4097e+000 +3.1665e+000 -3.9449e+000
5 +2.192497223e+002 +2.192497223e+002 +3.402997223e+002 +3.402997223e+002 +9.7982e-001 +2.1649e-001 +1.1674e+000 +3.6946e+000 -8.5086e-001
26 +1.794685145e+002 +1.794685145e+002 +3.005185145e+002 +3.005185145e+002 -9.4011e-001 -3.3394e-001 -2.2032e-001 +1.3478e+000 -2.8251e+000
54 +1.129394512e+002 +1.129394512e+002 +2.339894512e+002 +2.339894512e+002 +3.6562e+000 -6.2298e-001 -2.4821e+000 +2.9351e+000 -1.2770e+000
70 +1.061972577e+002 +1.061972577e+002 +2.272472577e+002 +2.272472577e+002 +3.9903e+000 -1.2496e+000 -2.9345e+000 +2.7692e+000 -1.7133e+000
108 +8.234413399e+001 +8.234413399e+001 +2.033941340e+002 +2.033941340e+002 +3.4531e+000 -3.2997e+000 -2.4821e+000 +4.7294e+000 -1.0099e+000
114 +4.507133385e+001 +4.507133385e+001 +1.661213339e+002 +1.661213339e+002 +1.4229e+000 -2.7992e+000 -2.3877e+000 +1.2356e+000 -2.0773e+000
165 +3.933079072e+001 +3.933079072e+001 +1.603807907e+002 +1.603807907e+002 +1.6714e+000 -5.5687e+000 -1.7122e+000 +2.1347e+000 -2.5480e+000
234 +3.574210166e+001 +3.574210166e+001 +1.567921017e+002 +1.567921017e+002 +1.9327e+000 -3.2822e+000 -2.3191e+000 +1.9279e+000 -1.9095e+000
292 +3.222030728e+001 +3.222030728e+001 +1.532703073e+002 +1.532703073e+002 +2.9952e+000 -4.5320e+000 -3.3873e+000 +3.1493e+000 -2.0084e+000
313 +3.086146970e+001 +3.086146970e+001 +1.519114697e+002 +1.519114697e+002 +2.6021e+000 -3.5278e+000 -2.3119e+000 +3.2775e+000 -1.9265e+000
350 +2.896116109e+001 +2.896116109e+001 +1.500111611e+002 +1.500111611e+002 +2.2705e+000 -3.8184e+000 -2.7429e+000 +2.0883e+000 -2.3055e+000
410 +2.099381765e+001 +2.099381765e+001 +1.420438177e+002 +1.420438177e+002 +1.9537e+000 -4.4566e+000 -2.5907e+000 +1.4774e+000 -1.9668e+000
731 +1.721722116e+001 +1.721722116e+001 +1.382672212e+002 +1.382672212e+002 +2.1780e+000 -3.0748e+000 -3.1493e+000 +1.4224e+000 -2.3724e+000
1150 +1.618137405e+001 +1.618137405e+001 +1.372313741e+002 +1.372313741e+002 +2.7988e+000 -4.3509e+000 -1.9647e+000 +2.6393e+000 -2.9303e+000
1321 +1.442975078e+001 +1.442975078e+001 +1.354797508e+002 +1.354797508e+002 +1.9195e+000 -3.4008e+000 -2.6831e+000 +2.3707e+000 -3.5328e+000
1424 +7.462886764e+000 +7.462886764e+000 +1.285128868e+002 +1.285128868e+002 +1.8224e+000 -3.3416e+000 -2.8056e+000 +2.2738e+000 -3.3408e+000
15640 +7.302106592e+000 +7.302106592e+000 +1.283521066e+002 +1.283521066e+002 +2.3782e+000 -3.2532e+000 -2.8157e+000 +2.6276e+000 -3.9395e+000
15642 +7.187631469e+000 +7.187631469e+000 +1.282376315e+002 +1.282376315e+002 +2.3837e+000 -3.2529e+000 -2.8085e+000 +2.6266e+000 -3.9498e+000
15712 +7.063707610e+000 +7.063707610e+000 +1.281137076e+002 +1.281137076e+002 +2.3900e+000 -3.2498e+000 -2.8076e+000 +2.6160e+000 -3.9514e+000
15832 +6.829842947e+000 +6.829842947e+000 +1.278798429e+002 +1.278798429e+002 +2.3830e+000 -3.2445e+000 -2.8036e+000 +2.6139e+000 -3.9541e+000
15877 +6.636006630e+000 +6.636006630e+000 +1.276860066e+002 +1.276860066e+002 +2.3860e+000 -3.2377e+000 -2.8093e+000 +2.6133e+000 -3.9519e+000
15880 +6.585940536e+000 +6.585940536e+000 +1.276359405e+002 +1.276359405e+002 +2.3895e+000 -3.2386e+000 -2.8047e+000 +2.6248e+000 -3.9535e+000
15904 +6.314584908e+000 +6.314584908e+000 +1.273645849e+002 +1.273645849e+002 +2.3842e+000 -3.2315e+000 -2.8043e+000 +2.6140e+000 -3.9632e+000
15905 +6.265374597e+000 +6.265374597e+000 +1.273153746e+002 +1.273153746e+002 +2.3869e+000 -3.2295e+000 -2.8062e+000 +2.6190e+000 -3.9531e+000
15928 +5.810674322e+000 +5.810674322e+000 +1.268606743e+002 +1.268606743e+002 +2.3853e+000 -3.2062e+000 -2.8045e+000 +2.6157e+000 -3.9571e+000
15940 +5.593162672e+000 +5.593162672e+000 +1.266431627e+002 +1.266431627e+002 +2.3867e+000 -3.1866e+000 -2.7700e+000 +2.6289e+000 -3.9672e+000
15963 +5.465012779e+000 +5.465012779e+000 +1.265150128e+002 +1.265150128e+002 +2.3802e+000 -3.1756e+000 -2.8127e+000 +2.6277e+000 -3.9612e+000
15996 +5.356636739e+000 +5.356636739e+000 +1.264066367e+002 +1.264066367e+002 +2.3864e+000 -3.1738e+000 -2.8010e+000 +2.6386e+000 -3.9580e+000
16054 +5.240886406e+000 +5.240886406e+000 +1.262908864e+002 +1.262908864e+002 +2.3850e+000 -3.1860e+000 -2.7998e+000 +2.6314e+000 -3.9644e+000
16103 +5.084847046e+000 +5.084847046e+000 +1.261348470e+002 +1.261348470e+002 +2.3812e+000 -3.1726e+000 -2.7973e+000 +2.6333e+000 -3.9757e+000
16404 +5.008416775e+000 +5.008416775e+000 +1.260584168e+002 +1.260584168e+002 +2.3774e+000 -3.1662e+000 -2.7835e+000 +2.6361e+000 -3.9802e+000
% function evaluation | noise-free fitness - Fopt (-1.033000000000e+001) | best noise-free fitness - Fopt | measured fitness | best measured fitness | x1 | x2...
1 +3.225604567e+003 +3.225604567e+003 +3.215274567e+003 +3.215274567e+003 -5.5458e+000 -4.7672e+000 +4.1347e+000 -3.1583e+000 -1.8649e+000
2 +1.520928600e+003 +1.520928600e+003 +1.510598600e+003 +1.510598600e+003 +1.3161e+001 +2.9903e+000 +1.1747e+001 +3.9293e+000 -2.1811e-002
8 +6.251491181e+002 +6.251491181e+002 +6.148191181e+002 +6.148191181e+002 +9.6351e-001 -2.3385e+000 +2.3104e+000 +3.7242e+000 -1.5498e+000
9 +3.593276041e+002 +3.593276041e+002 +3.489976041e+002 +3.489976041e+002 +8.6070e+000 +1.4701e+000 -4.5466e+000 +5.6595e+000 -5.6665e+000
34 +7.893133892e+001 +7.893133892e+001 +6.860133892e+001 +6.860133892e+001 +5.1354e+000 +2.2545e+000 +2.0807e-001 +6.6628e-001 +3.5274e-001
95 +6.137954075e+001 +6.137954075e+001 +5.104954075e+001 +5.104954075e+001 +4.7702e+000 +3.8281e+000 +1.4199e+000 +2.4167e+000 -1.7998e+000
127 +5.964420451e+001 +5.964420451e+001 +4.931420451e+001 +4.931420451e+001 +2.8891e+000 +3.1796e+000 +3.6039e-001 +1.9440e+000 +1.4729e+000
130 +4.259053488e+001 +4.259053488e+001 +3.226053488e+001 +3.226053488e+001 +4.1809e+000 +1.9638e+000 -1.3005e+000 +2.0775e+000 +2.2032e+000
138 +2.772055711e+001 +2.772055711e+001 +1.739055711e+001 +1.739055711e+001 +4.0636e+000 +2.1732e+000 +3.4212e-001 +1.9193e+000 +1.0181e+000
266 +2.594373124e+001 +2.594373124e+001 +1.561373124e+001 +1.561373124e+001 +3.7350e+000 +2.6477e+000 -1.3257e+000 +2.4904e+000 -6.2431e-001
353 +2.075957751e+001 +2.075957751e+001 +1.042957751e+001 +1.042957751e+001 +3.9186e+000 +2.8006e+000 -1.3039e+000 +1.8583e+000 +2.0303e+000
542 +1.999610597e+001 +1.999610597e+001 +9.666105971e+000 +9.666105971e+000 +3.1620e+000 +2.8159e+000 -1.7079e+000 +2.6426e+000 +1.3907e+000
721 +1.322964792e+001 +1.322964792e+001 +2.899647922e+000 +2.899647922e+000 +3.4614e+000 +2.7918e+000 -1.6999e+000 +2.0299e+000 +2.5502e+000
1127 +1.308866231e+001 +1.308866231e+001 +2.758662307e+000 +2.758662307e+000 +3.4460e+000 +3.0622e+000 -6.6536e-001 +1.5201e+000 +2.0614e+000
2937 +1.240205902e+001 +1.240205902e+001 +2.072059024e+000 +2.072059024e+000 +4.1498e+000 +3.1223e+000 -5.0880e-001 +1.7058e+000 +1.6323e+000
5780 +1.125008938e+001 +1.125008938e+001 +9.200893768e-001 +9.200893768e-001 +3.8807e+000 +2.5685e+000 -1.7050e+000 +2.1380e+000 +2.4566e+000
6430 +1.059905212e+001 +1.059905212e+001 +2.690521208e-001 +2.690521208e-001 +3.4404e+000 +2.9768e+000 -1.5721e+000 +1.7369e+000 +9.8117e-002
6432 +1.035796793e+001 +1.035796793e+001 +2.796792780e-002 +2.796792780e-002 +3.4565e+000 +2.9924e+000 -1.5315e+000 +1.7297e+000 +1.7992e-002
6441 +8.500464000e+000 +8.500464000e+000 -1.829536000e+000 -1.829536000e+000 +3.4378e+000 +2.9680e+000 -1.6459e+000 +1.7489e+000 +6.5231e-002
6517 +8.018367507e+000 +8.018367507e+000 -2.311632493e+000 -2.311632493e+000 +3.4257e+000 +2.9576e+000 -1.5539e+000 +1.7304e+000 +2.7754e-002
6540 +7.559483840e+000 +7.559483840e+000 -2.770516160e+000 -2.770516160e+000 +3.4237e+000 +2.9754e+000 -1.5886e+000 +1.7329e+000 +3.3973e-002
6572 +7.280094775e+000 +7.280094775e+000 -3.049905225e+000 -3.049905225e+000 +3.4283e+000 +2.9757e+000 -1.6118e+000 +1.7419e+000 +3.9695e-002
6574 +7.078197000e+000 +7.078197000e+000 -3.251803000e+000 -3.251803000e+000 +3.4157e+000 +2.9735e+000 -1.5917e+000 +1.7424e+000 +5.2722e-003
6612 +6.494722363e+000 +6.494722363e+000 -3.835277637e+000 -3.835277637e+000 +3.4146e+000 +2.9304e+000 -1.5940e+000 +1.7556e+000 -4.7089e-002
6685 +6.419531562e+000 +6.419531562e+000 -3.910468438e+000 -3.910468438e+000 +3.4357e+000 +2.9464e+000 -1.5845e+000 +1.7450e+000 -6.4260e-003
6747 +6.250863265e+000 +6.250863265e+000 -4.079136735e+000 -4.079136735e+000 +3.4296e+000 +2.9550e+000 -1.6121e+000 +1.7565e+000 -9.3625e-003
6840 +6.104850803e+000 +6.104850803e+000 -4.225149197e+000 -4.225149197e+000 +3.4284e+000 +2.9499e+000 -1.6081e+000 +1.7589e+000 -1.0714e-002
6989 +6.013958143e+000 +6.013958143e+000 -4.316041857e+000 -4.316041857e+000 +3.4316e+000 +2.9383e+000 -1.6105e+000 +1.7592e+000 -1.5643e-002
% function evaluation | noise-free fitness - Fopt (-6.846000000000e+001) | best noise-free fitness - Fopt | measured fitness | best measured fitness | x1 | x2...
1 +6.182242235e+002 +6.182242235e+002 +5.497642235e+002 +5.497642235e+002 -4.2848e+000 -1.0613e-001 +3.2885e+000 +7.7748e+000 -2.0810e+000
2 +5.895637421e+002 +5.895637421e+002 +5.211037421e+002 +5.211037421e+002 +5.1680e+000 -4.3947e+000 +9.2294e-001 +2.8950e+000 -4.0474e-001
5 +1.714496837e+002 +1.714496837e+002 +1.029896837e+002 +1.029896837e+002 +4.3085e+000 -3.4650e+000 -4.7882e+000 +7.7346e-001 -1.3934e+000
29 +6.130588449e+001 +6.130588449e+001 -7.154115512e+000 -7.154115512e+000 +3.2569e+000 +7.4161e-001 -4.2924e+000 +1.0378e-001 -2.6037e+000
95 +3.939248936e+001 +3.939248936e+001 -2.906751064e+001 -2.906751064e+001 +4.0992e+000 +1.9723e+000 -4.4453e+000 +1.2977e+000 -2.5572e+000
189 +3.877503891e+001 +3.877503891e+001 -2.968496109e+001 -2.968496109e+001 +3.6174e+000 +8.2368e-001 -4.7411e+000 +1.1605e+000 -2.0518e+000
321 +3.633748115e+001 +3.633748115e+001 -3.212251885e+001 -3.212251885e+001 +4.7235e+000 +1.3108e+000 -4.5673e+000 +2.5021e-001 -3.0330e+000
332 +2.318906330e+001 +2.318906330e+001 -4.527093670e+001 -4.527093670e+001 +4.6365e+000 +1.4954e+000 -4.6291e+000 +7.5937e-001 -2.9807e+000
636 +2.071556805e+001 +2.071556805e+001 -4.774443195e+001 -4.774443195e+001 +4.8907e+000 +2.1217e+000 -3.7987e+000 -1.7858e-001 -4.0710e+000
736 +1.879079519e+001 +1.879079519e+001 -4.966920481e+001 -4.966920481e+001 +4.4317e+000 +1.9562e+000 -4.2428e+000 +7.5468e-002 -3.4804e+000
1453 +1.422105270e+001 +1.422105270e+001 -5.423894730e+001 -5.423894730e+001 +4.3720e+000 +2.2771e+000 -3.6435e+000 -3.9612e-001 -4.0049e+000
1818 +1.122772230e+001 +1.122772230e+001 -5.723227770e+001 -5.723227770e+001 +3.7873e+000 +2.5811e+000 -2.5267e+000 +2.7721e-001 -4.2110e+000
2737 +1.103075764e+001 +1.103075764e+001 -5.742924236e+001 -5.742924236e+001 +2.1336e+000 +3.1944e+000 -3.1981e+000 +2.8114e-001 -3.8185e+000
5167 +9.417878900e+000 +9.417878900e+000 -5.904212110e+001 -5.904212110e+001 +2.9187e+000 +3.1496e+000 -3.7625e+000 +9.0167e-002 -4.0016e+000
7296 +6.646006971e+000 +6.646006971e+000 -6.181399303e+001 -6.181399303e+001 +4.1665e+000 +2.5575e+000 -3.8894e+000 -7.3296e-002 -3.6779e+000
7598 +4.223779822e+000 +4.223779822e+000 -6.423622018e+001 -6.423622018e+001 +4.1753e+000 +2.1655e+000 -4.4637e+000 +8.6372e-002 -3.4893e+000
17399 +3.336702067e+000 +3.336702067e+000 -6.512329793e+001 -6.512329793e+001 +3.3062e+000 +2.6516e+000 -3.3870e+000 -1.2391e-002 -3.4754e+000
37512 +3.256474644e+000 +3.256474644e+000 -6.520352536e+001 -6.520352536e+001 +4.6352e+000 +2.5710e+000 -3.1663e+000 -3.8201e-001 -3.8336e+000
37517 +3.224747565e+000 +3.224747565e+000 -6.523525243e+001 -6.523525243e+001 +4.6335e+000 +2.5640e+000 -3.1646e+000 -3.8505e-001 -3.8357e+000
37561 +3.090056985e+000 +3.090056985e+000 -6.536994302e+001 -6.536994302e+001 +4.6279e+000 +2.5629e+000 -3.1666e+000 -3.7522e-001 -3.8382e+000
37635 +3.009941901e+000 +3.009941901e+000 -6.545005810e+001 -6.545005810e+001 +4.6270e+000 +2.5554e+000 -3.1649e+000 -3.7781e-001 -3.8327e+000
% function evaluation | noise-free fitness - Fopt (-1.314900000000e+002) | best noise-free fitness - Fopt | measured fitness | best measured fitness | x1 | x2...
1 +8.867752030e+002 +8.867752030e+002 +7.552852030e+002 +7.552852030e+002 +2.1893e+000 +1.8636e+000 -8.7263e+000 -6.0880e+000 +1.5267e+000
5 +7.712131309e+002 +7.712131309e+002 +6.397231309e+002 +6.397231309e+002 +2.7926e+000 +1.5708e+000 +1.7846e+000 -4.9790e+000 -2.3113e+000
9 +7.190193889e+002 +7.190193889e+002 +5.875293889e+002 +5.875293889e+002 +3.2474e+000 +1.6608e+000 -1.6764e-001 -2.9790e+000 -4.3826e-001
17 +5.857028837e+002 +5.857028837e+002 +4.542128837e+002 +4.542128837e+002 +1.3963e+000 +1.2241e+000 +1.6141e+000 -4.3234e+000 -2.4488e+000
27 +4.384707779e+002 +4.384707779e+002 +3.069807779e+002 +3.069807779e+002 +4.5618e-001 +1.7940e+000 -6.5088e-002 -6.6088e+000 -2.4522e+000
32 +4.306837254e+002 +4.306837254e+002 +2.991937254e+002 +2.991937254e+002 -1.0041e+000 +2.5345e+000 +2.3280e+000 -5.5391e+000 -3.5635e+000
34 +3.305513040e+002 +3.305513040e+002 +1.990613040e+002 +1.990613040e+002 +3.7816e+000 +2.6353e+000 -1.0970e+000 -6.7558e+000 +2.1818e+000
36 +9.197044521e+001 +9.197044521e+001 -3.951955479e+001 -3.951955479e+001 -2.5711e+000 +1.0265e+000 -2.1045e+000 -1.7317e+000 -1.3006e+000
88 +8.888856841e+001 +8.888856841e+001 -4.260143159e+001 -4.260143159e+001 -1.1834e+000 +3.2069e+000 -2.4897e+000 -7.1850e+000 +1.5661e+000
101 +8.059234456e+001 +8.059234456e+001 -5.089765544e+001 -5.089765544e+001 -3.6060e+000 +2.9647e+000 -4.3546e+000 -4.9254e+000 +1.6554e+000
122 +7.147904910e+001 +7.147904910e+001 -6.001095090e+001 -6.001095090e+001 -2.9266e+000 +2.9228e+000 -1.4544e+000 -4.7379e+000 +9.3127e-001
127 +6.379568772e+001 +6.379568772e+001 -6.769431228e+001 -6.769431228e+001 -2.1422e+000 +2.3622e+000 -4.4377e+000 -4.3781e+000 +3.4298e+000
138 +5.401566862e+001 +5.401566862e+001 -7.747433138e+001 -7.747433138e+001 -2.8148e+000 +2.0571e+000 -1.7133e+000 -5.7407e+000 +3.6477e+000
178 +5.186113773e+001 +5.186113773e+001 -7.962886227e+001 -7.962886227e+001 -9.7851e-001 +9.2128e-001 -2.3928e+000 -4.0176e+000 +2.0960e+000
186 +4.905536988e+001 +4.905536988e+001 -8.243463012e+001 -8.243463012e+001 -1.8403e+000 +2.0731e+000 -2.0175e+000 -4.1035e+000 +1.5063e+000
207 +3.173828077e+001 +3.173828077e+001 -9.975171923e+001 -9.975171923e+001 -2.3135e+000 +1.3191e+000 -2.0992e+000 -4.3326e+000 +2.5531e+000
325 +2.766338419e+001 +2.766338419e+001 -1.038266158e+002 -1.038266158e+002 -2.1367e+000 +1.4720e+000 -2.5402e+000 -3.9870e+000 +2.0250e+000
519 +2.680499895e+001 +2.680499895e+001 -1.046850011e+002 -1.046850011e+002 -2.9118e+000 +3.6644e-001 -1.8571e+000 -3.7872e+000 +1.6831e+000
665 +1.947218668e+001 +1.947218668e+001 -1.120178133e+002 -1.120178133e+002 -1.8417e+000 -1.9160e-002 -2.3048e+000 -3.2766e+000 +2.4533e+000
1105 +1.615154027e+001 +1.615154027e+001 -1.153384597e+002 -1.153384597e+002 -3.6734e+000 +9.9364e-001 -3.3303e+000 -2.5821e+000 +1.7756e+000
1912 +1.542260919e+001 +1.542260919e+001 -1.160673908e+002 -1.160673908e+002 -2.8417e+000 +3.1619e-001 -1.9213e+000 -1.9646e+000 +1.6073e+000
1963 +1.433415990e+001 +1.433415990e+001 -1.171558401e+002 -1.171558401e+002 -3.3973e+000 -1.7930e-001 -2.5239e+000 -2.7736e+000 +2.1715e+000
4081 +1.169747851e+001 +1.169747851e+001 -1.197925215e+002 -1.197925215e+002 -2.6415e+000 -6.2020e-001 -2.9759e+000 -3.1780e+000 +3.2370e+000
8565 +1.045809014e+001 +1.045809014e+001 -1.210319099e+002 -1.210319099e+002 -2.3457e+000 -4.6136e-002 -2.4729e+000 -3.0449e+000 +2.4356e+000
8968 +9.875471479e+000 +9.875471479e+000 -1.216145285e+002 -1.216145285e+002 -3.0585e+000 -1.0265e+000 -3.0231e+000 -1.5792e+000 +2.6164e+000
9103 +9.504082704e+000 +9.504082704e+000 -1.219859173e+002 -1.219859173e+002 -3.4227e+000 -7.9043e-001 -2.9914e+000 -2.4552e+000 +2.4640e+000
12348 +7.806032822e+000 +7.806032822e+000 -1.236839672e+002 -1.236839672e+002 -3.1854e+000 -9.4502e-001 -3.3815e+000 -2.3089e+000 +3.2400e+000
13972 +7.624590681e+000 +7.624590681e+000 -1.238654093e+002 -1.238654093e+002 -2.7117e+000 -1.1121e-001 -2.8955e+000 -2.9357e+000 +2.9253e+000
24008 +6.188748804e+000 +6.188748804e+000 -1.253012512e+002 -1.253012512e+002 -3.2660e+000 +4.7786e-001 -3.1325e+000 -2.3360e+000 +2.2653e+000
28791 +5.655201212e+000 +5.655201212e+000 -1.258347988e+002 -1.258347988e+002 -2.3018e+000 -4.0461e-001 -2.2717e+000 -3.1615e+000 +3.4856e+000
43939 +4.941091249e+000 +4.941091249e+000 -1.265489088e+002 -1.265489088e+002 -3.0123e+000 +4.6281e-001 -2.8622e+000 -2.2618e+000 +1.6895e+000
43981 +4.408093861e+000 +4.408093861e+000 -1.270819061e+002 -1.270819061e+002 -3.0203e+000 +3.6735e-001 -2.7701e+000 -2.2310e+000 +1.7284e+000
44060 +2.586366974e+000 +2.586366974e+000 -1.289036330e+002 -1.289036330e+002 -3.0024e+000 +3.9310e-001 -2.8153e+000 -2.2199e+000 +1.7214e+000
44279 +2.285993150e+000 +2.285993150e+000 -1.292040068e+002 -1.292040068e+002 -3.0048e+000 +4.0044e-001 -2.8251e+000 -2.2277e+000 +1.7064e+000
44385 +2.235620928e+000 +2.235620928e+000 -1.292543791e+002 -1.292543791e+002 -3.0034e+000 +3.9582e-001 -2.8208e+000 -2.2220e+000 +1.7042e+000
44434 +2.101223785e+000 +2.101223785e+000 -1.293887762e+002 -1.293887762e+002 -3.0150e+000 +4.1650e-001 -2.8190e+000 -2.2204e+000 +1.6948e+000
44489 +2.083150011e+000 +2.083150011e+000 -1.294068500e+002 -1.294068500e+002 -3.0090e+000 +4.0518e-001 -2.8172e+000 -2.2212e+000 +1.6964e+000
44549 +2.015837593e+000 +2.015837593e+000 -1.294741624e+002 -1.294741624e+002 -3.0149e+000 +4.1220e-001 -2.8066e+000 -2.2199e+000 +1.6904e+000
44677 +1.993415618e+000 +1.993415618e+000 -1.294965844e+002 -1.294965844e+002 -3.0142e+000 +4.1416e-001 -2.8079e+000 -2.2172e+000 +1.6848e+000
