% function evaluation | noise-free fitness - Fopt (1.000000000000e+003) | best noise-free fitness - Fopt | measured fitness | best measured fitness | x1 | x2...
1 +1.647184775e+003 +1.647184775e+003 +2.647184775e+003 +2.647184775e+003 +4.0332e+000 +3.4926e+000 +1.1307e+001 +5.9607e+000 +3.1381e+000 -5.3753e-001 -1.9653e+000 -3.5617e-001 -4.6210e+000 -2.1783e+000
9 +1.538161303e+003 +1.538161303e+003 +2.538161303e+003 +2.538161303e+003 +3.7282e+000 +5.2705e+000 -6.5778e+000 -5.9370e+000 +1.0144e+000 -1.1113e+000 -1.5806e+000 +4.7612e-001 -2.6733e+000 +9.2276e+000
11 +8.703342897e+002 +8.703342897e+002 +1.870334290e+003 +1.870334290e+003 +2.8620e+000 +2.7130e+000 +5.0389e+000 +7.5596e+000 +1.0939e+000 -3.3537e-001 -2.5409e+000 -3.6909e+000 -5.0994e-001 -3.5661e+000
13 +3.282169643e+002 +3.282169643e+002 +1.328216964e+003 +1.328216964e+003 +1.4770e+000 +4.7327e+000 +5.5529e+000 +8.8719e-001 +4.2621e+000 -3.3778e+000 -8.4032e-001 +4.1872e-001 +1.6618e-001 -4.4386e+000
60 +2.517234698e+002 +2.517234698e+002 +1.251723470e+003 +1.251723470e+003 +8.6470e-001 +2.6205e+000 +3.4715e+000 +4.4488e+000 +2.8358e+000 -1.6632e+000 -2.5575e+000 +8.0334e-001 -3.9746e+000 -5.6358e+000
99 +2.259935045e+002 +2.259935045e+002 +1.225993504e+003 +1.225993504e+003 -3.4611e-001 +5.2506e+000 +4.8818e-001 +5.4248e+000 +1.7626e+000 -4.1106e+000 -1.8544e+000 -8.5188e-001 -1.1802e+000 -3.3046e+000
117 +1.859458879e+002 +1.859458879e+002 +1.185945888e+003 +1.185945888e+003 -1.7802e+000 +3.4823e+000 +3.8744e+000 +1.9762e+000 +1.6516e+000 -1.2674e+000 -3.6475e+000 +1.7661e+000 -3.0208e+000 -4.5020e+000
227 +1.530969914e+002 +1.530969914e+002 +1.153096991e+003 +1.153096991e+003 -2.7544e+000 +3.6920e+000 +1.8109e+000 +8.5275e+000 +2.0100e+000 -2.6230e+000 -2.4106e-001 +1.0797e+000 -5.5333e+000 -4.1651e+000
306 +1.433178514e+002 +1.433178514e+002 +1.143317851e+003 +1.143317851e+003 -9.3123e-001 +3.9657e+000 +4.0687e+000 +3.6295e+000 +1.6381e+000 -2.1576e+000 -1.8125e+000 +7.9582e-001 -3.8663e+000 -3.9287e+000
339 +1.370913319e+002 +1.370913319e+002 +1.137091332e+003 +1.137091332e+003 -9.2619e-001 +4.1110e+000 +2.3001e+000 +3.4020e+000 +1.5545e+000 -2.6543e+000 -1.8357e-001 +1.7252e-001 -3.4522e+000 -3.1095e+000
360 +1.308363823e+002 +1.308363823e+002 +1.130836382e+003 +1.130836382e+003 -5.7894e-001 +4.1886e+000 +2.7446e+000 +3.7211e+000 -2.8427e-001 -3.6906e+000 -1.7453e+000 +4.9439e-001 -2.5283e+000 -3.1516e+000
482 +1.252005482e+002 +1.252005482e+002 +1.125200548e+003 +1.125200548e+003 +2.9919e-001 +3.4842e+000 +6.2462e-001 +4.8946e+000 +2.3802e+000 -3.1436e+000 -2.1342e+000 -8.1122e-001 -3.8052e+000 -3.5932e+000
525 +1.055945649e+002 +1.055945649e+002 +1.105594565e+003 +1.105594565e+003 -3.1918e+000 +3.0551e+000 +1.3437e+000 +4.0246e+000 +2.1220e+000 -3.1271e+000 -2.9908e+000 +1.9518e+000 -3.4609e+000 -3.1018e+000
546 +1.000748216e+002 +1.000748216e+002 +1.100074822e+003 +1.100074822e+003 -2.5719e+000 +3.7960e+000 +2.3778e+000 +3.8578e+000 +3.1798e+000 -2.9734e+000 -2.7033e+000 -7.2005e-001 -4.7422e+000 -2.4392e+000
591 +9.526061816e+001 +9.526061816e+001 +1.095260618e+003 +1.095260618e+003 -2.3757e+000 +3.4470e+000 +2.8356e+000 +4.9499e+000 +1.9458e+000 -2.8578e+000 -2.2518e+000 +1.1847e-001 -2.9366e+000 -3.1964e+000
601 +8.514416142e+001 +8.514416142e+001 +1.085144161e+003 +1.085144161e+003 -3.9230e+000 +3.7423e+000 +1.4343e+000 +4.1776e+000 +1.8398e+000 -3.9267e+000 -1.0407e+000 -6.1823e-003 -2.2684e+000 -2.8890e+000
698 +8.413107411e+001 +8.413107411e+001 +1.084131074e+003 +1.084131074e+003 -2.6105e+000 +3.0449e+000 +2.7022e+000 +2.6283e+000 +2.7485e+000 -3.2146e+000 -1.3946e+000 -1.4326e-001 -3.3639e+000 -3.0631e+000
712 +7.233325928e+001 +7.233325928e+001 +1.072333259e+003 +1.072333259e+003 -3.0490e+000 +2.8941e+000 +3.4597e+000 +3.9938e+000 +3.4627e+000 -2.3653e+000 -1.8721e+000 +2.7976e-001 -2.3423e+000 -1.8002e+000
793 +5.896868137e+001 +5.896868137e+001 +1.058968681e+003 +1.058968681e+003 -2.9379e+000 +3.1424e+000 +3.3950e+000 +4.1247e+000 +2.4213e+000 -3.2530e+000 -2.2395e+000 +4.7728e-001 -2.6732e+000 -2.6659e+000
1262 +5.246544078e+001 +5.246544078e+001 +1.052465441e+003 +1.052465441e+003 -2.4452e+000 +2.6613e+000 +2.9155e+000 +4.0359e+000 +2.6677e+000 -3.4723e+000 -2.4453e+000 +7.3525e-001 -2.3910e+000 -1.9168e+000
1576 +4.741405907e+001 +4.741405907e+001 +1.047414059e+003 +1.047414059e+003 -3.6721e+000 +1.6268e+000 +3.4243e+000 +4.7029e+000 +3.3590e+000 -3.4453e+000 -3.4066e+000 +1.6784e+000 -1.6235e+000 -1.7560e+000
2833 +4.525316342e+001 +4.525316342e+001 +1.045253163e+003 +1.045253163e+003 -3.4713e+000 +3.0566e+000 +3.5102e+000 +3.7339e+000 +3.1276e+000 -4.0705e+000 -1.8536e+000 -4.3176e-001 -2.8482e+000 -2.1655e+000
3690 +3.439570406e+001 +3.439570406e+001 +1.034395704e+003 +1.034395704e+003 -3.0667e+000 +3.0687e+000 +3.9645e+000 +3.9145e+000 +3.4039e+000 -3.0644e+000 -2.1150e+000 -3.0843e-001 -3.1818e+000 -8.1762e-001
41201 +2.858686511e+001 +2.858686511e+001 +1.028586865e+003 +1.028586865e+003 -3.5692e+000 +2.9677e+000 +3.6406e+000 +3.1716e+000 +2.2877e+000 -3.4978e+000 -1.3748e+000 -6.3504e-001 -1.9967e+000 -6.9940e-001
115000 +2.311156908e+001 +2.311156908e+001 +1.023111569e+003 +1.023111569e+003 -3.7458e+000 +3.5461e+000 +5.0918e+000 +3.9736e+000 +2.9512e+000 -3.7249e+000 -2.1496e+000 -2.4587e-001 -2.8811e+000 -1.3882e+000
255990 +2.105852001e+001 +2.105852001e+001 +1.021058520e+003 +1.021058520e+003 -3.7203e+000 +2.5248e+000 +3.5593e+000 +3.9957e+000 +3.2723e+000 -3.1233e+000 -2.3052e+000 +9.8757e-002 -2.3714e+000 -9.9765e-001
1094839 +1.782340896e+001 +1.782340896e+001 +1.017823409e+003 +1.017823409e+003 -3.2153e+000 +2.7626e+000 +3.6214e+000 +4.0729e+000 +2.9429e+000 -3.1308e+000 -1.9534e+000 -2.5363e-001 -2.1062e+000 -2.1226e+000
3420110 +1.632642704e+001 +1.632642704e+001 +1.016326427e+003 +1.016326427e+003 -1.8651e+000 +2.7721e+000 +3.5559e+000 +3.2137e+000 +2.8638e+000 -2.8212e+000 -2.7351e+000 -4.5358e-001 -1.7769e+000 -9.3753e-001
% function evaluation | noise-free fitness - Fopt (7.003000000000e+001) | best noise-free fitness - Fopt | measured fitness | best measured fitness | x1 | x2...
1 +1.634947181e+003 +1.634947181e+003 +1.704977181e+003 +1.704977181e+003 +1.3936e+000 +1.6068e+000 -5.5705e+000 -5.2658e+000 -4.4238e+000 -1.7283e+000 +5.6924e+000 +1.2203e+001 -2.3399e+000 +4.9054e+000
4 +7.041348758e+002 +7.041348758e+002 +7.741648758e+002 +7.741648758e+002 +4.2509e+000 +1.5955e+000 -2.2697e+000 -5.3264e+000 +4.5128e-001 -7.9130e-001 +4.3437e+000 +2.1984e+000 -3.1965e+000 +5.8492e+000
13 +5.385312530e+002 +5.385312530e+002 +6.085612530e+002 +6.085612530e+002 +4.9965e+000 -5.6458e-001 -4.4439e+000 -3.4903e+000 -1.6260e+000 -5.7948e+000 +6.0539e+000 +2.8902e+000 -4.5233e+000 +5.7643e+000
37 +4.276948728e+002 +4.276948728e+002 +4.977248728e+002 +4.977248728e+002 +1.9380e+000 +6.3971e-001 -5.0554e+000 -3.8429e+000 -1.3412e+000 -1.0428e-001 +3.2810e+000 +4.8739e+000 -1.4082e+000 +1.3645e+000
87 +3.466358853e+002 +3.466358853e+002 +4.166658853e+002 +4.166658853e+002 -2.1996e-003 -2.3765e+000 -3.4272e+000 -4.4296e+000 -1.5764e+000 +1.3351e+000 +2.6724e+000 +3.1831e+000 -6.4318e+000 +2.3589e+000
102 +2.810605017e+002 +2.810605017e+002 +3.510905017e+002 +3.510905017e+002 +3.8272e+000 -6.5203e+000 -5.0245e+000 -3.8487e+000 +5.8971e-001 -7.2892e-001 +1.0304e+000 -5.5759e-001 -6.9713e+000 +5.6422e+000
164 +1.991112264e+002 +1.991112264e+002 +2.691412264e+002 +2.691412264e+002 +5.4578e-001 -3.4224e+000 -3.8365e+000 -1.2665e+000 -1.0453e+000 -1.6803e+000 +2.6806e+000 +8.3539e-001 -5.2518e+000 +3.5104e+000
227 +1.848807727e+002 +1.848807727e+002 +2.549107727e+002 +2.549107727e+002 +1.6987e+000 -4.1993e+000 -3.6381e+000 -2.9891e+000 -1.7524e+000 -1.6546e+000 +2.7407e+000 +4.2767e-001 -2.3890e+000 +2.4094e+000
244 +1.538456237e+002 +1.538456237e+002 +2.238756237e+002 +2.238756237e+002 +9.5102e-001 -2.2415e+000 -3.6582e+000 -4.6542e+000 -2.1630e+000 -3.9202e+000 -6.1814e-001 +4.6858e-001 -3.0402e+000 +3.9877e+000
313 +1.473301139e+002 +1.473301139e+002 +2.173601139e+002 +2.173601139e+002 +8.4422e-001 -4.1051e+000 -5.5751e+000 -2.5735e+000 -2.2217e+000 -2.8874e+000 +9.1595e-001 +1.5853e+000 -2.9981e+000 +1.6936e+000
353 +1.422286416e+002 +1.422286416e+002 +2.122586416e+002 +2.122586416e+002 -1.3998e+000 -2.5934e+000 -3.5286e+000 -2.3744e+000 -1.8455e+000 -1.4765e+000 -1.8553e+000 +3.8243e-001 -3.9417e+000 +1.7931e+000
357 +1.230244156e+002 +1.230244156e+002 +1.930544156e+002 +1.930544156e+002 +1.0536e+000 -2.7806e+000 -4.3150e+000 -2.7758e+000 -2.1405e+000 -7.4855e-001 +6.4629e-001 +3.6740e-001 -3.7265e+000 +1.8270e+000
371 +1.172688541e+002 +1.172688541e+002 +1.872988541e+002 +1.872988541e+002 +1.6649e+000 -2.5696e+000 -2.4505e+000 -2.0763e+000 -1.0716e+000 -4.5024e+000 -4.9404e-001 -1.0459e+000 -2.8334e+000 +1.8757e+000
373 +9.610034793e+001 +9.610034793e+001 +1.661303479e+002 +1.661303479e+002 +1.1360e+000 -3.4096e+000 -3.7974e+000 -2.3559e+000 -2.1154e+000 -2.3688e+000 +1.3766e+000 +1.0341e+000 -4.1420e+000 +6.1125e-001
476 +8.966727940e+001 +8.966727940e+001 +1.596972794e+002 +1.596972794e+002 +9.1396e-002 -4.2897e+000 -4.4060e+000 -1.1574e+000 -8.5485e-001 -2.6813e+000 -4.9225e-001 +2.3659e-001 -3.9475e+000 +1.4911e+000
690 +8.251776328e+001 +8.251776328e+001 +1.525477633e+002 +1.525477633e+002 -6.6040e-001 -2.8543e+000 -4.2134e+000 -1.2537e+000 -1.2150e+000 -3.8814e+000 +3.4000e-001 +1.1444e+000 -4.8269e+000 +1.8193e+000
694 +8.016192338e+001 +8.016192338e+001 +1.501919234e+002 +1.501919234e+002 -1.8002e-001 -4.0741e+000 -3.1210e+000 -1.2873e+000 -1.0180e+000 -3.3664e+000 +2.8944e-002 +7.1279e-001 -4.4575e+000 +2.3931e-001
730 +7.215914571e+001 +7.215914571e+001 +1.421891457e+002 +1.421891457e+002 -6.1708e-001 -4.3402e+000 -3.5481e+000 -3.4401e-001 -3.6576e-001 -3.5189e+000 -6.8057e-001 +6.7286e-001 -4.2761e+000 +1.5613e+000
1039 +6.144965340e+001 +6.144965340e+001 +1.314796534e+002 +1.314796534e+002 -8.6967e-001 -3.2802e+000 -4.4207e+000 -2.1766e+000 +3.9033e-001 -2.9676e+000 +6.8953e-002 +1.1953e-001 -4.3121e+000 +1.0433e+000
1245 +4.751889092e+001 +4.751889092e+001 +1.175488909e+002 +1.175488909e+002 -2.8657e-001 -4.3220e+000 -2.9348e+000 -9.3022e-001 -6.3593e-001 -3.2269e+000 -2.3408e-001 +1.3168e-001 -3.7292e+000 +8.4099e-001
2684 +4.003130412e+001 +4.003130412e+001 +1.100613041e+002 +1.100613041e+002 -1.6474e+000 -3.2800e+000 -3.5207e+000 -1.0782e+000 -1.6596e+000 -4.6749e+000 -7.6221e-002 +7.4916e-001 -3.5270e+000 +1.5335e+000
13161 +3.824712217e+001 +3.824712217e+001 +1.082771222e+002 +1.082771222e+002 -6.3468e-001 -2.5317e+000 -4.1013e+000 -2.1421e+000 +5.9724e-001 -4.6000e+000 -1.3971e+000 +1.3369e+000 -3.6160e+000 +1.3200e+000
28948 +2.389748760e+001 +2.389748760e+001 +9.392748760e+001 +9.392748760e+001 -9.3907e-001 -2.3056e+000 -4.3273e+000 -1.4591e+000 -1.1640e+000 -2.9546e+000 -3.3952e-001 +1.7346e+000 -3.6432e+000 +6.6167e-001
93235 +1.497510412e+001 +1.497510412e+001 +8.500510412e+001 +8.500510412e+001 -1.2276e+000 -2.6681e+000 -3.7608e+000 -1.6792e+000 -2.3727e-001 -3.3108e+000 -1.4187e+000 +1.1479e+000 -3.3224e+000 +4.3589e-001
133441 +1.433838029e+001 +1.433838029e+001 +8.436838029e+001 +8.436838029e+001 +3.4080e-001 -2.7251e+000 -4.4480e+000 -2.2549e+000 +7.5670e-002 -3.1378e+000 -1.1806e+000 +9.4207e-001 -2.4225e+000 +5.1989e-001
% function evaluation | noise-free fitness - Fopt (-4.822000000000e+001) | best noise-free fitness - Fopt | measured fitness | best measured fitness | x1 | x2...
1 +6.537205423e+003 +6.537205423e+003 +6.488985423e+003 +6.488985423e+003 -2.9303e+000 +9.0272e+000 +4.1401e+000 +1.2842e+001 +8.5605e-001 +1.7650e+000 +4.2273e+000 +1.0252e+001 +4.3453e+000 -4.7780e+000
2 +1.675468465e+003 +1.675468465e+003 +1.627248465e+003 +1.627248465e+003 -3.6059e+000 +3.7769e+000 +1.6126e+000 +6.4758e+000 +1.1430e+000 +1.6795e-001 +3.8900e+000 +1.9855e-002 +1.6737e+000 -6.0743e+000
34 +1.501350850e+003 +1.501350850e+003 +1.453130850e+003 +1.453130850e+003 -3.8222e+000 +6.3635e+000 +1.4005e-001 +2.2050e+000 -2.2379e+000 -2.3224e+000 -4.8873e+000 +2.4444e+000 +3.0534e+000 -4.9423e+000
37 +1.117265616e+003 +1.117265616e+003 +1.069045616e+003 +1.069045616e+003 -3.4110e+000 +4.3354e+000 -5.7848e-002 +5.0940e+000 -9.1313e-001 -1.2354e+000 -2.5985e+000 +1.1194e+000 +2.8872e+000 -3.7497e+000
54 +9.797927252e+002 +9.797927252e+002 +9.315727252e+002 +9.315727252e+002 -6.6808e+000 +4.4065e+000 +4.3366e-001 +5.4648e+000 -2.4992e+000 -1.4903e+000 -5.5654e-001 +2.7399e-001 +1.6980e+000 -5.3316e-001
63 +9.152597380e+002 +9.152597380e+002 +8.670397380e+002 +8.670397380e+002 -6.1059e+000 +3.6257e+000 +2.3565e+000 +3.2564e+000 -1.5708e+000 +1.9035e+000 +1.5838e+000 +2.2742e+000 +1.3335e+000 +5.1502e-001
103 +6.795066746e+002 +6.795066746e+002 +6.312866746e+002 +6.312866746e+002 -5.6529e+000 -7.3137e-002 +1.1611e-001 +2.7934e+000 -2.9163e+000 +1.9620e+000 -1.5064e+000 +1.1248e+001 -3.0954e+000 +7.5617e-001
111 +5.376167991e+002 +5.376167991e+002 +4.893967991e+002 +4.893967991e+002 -5.1497e+000 +4.2125e-001 -1.2787e+000 +5.8301e+000 -1.5653e+000 +6.1539e+000 -3.3272e+000 +9.6061e-001 -6.2942e-001 +3.8123e+000
166 +3.883654412e+002 +3.883654412e+002 +3.401454412e+002 +3.401454412e+002 -4.4813e+000 -3.0397e-001 -1.3455e-001 +9.0950e-001 -1.3137e+000 +2.0614e+000 +1.4083e+000 +2.3433e+000 +1.1314e+000 +2.7566e+000
190 +2.893384941e+002 +2.893384941e+002 +2.411184941e+002 +2.411184941e+002 -2.3575e+000 -2.3575e+000 +4.5757e-002 +2.1589e+000 -2.2895e+000 +2.9749e+000 -2.5865e+000 +2.2490e+000 -5.7279e-001 -1.7151e+000
229 +2.789903282e+002 +2.789903282e+002 +2.307703282e+002 +2.307703282e+002 -2.8459e+000 -1.1238e+000 -4.0418e-001 +2.9421e+000 -3.5654e+000 -9.1774e-001 -3.4050e+000 +4.9747e+000 -9.9980e-001 +3.0170e+000
257 +2.129940087e+002 +2.129940087e+002 +1.647740087e+002 +1.647740087e+002 -2.9971e+000 +2.8216e+000 -2.3587e+000 +8.5691e-001 -6.5852e+000 +3.3425e+000 -5.4835e+000 +3.2266e+000 -6.2285e-001 +3.9452e+000
318 +2.063249264e+002 +2.063249264e+002 +1.581049264e+002 +1.581049264e+002 -4.8545e+000 +4.5063e-001 -7.6157e-001 +3.3537e+000 -4.4065e+000 +2.6820e+000 -1.0511e+000 +1.3554e+000 -2.5881e-001 +5.5063e+000
323 +1.847171796e+002 +1.847171796e+002 +1.364971796e+002 +1.364971796e+002 -3.4269e+000 -1.0105e+000 -1.8130e+000 +3.0965e+000 -4.8681e+000 +1.8343e+000 -2.9419e+000 +3.9820e+000 -7.4251e-001 +1.8652e+000
374 +1.669902563e+002 +1.669902563e+002 +1.187702563e+002 +1.187702563e+002 -3.6645e+000 +6.7427e-001 -2.0213e+000 +1.8781e+000 -4.4660e+000 +2.3333e+000 -4.6896e+000 +4.2188e+000 -5.5520e-001 +6.2462e+000
378 +1.565866022e+002 +1.565866022e+002 +1.083666022e+002 +1.083666022e+002 -4.3715e+000 -9.3729e-001 -2.8269e+000 -1.4186e-001 -4.8166e+000 +6.3389e+000 -4.9260e+000 +3.9957e+000 -3.3293e+000 +5.4678e+000
442 +1.103951355e+002 +1.103951355e+002 +6.217513546e+001 +6.217513546e+001 -4.1309e+000 -1.3933e+000 -2.5000e+000 +1.7338e+000 -4.3763e+000 +2.0450e+000 -3.6296e+000 +2.8922e+000 -2.1036e+000 +3.6962e+000
449 +1.044092413e+002 +1.044092413e+002 +5.618924130e+001 +5.618924130e+001 -2.7592e+000 -6.3307e-001 -2.1844e+000 +5.2754e-001 -3.6933e+000 +2.2780e+000 -2.2299e+000 +2.0924e+000 -2.8795e-001 +4.2951e+000
505 +7.997483418e+001 +7.997483418e+001 +3.175483418e+001 +3.175483418e+001 -2.3324e+000 +1.0563e+000 -2.7081e+000 +1.3446e+000 -2.5880e+000 +2.4948e+000 -3.6261e+000 +1.4545e+000 -2.5898e+000 +4.1090e+000
909 +7.802430516e+001 +7.802430516e+001 +2.980430516e+001 +2.980430516e+001 -9.6124e-001 -3.8343e-001 -3.4722e+000 +8.8438e-001 -3.7160e+000 +4.1512e+000 -3.7346e+000 +1.1566e+000 -2.4844e+000 +3.9237e+000
1053 +7.341167622e+001 +7.341167622e+001 +2.519167622e+001 +2.519167622e+001 -1.6708e+000 -1.0167e+000 -3.7136e+000 +8.8100e-001 -4.4421e+000 +3.3400e+000 -3.2696e+000 +1.6555e+000 -2.6299e+000 +3.4364e+000
1149 +6.447876040e+001 +6.447876040e+001 +1.625876040e+001 +1.625876040e+001 -1.3757e+000 -8.8795e-001 -3.0847e+000 +3.9717e-001 -3.8298e+000 +5.3992e+000 -4.4145e+000 +1.2290e+000 -2.7253e+000 +3.1021e+000
1293 +6.024294804e+001 +6.024294804e+001 +1.202294804e+001 +1.202294804e+001 -1.8140e+000 -1.3115e+000 -3.0081e+000 -8.1342e-001 -2.3756e+000 +4.6586e+000 -4.1265e+000 +1.6105e+000 -2.7412e+000 +3.6658e+000
1534 +5.755540180e+001 +5.755540180e+001 +9.335401797e+000 +9.335401797e+000 -1.5711e+000 -5.8550e-001 -2.8198e+000 -1.4113e-001 -3.1614e+000 +3.6764e+000 -5.0242e+000 +2.8336e-001 -2.8025e+000 +2.8605e+000
1779 +5.334957922e+001 +5.334957922e+001 +5.129579219e+000 +5.129579219e+000 -1.4662e+000 -7.2686e-001 -2.4267e+000 -1.7912e-001 -3.7981e+000 +5.1655e+000 -3.6615e+000 +9.4083e-001 -2.6128e+000 +4.5690e+000
2057 +4.839485247e+001 +4.839485247e+001 +1.748524704e-001 +1.748524704e-001 -1.0460e+000 +9.3176e-001 -3.0390e+000 -1.4487e-001 -3.2516e+000 +3.5333e+000 -3.4729e+000 +2.2254e-001 -2.4749e+000 +4.1307e+000
2383 +4.704185447e+001 +4.704185447e+001 -1.178145529e+000 -1.178145529e+000 -1.1817e+000 -1.0763e+000 -2.7189e+000 +4.6760e-001 -2.9567e+000 +4.2285e+000 -3.4381e+000 +8.5041e-001 -2.4977e+000 +3.2582e+000
2487 +3.810510635e+001 +3.810510635e+001 -1.011489365e+001 -1.011489365e+001 -1.3014e+000 -1.3914e+000 -2.5667e+000 +3.0111e-001 -3.0029e+000 +4.8980e+000 -3.4296e+000 +4.0726e-001 -2.4718e+000 +3.6569e+000
8281 +3.686474851e+001 +3.686474851e+001 -1.135525149e+001 -1.135525149e+001 -1.5533e+000 -1.6848e+000 -2.1265e+000 -1.7957e-002 -3.8593e+000 +4.4250e+000 -3.2525e+000 +4.1327e-001 -2.4236e+000 +5.1599e+000
8365 +2.208291999e+001 +2.208291999e+001 -2.613708001e+001 -2.613708001e+001 -1.4066e+000 -1.6224e+000 -2.0924e+000 -2.8475e-001 -3.5242e+000 +4.4231e+000 -3.5895e+000 +1.4532e-001 -2.2530e+000 +3.2723e+000
341079 +1.735850732e+001 +1.735850732e+001 -3.086149268e+001 -3.086149268e+001 -1.4978e+000 -1.4625e+000 -2.0430e+000 +8.5268e-001 -3.7398e+000 +4.2695e+000 -3.7664e+000 +1.4203e+000 -2.6531e+000 +3.5992e+000
2979174 +1.689322322e+001 +1.689322322e+001 -3.132677678e+001 -3.132677678e+001 -1.9022e+000 -1.0670e+000 -2.8144e+000 +3.8152e-001 -3.6450e+000 +3.9057e+000 -3.5421e+000 +1.3720e+000 -2.3329e+000 +3.1826e+000
3103051 +1.526409910e+001 +1.526409910e+001 -3.295590090e+001 -3.295590090e+001 -1.6160e+000 -1.4651e+000 -2.0409e+000 +2.9148e-001 -3.4701e+000 +3.5629e+000 -3.0911e+000 +7.4565e-001 -2.7424e+000 +3.7346e+000
7992566 +1.477762580e+001 +1.477762580e+001 -3.344237420e+001 -3.344237420e+001 -2.2706e+000 -7.0658e-001 -1.8493e+000 -7.1328e-002 -3.2385e+000 +3.1635e+000 -3.5239e+000 +8.8872e-001 -1.9344e+000 +4.0985e+000
% function evaluation | noise-free fitness - Fopt (2.547000000000e+001) | best noise-free fitness - Fopt | measured fitness | best measured fitness | x1 | x2...
1 +3.813070620e+003 +3.813070620e+003 +3.838540620e+003 +3.838540620e+003 +5.5244e+000 -7.1787e+000 +3.0845e+000 -2.2303e+000 -1.0869e+001 -5.5230e+000 -4.1119e+000 -1.1008e+001 -3.4743e+000 -1.5442e+000
2 +1.248226823e+003 +1.248226823e+003 +1.273696823e+003 +1.273696823e+003 +3.0837e+000 -2.5566e+000 +7.8250e+000 -2.6874e-001 -8.9403e+000 -1.0529e+000 -1.5838e+000 -9.5069e-001 -1.3453e+000 -3.5783e+000
3 +9.489134804e+002 +9.489134804e+002 +9.743834804e+002 +9.743834804e+002 +3.4198e+000 -7.1178e+000 -1.3203e+000 +4.5544e+000 +4.9804e+000 -6.8030e+000 -4.0843e+000 +1.3946e+000 -1.1028e+000 +1.5780e-002
4 +8.665004037e+002 +8.665004037e+002 +8.919704037e+002 +8.919704037e+002 +2.8880e+000 -3.4799e+000 +3.9890e+000 -7.6165e+000 -1.9250e+000 -5.5248e-001 -7.5313e-001 +3.2686e+000 +7.6705e-001 -3.4356e+000
8 +7.917760217e+002 +7.917760217e+002 +8.172460217e+002 +8.172460217e+002 +1.6137e+000 -2.1815e+000 +4.5485e+000 +3.3342e+000 +1.6519e+000 -4.2652e+000 -2.9571e+000 -2.4360e+000 +1.0957e+000 -4.2924e+000
17 +7.254050626e+002 +7.254050626e+002 +7.508750626e+002 +7.508750626e+002 +1.5708e+000 -2.9269e+000 -7.6827e-001 +3.7424e+000 -3.3395e+000 -4.1702e+000 +5.1894e-001 -2.3352e+000 +6.3446e-001 +2.2247e+000
33 +6.377558981e+002 +6.377558981e+002 +6.632258981e+002 +6.632258981e+002 +1.9873e+000 -4.0765e+000 +4.0820e+000 +2.0617e+000 -3.7304e-001 -4.1802e+000 -1.8775e-001 -6.7753e-001 +1.1702e+000 -1.8193e+000
38 +5.572099290e+002 +5.572099290e+002 +5.826799290e+002 +5.826799290e+002 -5.7981e-001 -5.4394e+000 +3.7046e+000 +4.2161e+000 -3.5796e+000 -7.0534e+000 +5.0563e-001 +2.4293e+000 +1.6145e+000 -1.5539e-001
53 +5.197026911e+002 +5.197026911e+002 +5.451726911e+002 +5.451726911e+002 -5.4065e+000 -2.8643e+000 +2.1539e+000 -1.9836e+000 -7.7174e+000 +1.0222e+000 -1.5284e+000 +1.7063e+000 +3.0815e+000 +6.8932e+000
69 +4.494445690e+002 +4.494445690e+002 +4.749145690e+002 +4.749145690e+002 -2.0760e+000 -3.8643e+000 +9.3847e-001 +2.1943e+000 -1.1470e+000 -5.2193e+000 -1.5830e+000 +4.8334e-001 -3.6972e+000 +1.1781e+000
72 +3.241910426e+002 +3.241910426e+002 +3.496610426e+002 +3.496610426e+002 -2.2429e+000 -3.1919e+000 -8.4540e-001 +2.4185e+000 +2.6424e+000 -3.5763e+000 -1.0096e+000 +3.4628e-001 -1.3240e+000 +1.6073e-001
122 +2.942228304e+002 +2.942228304e+002 +3.196928304e+002 +3.196928304e+002 -5.3164e+000 -5.8363e+000 +1.6912e+000 +7.8014e-001 -3.2323e+000 -3.6122e+000 -2.8385e+000 -1.1195e+000 +6.6427e-001 +9.8026e-001
153 +2.599495155e+002 +2.599495155e+002 +2.854195155e+002 +2.854195155e+002 -4.6160e+000 -4.5939e+000 +5.4644e-001 -1.1784e+000 -3.1733e+000 -3.2777e+000 -3.4207e+000 -1.2329e+000 +9.7108e-002 +8.1155e-001
190 +2.157038802e+002 +2.157038802e+002 +2.411738802e+002 +2.411738802e+002 -5.4475e+000 -7.0920e-001 +9.4661e-001 +2.0202e+000 +1.6356e+000 -1.6546e-001 -1.0671e+000 -1.8339e+000 +3.6142e+000 -3.2704e-001
219 +1.980472238e+002 +1.980472238e+002 +2.235172238e+002 +2.235172238e+002 -2.6752e+000 -2.9743e+000 -7.5127e-001 +1.1481e+000 -7.3906e-001 -8.9819e-001 -2.7372e+000 -2.8845e-003 +2.8138e+000 +3.2177e-001
256 +1.697502739e+002 +1.697502739e+002 +1.952202739e+002 +1.952202739e+002 -2.6118e+000 -2.3505e+000 -3.9453e-001 -1.2020e+000 -2.7302e+000 -3.6971e+000 -2.8494e+000 +1.1808e+000 +2.0990e+000 +7.3554e-002
268 +1.467154944e+002 +1.467154944e+002 +1.721854944e+002 +1.721854944e+002 -2.2537e+000 -1.4900e+000 +6.0358e-001 -7.1930e-001 -5.2754e-001 +6.1948e-002 -1.6467e+000 -1.2114e+000 +2.0560e+000 -1.1976e+000
346 +1.135696574e+002 +1.135696574e+002 +1.390396574e+002 +1.390396574e+002 -3.3260e+000 -2.9713e+000 -2.2946e+000 -1.7954e+000 -1.1945e-001 +1.4191e+000 -1.0194e+000 -7.4230e-001 +2.3737e+000 -8.4264e-002
390 +8.901054770e+001 +8.901054770e+001 +1.144805477e+002 +1.144805477e+002 -3.6024e+000 -2.3198e+000 -2.5075e+000 -2.1733e+000 -2.6515e+000 -1.7777e+000 -2.6617e+000 +1.0828e-001 +3.5235e+000 +1.5058e-001
631 +7.508030723e+001 +7.508030723e+001 +1.005503072e+002 +1.005503072e+002 -3.7670e+000 -2.7955e+000 -3.0075e+000 -1.7018e+000 -3.7654e-002 -5.4995e-001 -1.1630e+000 -1.8242e-001 +2.2185e+000 -1.1741e+000
668 +7.362447648e+001 +7.362447648e+001 +9.909447648e+001 +9.909447648e+001 -2.8361e+000 -2.3125e+000 -1.0847e+000 -2.0629e+000 -7.1578e-001 +6.6958e-001 -1.1116e+000 +3.3732e-001 +2.5866e+000 -7.3016e-001
675 +7.155271952e+001 +7.155271952e+001 +9.702271952e+001 +9.702271952e+001 -3.6905e+000 -2.4711e+000 -3.0638e+000 -2.6198e+000 -1.7863e+000 +7.1042e-001 -1.7290e+000 +5.2613e-001 +1.7160e+000 -5.3016e-001
829 +6.385897557e+001 +6.385897557e+001 +8.932897557e+001 +8.932897557e+001 -3.2853e+000 -1.2395e+000 -1.8294e+000 -2.0228e+000 -2.9363e+000 +8.4176e-001 -1.9933e+000 +1.4271e+000 +3.6042e+000 -8.4772e-001
958 +5.883510594e+001 +5.883510594e+001 +8.430510594e+001 +8.430510594e+001 -3.3719e+000 -2.2306e+000 -1.8327e+000 -2.1061e+000 -2.0529e+000 +1.0845e+000 -1.1509e+000 +1.9321e+000 +3.5148e+000 -7.8712e-001
1088 +4.716882408e+001 +4.716882408e+001 +7.263882408e+001 +7.263882408e+001 -3.0042e+000 -2.3849e+000 -2.2369e+000 -2.2273e+000 -3.0181e+000 +2.8923e-001 -2.1548e+000 +1.2005e-001 +4.5741e+000 -9.0803e-001
1879 +4.216892527e+001 +4.216892527e+001 +6.763892527e+001 +6.763892527e+001 -3.3421e+000 -1.8529e+000 -1.0570e+000 -1.9519e+000 -1.4186e+000 -3.0072e-001 -6.7420e-001 +1.2164e+000 +3.2660e+000 -1.0445e+000
3298 +3.969948565e+001 +3.969948565e+001 +6.516948565e+001 +6.516948565e+001 -3.9793e+000 -2.6595e+000 -1.3269e+000 -1.6823e+000 -1.8819e+000 -2.4345e-001 -1.3489e+000 +3.5482e-001 +3.3880e+000 -9.4580e-001
3744 +3.616006858e+001 +3.616006858e+001 +6.163006858e+001 +6.163006858e+001 -4.0832e+000 -1.3268e+000 -1.1225e+000 -1.5921e+000 -4.4832e+000 -1.0808e+000 -7.0571e-001 -2.7730e-001 +2.7874e+000 -8.5899e-001
45751 +3.069094612e+001 +3.069094612e+001 +5.616094612e+001 +5.616094612e+001 -4.0705e+000 -2.3955e+000 -1.0298e+000 -2.0698e+000 -2.0622e+000 -1.6944e-001 -1.2743e+000 -2.1169e-001 +2.8812e+000 -1.7812e-001
51993 +2.258996158e+001 +2.258996158e+001 +4.805996158e+001 +4.805996158e+001 -3.8498e+000 -1.3636e+000 -1.0851e+000 -2.6587e+000 -1.7570e+000 -2.1117e-001 -8.7227e-001 +5.7925e-001 +4.0163e+000 -9.4903e-001
1327554 +2.170436092e+001 +2.170436092e+001 +4.717436092e+001 +4.717436092e+001 -3.9796e+000 -2.7921e+000 -1.6435e+000 -1.9390e+000 -1.3322e+000 -5.6902e-001 -5.4560e-001 +5.1921e-002 +2.3591e+000 -1.2905e-001
1859849 +2.134961688e+001 +2.134961688e+001 +4.681961688e+001 +4.681961688e+001 -4.3032e+000 -1.5433e+000 -9.8014e-001 -1.8120e+000 -1.6824e+000 -1.1639e-001 -8.2932e-001 -4.6726e-001 +3.1467e+000 -3.4319e-001
2730220 +2.088980598e+001 +2.088980598e+001 +4.635980598e+001 +4.635980598e+001 -3.7002e+000 -2.0682e+000 -7.9244e-001 -1.1841e+000 -2.4119e+000 +2.6978e-003 -9.5805e-001 +6.0107e-002 +3.2825e+000 -4.2703e-001
3746320 +1.994675521e+001 +1.994675521e+001 +4.541675521e+001 +4.541675521e+001 -3.7709e+000 -1.5979e+000 -1.3872e+000 -2.0994e+000 -2.2159e+000 -1.2228e-001 -6.1531e-001 +3.6278e-001 +3.0716e+000 -1.0605e+000
3981072 +1.909042793e+001 +1.909042793e+001 +4.456042793e+001 +4.456042793e+001 -4.4286e+000 -1.7641e+000 -1.2189e+000 -2.1164e+000 -1.5593e+000 -4.8394e-001 -1.9371e+000 +4.3080e-001 +3.4622e+000 -1.0494e+000
4251296 +1.788322895e+001 +1.788322895e+001 +4.335322895e+001 +4.335322895e+001 -4.0177e+000 -1.6972e+000 -1.3884e+000 -2.6845e+000 -1.1465e+000 -3.7771e-001 -1.1982e+000 +2.6533e-001 +2.7691e+000 -5.1994e-001
7336679 +1.255211467e+001 +1.255211467e+001 +3.802211467e+001 +3.802211467e+001 -3.3380e+000 -2.4442e+000 -1.4823e+000 -3.2836e+000 -1.0895e+000 +6.2214e-001 -1.8804e+000 +7.9530e-001 +3.6191e+000 +5.8721e-002
% function evaluation | noise-free fitness - Fopt (-1.008100000000e+002) | best noise-free fitness - Fopt | measured fitness | best measured fitness | x1 | x2...
1 +6.212960996e+002 +6.212960996e+002 +5.204860996e+002 +5.204860996e+002 -1.9908e+000 +4.9387e+000 +9.3735e+000 -4.0362e+000 +8.0939e+000 -1.4672e-001 -2.1050e+000 -1.3871e+000 -5.7569e+000 +8.2317e+000
7 +3.887229407e+002 +3.887229407e+002 +2.879129407e+002 +2.879129407e+002 +1.0754e+000 +5.4847e+000 +3.1036e+000 -1.6567e+000 +1.4774e+000 +2.7295e-001 -1.0355e-001 -1.0422e+000 -3.1464e+000 -2.2077e+000
14 +1.440746947e+002 +1.440746947e+002 +4.326469466e+001 +4.326469466e+001 +1.1599e+000 +3.4346e+000 +2.6440e+000 -1.5132e+000 +3.7706e+000 -1.5943e+000 +2.6391e-001 +1.5485e+000 -3.5403e+000 +8.9015e-001
250 +1.058641858e+002 +1.058641858e+002 +5.054185817e+000 +5.054185817e+000 +1.2484e+000 +2.2559e+000 +1.5431e+000 -7.1566e-001 +3.6876e+000 +3.4011e+000 +9.1664e-001 +2.7890e+000 -4.6286e+000 +2.3893e-001
436 +7.985477947e+001 +7.985477947e+001 -2.095522053e+001 -2.095522053e+001 +1.1144e-001 +2.2979e+000 +2.4486e+000 +7.4251e-001 +3.5833e+000 +1.2357e+000 +4.9672e-001 +8.5697e-001 -3.4600e+000 +9.3933e-001
469 +7.699394826e+001 +7.699394826e+001 -2.381605174e+001 -2.381605174e+001 -8.4123e-001 +6.3142e-002 +3.2844e-001 -1.1735e+000 +3.0093e+000 +1.1511e+000 +7.2121e-001 +2.6394e+000 -2.8182e+000 -1.8898e+000
685 +5.690379509e+001 +5.690379509e+001 -4.390620491e+001 -4.390620491e+001 +7.0667e-001 +1.0737e+000 +1.0347e+000 +3.2683e-001 +3.0315e+000 +1.3805e+000 +2.0400e-001 +2.7884e-002 -4.2536e+000 +9.9995e-001
936 +5.457467361e+001 +5.457467361e+001 -4.623532639e+001 -4.623532639e+001 +3.0562e-001 +9.0416e-001 +1.0307e+000 +1.2208e-002 +3.6486e+000 +1.5043e+000 +2.1235e-001 +8.7487e-001 -3.8151e+000 -9.1787e-001
1094 +4.492433738e+001 +4.492433738e+001 -5.588566262e+001 -5.588566262e+001 +6.6469e-001 +1.1039e+000 +9.6855e-001 -7.0121e-003 +3.1410e+000 +1.7549e+000 +5.9165e-001 +1.4357e+000 -3.7215e+000 -1.8458e-001
3653 +3.794544724e+001 +3.794544724e+001 -6.286455276e+001 -6.286455276e+001 +5.7752e-001 +5.5729e-001 +8.1500e-001 +1.2007e+000 +2.7073e+000 +1.3582e+000 -9.5785e-001 +1.8240e+000 -1.6560e+000 -8.8702e-001
11278 +3.418116329e+001 +3.418116329e+001 -6.662883671e+001 -6.662883671e+001 +1.0330e+000 +5.6232e-001 +1.7528e+000 -1.2954e-001 +3.2081e+000 +2.2097e+000 +5.8636e-001 +1.4064e+000 -3.3470e+000 -1.2071e+000
15181 +2.808274655e+001 +2.808274655e+001 -7.272725345e+001 -7.272725345e+001 +1.6388e+000 +2.0250e-001 +1.0265e+000 +3.5469e-001 +3.3062e+000 +1.2592e+000 +1.8919e-001 +2.0157e+000 -4.3186e+000 -7.3198e-001
35232 +2.494457268e+001 +2.494457268e+001 -7.586542732e+001 -7.586542732e+001 +1.8422e+000 +4.6748e-001 +1.6752e+000 +2.0693e-001 +3.1273e+000 +1.3888e+000 +4.3467e-001 +1.5891e+000 -4.2098e+000 -1.3401e+000
72140 +2.020910564e+001 +2.020910564e+001 -8.060089436e+001 -8.060089436e+001 +1.6229e+000 +8.8329e-002 +1.4599e+000 +4.0491e-001 +2.7973e+000 +2.0558e+000 +3.7479e-001 +1.6748e+000 -4.0379e+000 -4.8998e-002
428026 +1.570393786e+001 +1.570393786e+001 -8.510606214e+001 -8.510606214e+001 +6.6471e-001 +9.3578e-001 +1.5794e+000 -2.7687e-001 +2.9135e+000 +1.4953e+000 +1.8793e-001 +1.9860e+000 -3.5000e+000 -9.1358e-001
6162956 +1.455057894e+001 +1.455057894e+001 -8.625942106e+001 -8.625942106e+001 +6.1601e-001 +3.4717e-001 +1.2796e+000 +9.0969e-001 +3.2381e+000 +2.1197e+000 +3.3328e-001 +1.6089e+000 -3.7998e+000 -6.8510e-001
% function evaluation | noise-free fitness - Fopt (-3.496000000000e+001) | best noise-free fitness - Fopt | measured fitness | best measured fitness | x1 | x2...
1 +3.368973122e+002 +3.368973122e+002 +3.019373122e+002 +3.019373122e+002 -1.7665e+000 -2.2359e+000 -2.8549e+000 +2.6793e+000 -4.3879e+000 +2.5454e-002 +3.7551e+000 +1.6640e-001 -1.3609e+000 -1.6102e+000
9 +3.062903031e+002 +3.062903031e+002 +2.713303031e+002 +2.713303031e+002 +1.7540e+000 +6.3846e-001 -2.0896e+000 +3.1068e+000 -1.6533e+000 -3.8771e-001 +1.0710e+000 -1.6713e+000 -2.4426e+000 -3.1843e+000
54 +2.321643685e+002 +2.321643685e+002 +1.972043685e+002 +1.972043685e+002 +1.4950e+000 -1.4217e+000 -4.8887e+000 +2.6975e+000 -3.2458e+000 +7.1692e-002 +1.7932e+000 +9.3024e-001 -1.2109e+000 -3.5661e+000
102 +1.402223403e+002 +1.402223403e+002 +1.052623403e+002 +1.052623403e+002 -9.2432e-001 -3.3144e+000 -3.2302e+000 +5.5783e+000 -5.0074e+000 +4.2414e+000 +1.5294e+000 -1.7993e-001 +1.1395e+000 -1.8609e+000
245 +1.185111226e+002 +1.185111226e+002 +8.355112258e+001 +8.355112258e+001 -3.4045e-001 -2.5665e+000 -1.4699e+000 +3.6494e+000 -2.9784e+000 +2.9311e+000 +1.7639e-001 -1.9538e+000 +4.5365e-001 -3.5585e+000
294 +1.120889966e+002 +1.120889966e+002 +7.712899660e+001 +7.712899660e+001 -4.5803e-001 -5.5279e+000 -3.0280e+000 +4.2554e+000 -4.9319e+000 +1.3289e+000 -1.0451e+000 -6.8044e-001 +5.2857e-001 -3.8295e+000
336 +9.413227900e+001 +9.413227900e+001 +5.917227900e+001 +5.917227900e+001 -6.5737e-001 -2.4409e+000 -1.9030e+000 +3.3363e+000 -3.0455e+000 +1.8386e+000 -8.9109e-001 +1.0936e+000 +1.3591e+000 -2.3631e+000
431 +8.507578633e+001 +8.507578633e+001 +5.011578633e+001 +5.011578633e+001 -1.8011e-001 -5.1358e+000 -3.7766e+000 +3.6238e+000 -2.5159e+000 +2.1070e+000 -4.0129e-001 +1.2482e+000 +9.4775e-001 -2.6730e+000
508 +7.881045671e+001 +7.881045671e+001 +4.385045671e+001 +4.385045671e+001 -2.5029e-001 -4.0645e+000 -3.2941e+000 +4.9365e+000 -2.2190e+000 +3.2464e+000 -7.7188e-001 -7.9396e-002 +2.0517e+000 -2.4351e+000
620 +7.529587419e+001 +7.529587419e+001 +4.033587419e+001 +4.033587419e+001 +4.2940e-001 -3.1159e+000 -3.0336e+000 +5.2266e+000 -1.8878e+000 +2.2656e+000 -7.0150e-001 -1.2695e+000 +1.2200e+000 -2.3634e+000
669 +6.314120446e+001 +6.314120446e+001 +2.818120446e+001 +2.818120446e+001 +1.9038e-001 -3.9004e+000 -3.3297e+000 +3.4197e+000 -2.5190e+000 +2.9944e+000 -1.9915e-001 +1.5325e-001 +1.4821e+000 -2.2306e+000
754 +6.234875645e+001 +6.234875645e+001 +2.738875645e+001 +2.738875645e+001 +1.1638e+000 -4.3492e+000 -2.1195e+000 +1.5960e+000 -3.1446e+000 +1.7594e+000 -4.2052e-001 -5.8329e-001 +1.2910e+000 -1.9303e+000
2181 +5.361770712e+001 +5.361770712e+001 +1.865770712e+001 +1.865770712e+001 +2.4953e+000 -3.8748e+000 -3.0002e+000 +1.2678e+000 -2.2466e+000 +4.3756e+000 -6.9049e-001 +4.8355e-001 +3.9482e+000 -2.5091e+000
2804 +3.622230078e+001 +3.622230078e+001 +1.262300777e+000 +1.262300777e+000 +6.8459e-001 -3.2478e+000 -2.0702e+000 +1.2999e+000 -2.4622e+000 +4.2282e+000 -1.0852e+000 -1.0080e+000 +2.5982e+000 -2.5071e+000
50549 +3.496511467e+001 +3.496511467e+001 +5.114667715e-003 +5.114667715e-003 +2.9120e-001 -3.5172e+000 -2.4020e+000 +2.6120e+000 -2.6941e+000 +3.3238e+000 -4.6397e-001 +1.2172e-002 +2.5893e+000 -2.2539e+000
56997 +2.861258706e+001 +2.861258706e+001 -6.347412937e+000 -6.347412937e+000 +5.0207e-001 -3.0136e+000 -2.6158e+000 +1.9400e+000 -1.3493e+000 +3.8938e+000 -1.1997e+000 +1.8431e-001 +2.6827e+000 -2.3188e+000
160873 +2.351153941e+001 +2.351153941e+001 -1.144846059e+001 -1.144846059e+001 +2.8620e+000 -3.5322e+000 -2.9723e+000 +2.1585e+000 -2.1708e+000 +4.0003e+000 -9.6344e-001 +3.4816e-001 +2.6027e+000 -1.5595e+000
674334 +2.054705688e+001 +2.054705688e+001 -1.441294312e+001 -1.441294312e+001 +1.1349e+000 -3.3955e+000 -2.3654e+000 +2.0825e+000 -2.0139e+000 +4.8123e+000 -1.1285e+000 +3.9511e-001 +2.6204e+000 -2.1176e+000
1498959 +1.981728054e+001 +1.981728054e+001 -1.514271946e+001 -1.514271946e+001 +1.2231e+000 -3.0886e+000 -2.4389e+000 +2.4957e+000 -1.7760e+000 +4.2703e+000 -4.5824e-001 +3.2058e-002 +2.7670e+000 -2.0543e+000
3718419 +1.632094653e+001 +1.632094653e+001 -1.863905347e+001 -1.863905347e+001 +1.5278e+000 -3.2227e+000 -2.7527e+000 +2.6087e+000 -2.4452e+000 +3.9036e+000 -9.3382e-001 -3.7758e-001 +2.9359e+000 -1.0343e+000
% function evaluation | noise-free fitness - Fopt (-2.727900000000e+002) | best noise-free fitness - Fopt | measured fitness | best measured fitness | x1 | x2...
1 +7.977046492e+002 +7.977046492e+002 +5.249146492e+002 +5.249146492e+002 +5.8023e+000 +1.6044e+000 -2.2830e+000 -1.8519e+000 -4.9908e+000 +4.6145e+000 -3.5715e+000 -4.2016e-001 -2.5262e+000 -9.3458e-001
56 +6.514898105e+002 +6.514898105e+002 +3.786998105e+002 +3.786998105e+002 -9.9099e-001 +1.1416e+000 -3.4981e+000 -2.0315e+000 +1.8011e+000 +6.7374e+000 -4.4407e+000 +1.8162e+000 +7.9899e+000 -1.1333e+000
60 +6.221907257e+002 +6.221907257e+002 +3.494007257e+002 +3.494007257e+002 +5.2179e+000 +2.9465e+000 -5.4014e-001 -6.8103e+000 +1.5272e+000 +4.1891e+000 -3.9298e+000 +2.2983e+000 +1.4438e+000 +3.5303e+000
62 +4.495913027e+002 +4.495913027e+002 +1.768013027e+002 +1.768013027e+002 +3.0571e+000 -2.7785e+000 -2.5933e+000 -3.6670e+000 -1.6098e-001 +3.4634e+000 -3.9168e+000 +6.6691e+000 +9.9071e-001 -9.2768e-001
66 +3.949617954e+002 +3.949617954e+002 +1.221717954e+002 +1.221717954e+002 +1.8574e+000 +2.6109e+000 +3.0854e-001 -3.1209e+000 +3.6839e-001 +3.7739e+000 +5.7309e-001 +7.1818e-001 -1.5487e+000 +5.2755e+000
107 +3.531644673e+002 +3.531644673e+002 +8.037446734e+001 +8.037446734e+001 +1.1310e+000 +3.2036e+000 -1.8254e+000 -2.9194e+000 -7.0288e-001 +4.5822e+000 -4.7020e+000 +3.7822e+000 +2.2874e+000 +2.1556e+000
108 +1.729755321e+002 +1.729755321e+002 -9.981446787e+001 -9.981446787e+001 -2.1640e+000 +2.2214e+000 +3.8232e-001 -2.5418e+000 -1.5414e+000 +5.5202e+000 -1.7524e+000 +4.4537e+000 +3.5058e+000 -2.6076e-001
279 +1.442635398e+002 +1.442635398e+002 -1.285264602e+002 -1.285264602e+002 +1.8700e-001 +4.6851e-001 -2.9200e-001 -8.2210e-001 +3.2952e-001 +3.1773e+000 -4.0854e+000 +5.4807e+000 +4.5351e+000 -1.6378e+000
468 +1.330106071e+002 +1.330106071e+002 -1.397793929e+002 -1.397793929e+002 -1.2336e+000 +6.1906e-001 +1.1684e+000 -2.8281e+000 -8.9600e-001 +5.3356e+000 -2.4358e+000 +3.0326e+000 +4.6965e+000 +1.0299e+000
523 +1.265697424e+002 +1.265697424e+002 -1.462202576e+002 -1.462202576e+002 -2.1963e+000 +3.2211e+000 +2.4509e+000 -2.7419e+000 +2.3687e+000 +5.4113e+000 -3.3322e+000 -9.2716e-001 +3.1124e+000 +6.2257e-001
565 +1.229753305e+002 +1.229753305e+002 -1.498146695e+002 -1.498146695e+002 -1.2071e+000 +1.7756e+000 +1.0834e+000 -2.4309e+000 +6.8599e-001 +5.3158e+000 -2.2652e+000 +1.9856e+000 +4.2437e+000 -3.1949e+000
566 +1.064961302e+002 +1.064961302e+002 -1.662938698e+002 -1.662938698e+002 -1.2353e+000 +2.2877e+000 +9.4176e-001 -2.6788e+000 +1.4897e+000 +5.5694e+000 -1.7701e+000 +6.2025e-001 +5.5599e+000 -9.7791e-001
568 +1.008915747e+002 +1.008915747e+002 -1.718984253e+002 -1.718984253e+002 +1.0988e-001 +2.1446e+000 +1.8021e+000 -2.9589e+000 +8.2696e-001 +4.0687e+000 -2.2107e+000 +1.1678e+000 +4.2916e+000 +5.4969e-002
655 +8.271529286e+001 +8.271529286e+001 -1.900747071e+002 -1.900747071e+002 -7.6525e-002 +9.8939e-001 +2.5060e+000 -4.0701e+000 +1.5244e+000 +5.8268e+000 -1.3062e+000 +1.0117e+000 +4.2129e+000 -8.5664e-001
769 +6.094966154e+001 +6.094966154e+001 -2.118403385e+002 -2.118403385e+002 -1.0639e+000 +1.1020e+000 +1.8470e+000 -2.0345e+000 +1.5013e+000 +4.3921e+000 -2.0044e+000 +1.4023e+000 +3.9664e+000 -8.2675e-001
933 +5.799406806e+001 +5.799406806e+001 -2.147959319e+002 -2.147959319e+002 -1.8255e+000 +1.8612e+000 +2.0402e+000 -1.6097e+000 +1.4498e+000 +5.5573e+000 -1.9785e+000 +1.9390e+000 +5.0225e+000 +6.9315e-001
1242 +4.997093322e+001 +4.997093322e+001 -2.228190668e+002 -2.228190668e+002 -1.8892e+000 +4.3780e-001 +1.2535e+000 -2.5169e+000 +7.8018e-001 +4.2580e+000 -1.1061e+000 +1.3194e+000 +3.5048e+000 -1.3765e+000
3364 +4.782021545e+001 +4.782021545e+001 -2.249697846e+002 -2.249697846e+002 -3.3376e+000 +3.0200e-001 +1.9137e+000 -2.7357e+000 +1.8223e+000 +3.4569e+000 -1.0413e+000 +1.5953e+000 +4.0041e+000 -1.2499e+000
3548 +4.413268297e+001 +4.413268297e+001 -2.286573170e+002 -2.286573170e+002 -2.7306e+000 +1.3072e-001 +2.3931e+000 -2.5486e+000 +6.8685e-001 +4.1470e+000 -2.8157e+000 +9.5361e-001 +3.6529e+000 -1.6554e+000
5033 +4.067373304e+001 +4.067373304e+001 -2.321162670e+002 -2.321162670e+002 -3.8594e+000 +6.3931e-001 +1.7941e+000 -2.2963e+000 +1.9599e+000 +3.7341e+000 -1.2704e+000 +1.7207e+000 +4.0802e+000 -1.5756e+000
7107 +3.599127169e+001 +3.599127169e+001 -2.367987283e+002 -2.367987283e+002 -2.6008e+000 +5.8229e-001 +2.8821e+000 -2.3126e+000 +1.4650e+000 +3.8362e+000 -1.4647e+000 +1.0687e+000 +4.2037e+000 -6.1993e-001
24041 +3.159047302e+001 +3.159047302e+001 -2.411995270e+002 -2.411995270e+002 -3.6559e+000 +7.7227e-001 +9.8172e-001 -2.4762e+000 +9.7907e-001 +3.8563e+000 -1.1239e+000 +1.1327e+000 +3.5799e+000 -1.1870e+000
94288 +2.815701561e+001 +2.815701561e+001 -2.446329844e+002 -2.446329844e+002 -3.2639e+000 +4.5344e-001 +1.9109e+000 -2.5683e+000 +8.6975e-001 +3.3619e+000 -1.1138e+000 +8.1167e-001 +4.7413e+000 -1.3323e+000
137192 +2.524402491e+001 +2.524402491e+001 -2.475459751e+002 -2.475459751e+002 -2.6174e+000 +1.7198e-001 +1.7846e+000 -2.4428e+000 +7.0910e-001 +4.0313e+000 -1.7199e+000 +2.6689e-001 +3.4343e+000 -1.9921e+000
162586 +2.302547008e+001 +2.302547008e+001 -2.497645299e+002 -2.497645299e+002 -2.7919e+000 -5.8849e-003 +2.4745e+000 -1.9109e+000 +8.7715e-001 +3.5004e+000 -1.1819e+000 +1.1816e+000 +3.7425e+000 -9.1175e-001
344074 +1.270920714e+001 +1.270920714e+001 -2.600807929e+002 -2.600807929e+002 -3.4653e+000 +5.5146e-001 +2.2528e+000 -2.7974e+000 +5.7346e-001 +3.4167e+000 -2.1406e+000 +5.0899e-001 +3.6084e+000 -1.8586e+000
% function evaluation | noise-free fitness - Fopt (1.410200000000e+002) | best noise-free fitness - Fopt | measured fitness | best measured fitness | x1 | x2...
1 +4.993945115e+002 +4.993945115e+002 +6.404145115e+002 +6.404145115e+002 -2.9545e+000 -1.0443e+000 -2.2100e+000 -3.7604e+000 -4.6521e+000 -2.2282e+000 +2.2573e+000 +4.7062e+000 -9.4382e-001 -1.1258e+000
18 +3.423134534e+002 +3.423134534e+002 +4.833334534e+002 +4.833334534e+002 -2.4677e+000 +2.7510e+000 -1.6409e+000 -8.6293e-001 -2.9744e+000 -1.8361e+000 +2.6512e+000 +4.0643e+000 -8.5818e-001 -4.4491e-002
93 +2.865027495e+002 +2.865027495e+002 +4.275227495e+002 +4.275227495e+002 -3.9717e+000 -3.9433e-003 -3.8457e+000 -2.0047e+000 -3.0106e+000 -2.5136e+000 -7.1452e-001 +5.2226e+000 -1.3867e+000 +2.1291e+000
163 +2.653029121e+002 +2.653029121e+002 +4.063229121e+002 +4.063229121e+002 -5.7078e-001 -3.9021e-001 -3.9585e+000 -2.3689e+000 -1.5824e+000 -2.0380e+000 -8.6108e-001 +4.4561e+000 -8.0195e-001 -1.5401e+000
205 +2.106478860e+002 +2.106478860e+002 +3.516678860e+002 +3.516678860e+002 +9.1329e-001 +1.4338e-001 -5.3976e+000 -9.5915e-001 +1.2726e+000 -9.4028e-001 +2.3965e+000 +4.8773e+000 -1.6843e-001 -1.7167e+000
274 +2.009271012e+002 +2.009271012e+002 +3.419471012e+002 +3.419471012e+002 +9.1226e-003 +1.3251e+000 -3.0366e+000 -4.9180e-001 -1.9926e-001 -2.2759e+000 +9.7452e-001 +5.5751e+000 -2.5427e-001 -5.4944e-001
300 +1.820308365e+002 +1.820308365e+002 +3.230508365e+002 +3.230508365e+002 -1.0595e+000 +1.5512e-001 -4.6270e+000 -2.1392e+000 -4.4452e-002 -3.2694e+000 +1.0360e-001 +4.0626e+000 +1.2948e+000 -4.5134e-001
353 +1.590828521e+002 +1.590828521e+002 +3.001028521e+002 +3.001028521e+002 -8.3433e-001 +1.1087e+000 -4.3006e+000 -7.2364e-001 -7.4652e-001 -2.2902e+000 +1.1751e+000 +4.5439e+000 +5.6746e-001 -4.3093e-001
375 +1.492732719e+002 +1.492732719e+002 +2.902932719e+002 +2.902932719e+002 -8.2858e-001 +1.7524e+000 -3.5381e+000 -2.4317e-001 -1.6389e+000 -2.9816e+000 +6.0815e-001 +4.8497e+000 +4.2510e-001 -3.0678e-001
431 +1.308451473e+002 +1.308451473e+002 +2.718651473e+002 +2.718651473e+002 -1.4168e+000 +2.4645e+000 -4.5730e+000 -2.0617e+000 +3.6533e-001 -2.4789e+000 +5.0972e-001 +5.1129e+000 +1.6495e+000 -8.3087e-001
524 +1.181371896e+002 +1.181371896e+002 +2.591571896e+002 +2.591571896e+002 -3.7626e-001 +1.4603e+000 -3.8477e+000 -1.1818e+000 +5.8687e-001 -2.6062e+000 +4.3012e-001 +5.0044e+000 +1.8448e+000 +9.4017e-001
561 +1.092494592e+002 +1.092494592e+002 +2.502694592e+002 +2.502694592e+002 -3.8013e-001 +1.9713e+000 -3.9361e+000 -3.0180e+000 +2.2086e+000 -2.2508e+000 -9.2535e-001 +4.6800e+000 +1.9549e+000 +7.5729e-001
736 +1.006444203e+002 +1.006444203e+002 +2.416644203e+002 +2.416644203e+002 -1.6676e+000 +1.3240e+000 -2.1904e+000 -2.9862e+000 +7.5598e-001 -3.0838e+000 -6.3854e-001 +4.5839e+000 +8.6798e-001 +5.1636e-001
835 +8.270761797e+001 +8.270761797e+001 +2.237276180e+002 +2.237276180e+002 -8.7081e-001 +1.5367e+000 -3.8456e+000 -2.4666e+000 +1.3071e+000 -1.4832e+000 -2.6102e-001 +4.6688e+000 +8.5947e-001 +7.8403e-001
1008 +8.034985362e+001 +8.034985362e+001 +2.213698536e+002 +2.213698536e+002 -2.8337e-001 +2.6235e+000 -4.7608e+000 -2.9674e+000 +1.4239e+000 -1.2144e+000 -9.7322e-001 +4.6616e+000 +7.8162e-001 +1.1363e+000
1118 +7.723859259e+001 +7.723859259e+001 +2.182585926e+002 +2.182585926e+002 -8.8389e-001 +2.8140e+000 -3.4908e+000 -3.3512e+000 +1.9859e+000 -1.1643e+000 -3.0115e-001 +4.7039e+000 +1.7388e+000 +6.2726e-001
1312 +6.494148339e+001 +6.494148339e+001 +2.059614834e+002 +2.059614834e+002 -7.2704e-001 +3.1220e+000 -3.7082e+000 -2.9246e+000 +3.3896e+000 -6.2447e-001 -1.3660e+000 +4.5704e+000 +1.5886e+000 +9.1534e-001
2623 +5.752209850e+001 +5.752209850e+001 +1.985420985e+002 +1.985420985e+002 -1.7868e+000 +1.5698e+000 -3.4049e+000 -3.5829e+000 +2.7317e+000 -5.3716e-001 -1.8378e+000 +3.3397e+000 +1.2628e+000 +2.9267e+000
3107 +5.552277022e+001 +5.552277022e+001 +1.965427702e+002 +1.965427702e+002 -1.5398e+000 +2.6089e+000 -4.3116e+000 -2.9887e+000 +2.7305e+000 +4.3569e-001 -2.2240e+000 +3.1130e+000 -1.1913e+000 +3.4807e+000
3545 +5.114956489e+001 +5.114956489e+001 +1.921695649e+002 +1.921695649e+002 -7.9747e-001 +2.6057e+000 -3.4351e+000 -3.3005e+000 +2.7325e+000 -7.1401e-001 -2.7881e+000 +3.1916e+000 +1.7111e+000 +2.5581e+000
4429 +4.793494319e+001 +4.793494319e+001 +1.889549432e+002 +1.889549432e+002 -1.4062e+000 +1.6921e+000 -2.6658e+000 -3.1749e+000 +2.6215e+000 -1.0498e+000 -3.2189e+000 +2.7069e+000 -1.2710e-001 +1.5894e+000
4458 +4.515968907e+001 +4.515968907e+001 +1.861796891e+002 +1.861796891e+002 -6.6825e-001 +7.2371e-001 -2.4369e+000 -3.4472e+000 +2.8493e+000 -9.5193e-001 -2.1954e+000 +3.8066e+000 +9.2256e-001 +2.3722e+000
6996 +4.186561269e+001 +4.186561269e+001 +1.828856127e+002 +1.828856127e+002 -1.6749e+000 +1.5092e+000 -2.5135e+000 -3.7975e+000 +3.3428e+000 -5.4605e-001 -2.9326e+000 +2.5854e+000 +9.4870e-001 +1.9272e+000
8062 +3.706223692e+001 +3.706223692e+001 +1.780822369e+002 +1.780822369e+002 -1.9513e+000 +1.2078e+000 -2.5117e+000 -3.4847e+000 +3.8546e+000 +8.0012e-002 -3.2357e+000 +3.5773e+000 +1.1060e+000 +2.6748e+000
11620 +3.614741464e+001 +3.614741464e+001 +1.771674146e+002 +1.771674146e+002 -1.9556e+000 +1.5129e+000 -2.5498e+000 -3.0228e+000 +3.5117e+000 +7.2535e-001 -2.3793e+000 +2.6432e+000 +2.1782e-001 +2.7013e+000
34064 +2.680185903e+001 +2.680185903e+001 +1.678218590e+002 +1.678218590e+002 -1.8802e+000 +1.8475e+000 -2.5407e+000 -3.7220e+000 +3.4805e+000 -8.9148e-002 -4.3774e+000 +2.6557e+000 +6.9197e-001 +3.3527e+000
56907 +2.423649974e+001 +2.423649974e+001 +1.652564997e+002 +1.652564997e+002 -2.3247e+000 +1.3303e+000 -3.1750e+000 -3.6924e+000 +2.9849e+000 -4.3365e-001 -2.5144e+000 +3.2184e+000 +1.5234e+000 +3.4097e+000
160221 +2.313701347e+001 +2.313701347e+001 +1.641570135e+002 +1.641570135e+002 -1.4383e+000 +1.5228e+000 -2.9338e+000 -3.8289e+000 +3.1349e+000 +9.7208e-002 -2.8904e+000 +3.1924e+000 -2.8752e-001 +1.7956e+000
225282 +2.130867328e+001 +2.130867328e+001 +1.623286733e+002 +1.623286733e+002 -1.2211e+000 +1.0875e+000 -2.8922e+000 -2.9981e+000 +3.3519e+000 -3.5839e-001 -2.3266e+000 +3.5085e+000 +7.0859e-001 +1.9126e+000
1758639 +1.930176305e+001 +1.930176305e+001 +1.603217631e+002 +1.603217631e+002 -2.4050e+000 +1.1584e+000 -2.6789e+000 -3.4143e+000 +3.4345e+000 -3.8034e-001 -1.8397e+000 +3.3567e+000 -3.5027e-001 +2.5586e+000
2251395 +1.588382966e+001 +1.588382966e+001 +1.569038297e+002 +1.569038297e+002 -1.2295e+000 +1.3440e+000 -2.6820e+000 -3.5077e+000 +3.6443e+000 -3.5020e-001 -2.5735e+000 +3.5911e+000 +8.6985e-001 +3.0078e+000
2387281 +1.567388821e+001 +1.567388821e+001 +1.566938882e+002 +1.566938882e+002 -1.8754e+000 +9.2210e-001 -2.8931e+000 -3.5481e+000 +4.5299e+000 -2.2218e-001 -3.0122e+000 +3.4282e+000 +1.0987e+000 +2.5614e+000
3409279 +1.484898922e+001 +1.484898922e+001 +1.558689892e+002 +1.558689892e+002 -1.4200e+000 +1.2457e+000 -2.8657e+000 -3.7621e+000 +2.8358e+000 -4.2599e-001 -3.1148e+000 +3.2754e+000 +8.3399e-001 +2.9944e+000
8788590 +1.353704412e+001 +1.353704412e+001 +1.545570441e+002 +1.545570441e+002 -1.3628e+000 +1.0233e+000 -3.1560e+000 -3.4788e+000 +3.1660e+000 -5.2350e-001 -1.9931e+000 +2.8917e+000 +1.1027e+000 +2.2811e+000
% function evaluation | noise-free fitness - Fopt (8.113000000000e+001) | best noise-free fitness - Fopt | measured fitness | best measured fitness | x1 | x2...
1 +1.246837220e+003 +1.246837220e+003 +1.327967220e+003 +1.327967220e+003 -1.9750e+000 -1.1646e+000 +4.9924e+000 +1.8490e+000 +2.2581e+000 -3.1892e+000 -5.7142e+000 +7.8912e+000 -5.4109e-001 +9.4184e-001
2 +1.168583877e+003 +1.168583877e+003 +1.249713877e+003 +1.249713877e+003 -6.0646e+000 +8.7853e-001 +2.5917e+000 +3.1478e+000 +3.1002e+000 -2.9042e+000 -8.4069e-001 -3.0834e+000 -6.2256e+000 +2.0341e+000
3 +1.122469135e+003 +1.122469135e+003 +1.203599135e+003 +1.203599135e+003 +2.6099e+000 -9.0487e-001 +5.2742e+000 +2.6297e+000 +4.1660e+000 -4.0595e+000 -1.9770e+000 +3.1614e+000 -2.2144e+000 +3.5697e-001
6 +1.056966705e+003 +1.056966705e+003 +1.138096705e+003 +1.138096705e+003 -2.3958e+000 +2.2530e-001 +4.3045e+000 -1.2805e+000 +5.0442e+000 -4.3191e+000 -3.8284e+000 -2.0547e+000 -1.2060e+000 +5.4423e-001
13 +9.278068044e+002 +9.278068044e+002 +1.008936804e+003 +1.008936804e+003 -3.4397e+000 +6.7284e+000 +2.1168e+000 +5.1859e-001 +3.1881e+000 -3.7657e+000 -5.9481e+000 +6.9958e+000 -1.1280e+000 +1.9642e+000
27 +9.025500229e+002 +9.025500229e+002 +9.836800229e+002 +9.836800229e+002 -3.6948e+000 +1.3487e+000 +1.2774e+000 -2.0233e+000 +2.3138e+000 -1.0168e+000 -6.9404e+000 +4.6303e+000 +2.4238e-001 +3.3482e+000
51 +8.101188688e+002 +8.101188688e+002 +8.912488688e+002 +8.912488688e+002 -3.8422e+000 -2.1232e-002 +3.4474e+000 -3.6729e-002 +2.5632e+000 -1.7614e+000 -4.9520e+000 +2.6402e+000 -2.5948e+000 +1.4929e+000
55 +7.705903854e+002 +7.705903854e+002 +8.517203854e+002 +8.517203854e+002 -2.0008e+000 +1.2414e+000 +3.4275e+000 -2.9416e+000 +2.6125e+000 -2.6479e+000 -3.7721e+000 +2.5747e+000 +1.6927e+000 +1.4965e+000
57 +7.104079425e+002 +7.104079425e+002 +7.915379425e+002 +7.915379425e+002 -4.2270e+000 +4.5890e+000 +2.9994e+000 +4.9988e-001 +1.7709e+000 -5.6997e+000 -2.8542e+000 +2.7531e-001 -2.2109e+000 -3.8742e-002
89 +6.573108484e+002 +6.573108484e+002 +7.384408484e+002 +7.384408484e+002 -2.5415e-001 +3.3368e+000 +2.5583e+000 -1.6898e+000 +2.7510e+000 -3.1505e+000 -2.3651e+000 +2.5572e+000 +1.7148e+000 +2.4413e+000
93 +4.958857915e+002 +4.958857915e+002 +5.770157915e+002 +5.770157915e+002 -2.3540e+000 +9.5117e-001 +3.6663e+000 -3.8901e+000 +8.7437e-001 -1.9732e+000 +3.9390e+000 -8.3341e+000 -6.9451e+000 -5.2864e+000
122 +4.027268720e+002 +4.027268720e+002 +4.838568720e+002 +4.838568720e+002 -3.0026e+000 +4.8261e+000 +1.7048e+000 -2.3413e+000 -6.5239e-001 +1.6838e+000 -2.6519e+000 +2.5249e+000 +9.7521e-001 +8.3108e-001
138 +3.051481161e+002 +3.051481161e+002 +3.862781161e+002 +3.862781161e+002 +1.5006e+000 +6.8129e-001 +3.4949e+000 -1.5607e+000 -6.0466e+000 +9.5282e-002 -4.6037e+000 -7.7050e+000 -1.5489e+000 -1.6061e+000
164 +2.967838746e+002 +2.967838746e+002 +3.779138746e+002 +3.779138746e+002 -8.4219e-001 +4.0648e+000 +1.5233e+000 -2.1089e+000 -1.4286e+000 -2.0856e+000 -3.8158e+000 +4.9158e-001 -1.1387e+000 +1.3433e+000
222 +2.614917495e+002 +2.614917495e+002 +3.426217495e+002 +3.426217495e+002 -1.0455e+000 +2.3607e+000 +8.9365e-001 -4.1295e+000 -1.1187e+000 -7.4187e-001 -3.8929e+000 +6.1031e-001 -1.2030e+000 +6.5870e-001
233 +2.248567064e+002 +2.248567064e+002 +3.059867064e+002 +3.059867064e+002 -7.0435e-001 +2.2084e+000 +6.5910e-001 -3.3398e+000 -1.6072e+000 -3.3641e-001 -2.7258e+000 -9.7509e-001 +3.8494e-001 -1.0164e+000
268 +2.179870096e+002 +2.179870096e+002 +2.991170096e+002 +2.991170096e+002 -3.3315e-001 +1.7706e+000 +2.7882e+000 -2.4574e+000 -1.4705e+000 +2.6354e+000 -1.3256e+000 +9.2267e-001 -6.4569e-001 +5.1199e-001
283 +2.105830230e+002 +2.105830230e+002 +2.917130230e+002 +2.917130230e+002 +2.6667e-001 +4.3240e+000 +2.3713e+000 -2.1555e+000 -3.0787e+000 +8.7284e-001 -2.3064e+000 -2.4093e+000 -2.1977e+000 +1.4155e-001
302 +2.020368765e+002 +2.020368765e+002 +2.831668765e+002 +2.831668765e+002 +2.3392e+000 +3.8125e+000 +1.0336e+000 -1.9436e+000 -1.3939e+000 +1.0945e+000 -2.9596e+000 +2.4422e-001 -1.8834e+000 -1.9722e-001
329 +1.603093301e+002 +1.603093301e+002 +2.414393301e+002 +2.414393301e+002 +3.6743e+000 +3.9925e+000 +2.1090e+000 -2.7199e+000 -3.0979e+000 +1.8317e-001 -1.9468e+000 +3.6425e-001 -7.9410e-001 +1.3834e-001
352 +1.414726237e+002 +1.414726237e+002 +2.226026237e+002 +2.226026237e+002 +9.5189e-001 +2.7430e+000 +1.8674e+000 -4.1546e+000 -1.5856e+000 -7.4475e-001 -4.4381e-001 -2.1970e+000 -1.8460e+000 -1.4294e+000
424 +1.374372099e+002 +1.374372099e+002 +2.185672099e+002 +2.185672099e+002 +1.2965e+000 +1.3002e+000 +1.0018e+000 -2.8841e+000 -1.4470e+000 +4.5246e-001 -2.2456e+000 +1.9262e-001 -2.0915e+000 -5.4441e-001
455 +1.279038616e+002 +1.279038616e+002 +2.090338616e+002 +2.090338616e+002 +2.6693e+000 +8.9830e-001 +1.9797e+000 -3.8000e+000 -1.4926e+000 -3.9729e-002 -1.3404e+000 -2.0418e+000 -1.8660e+000 -1.0294e+000
491 +1.049193289e+002 +1.049193289e+002 +1.860493289e+002 +1.860493289e+002 +8.6134e-001 +5.7096e-002 +2.4655e+000 -2.8557e+000 -4.7726e+000 +1.0860e+000 -1.4390e+000 -1.6359e+000 -2.0427e+000 -3.3524e+000
601 +9.344412245e+001 +9.344412245e+001 +1.745741225e+002 +1.745741225e+002 +2.6093e+000 +1.5424e+000 +2.9432e+000 -2.6729e+000 -2.1153e+000 +1.1227e-001 -4.9492e-001 -9.0471e-001 -1.3600e+000 -1.5183e+000
767 +9.264131190e+001 +9.264131190e+001 +1.737713119e+002 +1.737713119e+002 +2.5867e+000 +1.8805e+000 +2.0682e+000 -2.9987e+000 -3.2504e+000 -1.0160e-001 -3.5318e-001 -1.0756e+000 -1.5710e+000 -2.7549e+000
840 +8.332353706e+001 +8.332353706e+001 +1.644535371e+002 +1.644535371e+002 +3.4954e+000 +1.7473e+000 +2.8869e+000 -3.6657e+000 -4.7695e+000 -3.4827e-002 +1.4959e-001 -7.8098e-001 -9.2696e-001 -2.3049e+000
913 +8.130445544e+001 +8.130445544e+001 +1.624344554e+002 +1.624344554e+002 +3.3979e+000 +2.2089e+000 +2.7570e+000 -3.3349e+000 -2.7599e+000 +6.9322e-001 +1.6034e-002 -1.4340e+000 -1.1084e+000 -3.2099e+000
967 +7.898517366e+001 +7.898517366e+001 +1.601151737e+002 +1.601151737e+002 +3.2981e+000 +1.8005e+000 +2.3214e+000 -3.4116e+000 -3.5881e+000 +1.1269e+000 -5.9660e-001 -1.6655e+000 -7.3710e-001 -2.6046e+000
982 +6.787972626e+001 +6.787972626e+001 +1.490097263e+002 +1.490097263e+002 +3.4893e+000 +1.9932e+000 +3.9648e+000 -3.4737e+000 -4.4460e+000 +5.6813e-001 +5.7606e-001 -9.0761e-001 -1.1388e+000 -2.1687e+000
1401 +6.194967048e+001 +6.194967048e+001 +1.430796705e+002 +1.430796705e+002 +3.1269e+000 +2.0419e+000 +2.9763e+000 -2.9373e+000 -3.1757e+000 +2.6722e-001 +1.5056e-001 -2.1768e+000 -1.9307e-001 -2.2816e+000
1770 +5.605804761e+001 +5.605804761e+001 +1.371880476e+002 +1.371880476e+002 +3.9156e+000 +1.3300e+000 +1.9210e+000 -2.9628e+000 -3.5118e+000 -2.7298e-001 +3.5098e-001 -2.4922e+000 -6.6413e-001 -2.6344e+000
1976 +5.087412786e+001 +5.087412786e+001 +1.320041279e+002 +1.320041279e+002 +3.1758e+000 +1.2015e+000 +2.1646e+000 -2.9603e+000 -3.9527e+000 -4.0167e-003 +5.8114e-001 -1.7825e+000 -1.0440e+000 -2.7820e+000
2569 +4.921702304e+001 +4.921702304e+001 +1.303470230e+002 +1.303470230e+002 +2.5431e+000 +6.1346e-001 +2.4390e+000 -3.4653e+000 -4.0361e+000 +5.5122e-001 +6.5975e-001 -1.6936e+000 -1.0012e+000 -3.1527e+000
3085 +4.575803348e+001 +4.575803348e+001 +1.268880335e+002 +1.268880335e+002 +3.8792e+000 +1.4950e+000 +2.1106e+000 -3.8327e+000 -4.7539e+000 -1.5444e+000 +1.4460e+000 -3.0460e+000 -9.0825e-001 -3.6366e+000
3774 +4.412189801e+001 +4.412189801e+001 +1.252518980e+002 +1.252518980e+002 +3.3778e+000 +5.3147e-001 +1.9458e+000 -4.6233e+000 -4.0407e+000 -2.5861e-001 +9.5188e-001 -2.4290e+000 -6.9818e-001 -3.4640e+000
4600 +3.858156562e+001 +3.858156562e+001 +1.197115656e+002 +1.197115656e+002 +3.5773e+000 +1.3436e+000 +2.2625e+000 -3.3645e+000 -4.4187e+000 -8.7457e-001 +1.5853e+000 -3.7074e+000 -9.4730e-001 -3.4795e+000
9487 +3.516609751e+001 +3.516609751e+001 +1.162960975e+002 +1.162960975e+002 +2.5361e+000 +1.3897e+000 +2.6112e+000 -4.3423e+000 -3.5203e+000 -2.6688e-001 +8.1844e-001 -1.8832e+000 -4.8395e-001 -1.9488e+000
9635 +2.931483376e+001 +2.931483376e+001 +1.104448338e+002 +1.104448338e+002 +3.2314e+000 +1.6385e+000 +2.2117e+000 -3.4856e+000 -3.1077e+000 -9.0588e-002 +8.2338e-001 -3.1931e+000 -6.3372e-001 -3.3188e+000
15923 +1.641953857e+001 +1.641953857e+001 +9.754953857e+001 +9.754953857e+001 +3.1777e+000 +2.0425e+000 +2.4084e+000 -3.4735e+000 -3.9327e+000 -7.9763e-001 +1.5859e+000 -2.9901e+000 -6.8658e-001 -3.9099e+000
2556368 +1.550336037e+001 +1.550336037e+001 +9.663336037e+001 +9.663336037e+001 +3.0918e+000 +1.5138e+000 +2.3912e+000 -3.0286e+000 -4.6336e+000 -1.6146e+000 +2.1566e+000 -2.6380e+000 -5.0821e-001 -3.7805e+000
4076956 +1.538033328e+001 +1.538033328e+001 +9.651033328e+001 +9.651033328e+001 +3.3481e+000 +4.6967e-001 +2.2368e+000 -3.6587e+000 -3.8424e+000 -3.8287e-001 +1.1381e+000 -3.0864e+000 -4.7416e-001 -3.6301e+000
% function evaluation | noise-free fitness - Fopt (1.049200000000e+002) | best noise-free fitness - Fopt | measured fitness | best measured fitness | x1 | x2...
1 +4.156863528e+003 +4.156863528e+003 +4.261783528e+003 +4.261783528e+003 -1.4251e+000 +5.4143e-001 +5.0461e-001 +2.2302e+000 -4.4041e+000 -6.9149e+000 -1.1719e+001 -5.1101e+000 +1.5005e+000 +4.6001e+000
2 +1.289114527e+003 +1.289114527e+003 +1.394034527e+003 +1.394034527e+003 -3.6941e+000 +3.0030e+000 -3.9076e-001 +2.9057e+000 -4.1097e+000 -4.1975e+000 +3.6385e-001 -7.0593e-001 +4.6859e-001 -1.4215e+000
4 +1.129286947e+003 +1.129286947e+003 +1.234206947e+003 +1.234206947e+003 +1.1821e+001 -2.3831e-002 +3.3352e-001 +4.5286e+000 -6.4284e-001 -3.1372e+000 -2.2076e+000 +3.4484e+000 +1.2090e+000 -8.2461e-001
6 +5.997127528e+002 +5.997127528e+002 +7.046327528e+002 +7.046327528e+002 -3.3890e+000 -3.4297e+000 +1.1342e-001 -2.5911e-001 -8.3124e+000 -7.1782e+000 +3.1442e+000 -2.6525e+000 -9.3217e-001 +1.7686e-001
17 +4.954990720e+002 +4.954990720e+002 +6.004190720e+002 +6.004190720e+002 -1.2190e+000 -9.6025e-001 +2.2785e+000 +3.4730e+000 -3.9590e+000 -3.7168e+000 +2.3371e-001 -3.6969e+000 -2.1945e+000 +3.1334e+000
48 +4.809177782e+002 +4.809177782e+002 +5.858377782e+002 +5.858377782e+002 -4.8875e+000 -3.7981e+000 -2.1316e+000 +2.1473e+000 -3.4374e+000 -3.0287e+000 -6.0639e-001 -6.8799e-001 +2.7562e+000 +1.8162e+000
58 +4.721335304e+002 +4.721335304e+002 +5.770535304e+002 +5.770535304e+002 -3.7364e+000 -6.1417e-001 -6.7455e-001 +4.5632e+000 -4.8043e+000 -4.6414e+000 -5.6077e-001 -3.4483e+000 -1.0844e+000 -8.7890e-001
59 +2.389425969e+002 +2.389425969e+002 +3.438625969e+002 +3.438625969e+002 -1.7600e+000 -9.4225e-001 -5.4190e+000 +4.1425e+000 -3.3195e+000 -2.9784e+000 -4.2591e-001 +1.0784e+000 -4.1022e-001 -3.3311e-001
110 +1.746519460e+002 +1.746519460e+002 +2.795719460e+002 +2.795719460e+002 -8.4824e-001 -3.6567e+000 -2.2720e+000 +1.9579e+000 -4.9654e+000 -1.4837e+000 -9.6098e-002 -1.9363e+000 -2.2743e+000 +6.6586e-001
163 +1.507784337e+002 +1.507784337e+002 +2.556984337e+002 +2.556984337e+002 -2.0460e+000 -2.8086e+000 -2.4771e+000 +3.4864e+000 -1.8618e+000 -4.6792e+000 +1.6811e+000 -6.2665e+000 -2.3965e+000 -5.2967e-002
221 +1.339169802e+002 +1.339169802e+002 +2.388369802e+002 +2.388369802e+002 +2.0633e-001 -3.9148e+000 -3.7807e+000 +1.6420e+000 -2.1610e+000 -2.2963e+000 +6.9851e-001 -1.9931e+000 -1.8775e+000 -7.4373e-001
247 +1.061357804e+002 +1.061357804e+002 +2.110557804e+002 +2.110557804e+002 -8.4378e-001 -1.2026e+000 -3.0022e+000 -6.6723e-001 -4.0732e+000 -3.5038e+000 -5.0314e-001 -1.6314e+000 -2.9473e+000 -2.4071e-001
325 +7.745598131e+001 +7.745598131e+001 +1.823759813e+002 +1.823759813e+002 -9.5367e-001 -3.2161e+000 -3.7150e+000 +1.8141e+000 -2.2159e+000 -3.5889e+000 +1.1649e+000 -2.5299e+000 -2.8198e+000 +6.2532e-001
507 +7.032072310e+001 +7.032072310e+001 +1.752407231e+002 +1.752407231e+002 -2.0314e+000 -3.5398e+000 -2.8921e+000 +1.1997e+000 -2.8587e+000 -2.8030e+000 +1.3706e+000 -2.5777e+000 -4.0460e+000 -3.7986e-001
591 +5.494352602e+001 +5.494352602e+001 +1.598635260e+002 +1.598635260e+002 -1.8168e+000 -2.9327e+000 -2.9868e+000 +2.1112e+000 -1.6078e+000 -3.4483e+000 +1.8568e+000 -2.5758e+000 -2.6966e+000 -6.2737e-001
792 +4.749607770e+001 +4.749607770e+001 +1.524160777e+002 +1.524160777e+002 -1.8204e+000 -2.7620e+000 -3.4785e+000 +7.7499e-001 -2.5795e+000 -3.7803e+000 +1.9689e+000 -3.2476e+000 -3.7443e+000 -1.0173e+000
1469 +4.646787238e+001 +4.646787238e+001 +1.513878724e+002 +1.513878724e+002 -1.6353e+000 -3.1509e+000 -3.6052e+000 +1.4842e+000 -2.8063e+000 -2.7628e+000 +2.1639e+000 -2.9795e+000 -2.7908e+000 -8.1894e-001
1476 +4.547343817e+001 +4.547343817e+001 +1.503934382e+002 +1.503934382e+002 -1.4503e+000 -2.8610e+000 -3.2285e+000 +1.3462e+000 -2.4638e+000 -3.4844e+000 +2.2903e+000 -3.0683e+000 -3.4818e+000 -1.1490e+000
6121 +3.413453417e+001 +3.413453417e+001 +1.390545342e+002 +1.390545342e+002 -2.1508e+000 -3.9755e+000 -3.3643e+000 +2.4208e+000 -1.8003e+000 -3.6596e+000 +1.4457e+000 -3.4568e+000 -3.5674e+000 -2.9141e-001
46270 +3.136112905e+001 +3.136112905e+001 +1.362811291e+002 +1.362811291e+002 -1.2869e+000 -3.1480e+000 -3.4091e+000 +1.8917e+000 -2.5016e+000 -3.9764e+000 +2.0130e+000 -2.5747e+000 -2.8426e+000 -1.3131e+000
46768 +2.970144144e+001 +2.970144144e+001 +1.346214414e+002 +1.346214414e+002 -1.9236e+000 -3.3721e+000 -2.9727e+000 +1.2226e+000 -3.5447e+000 -3.7572e+000 +1.4042e+000 -3.4674e+000 -2.5364e+000 -7.8757e-001
163474 +1.739419655e+001 +1.739419655e+001 +1.223141965e+002 +1.223141965e+002 -2.1277e+000 -3.8390e+000 -2.9323e+000 +1.5375e+000 -2.9762e+000 -3.7078e+000 +2.6524e+000 -3.4487e+000 -3.5334e+000 +2.3559e-001
1321926 +1.567373785e+001 +1.567373785e+001 +1.205937379e+002 +1.205937379e+002 -2.3713e+000 -3.2406e+000 -3.0948e+000 +2.1617e+000 -3.4881e+000 -3.4653e+000 +2.1649e+000 -2.6099e+000 -3.6701e+000 -4.0217e-001
2763196 +1.539503336e+001 +1.539503336e+001 +1.203150334e+002 +1.203150334e+002 -1.1966e+000 -2.7910e+000 -3.1388e+000 +1.9901e-001 -2.3931e+000 -3.9818e+000 +1.4380e+000 -2.6427e+000 -2.8766e+000 -5.6254e-001
9859363 +1.336805092e+001 +1.336805092e+001 +1.182880509e+002 +1.182880509e+002 -1.3909e+000 -2.7091e+000 -3.6407e+000 +7.4289e-001 -3.6627e+000 -3.6956e+000 +2.0640e+000 -3.2074e+000 -3.8221e+000 -6.8879e-001
% function evaluation | noise-free fitness - Fopt (3.029000000000e+001) | best noise-free fitness - Fopt | measured fitness | best measured fitness | x1 | x2...
1 +1.066020264e+003 +1.066020264e+003 +1.096310264e+003 +1.096310264e+003 +5.7326e-001 +3.7327e+000 +4.3235e+000 +3.1769e+000 +2.4784e+000 +2.5847e+000 -3.0115e+000 +7.7850e+000 +4.7901e+000 -3.8022e+000
2 +8.634670538e+002 +8.634670538e+002 +8.937570538e+002 +8.937570538e+002 -2.6750e+000 +2.9339e+000 +6.6160e+000 +6.9070e+000 +1.0565e+000 +2.2145e+000 -2.1382e+000 +2.7566e+000 +3.8563e+000 -5.0939e+000
9 +7.828745653e+002 +7.828745653e+002 +8.131645653e+002 +8.131645653e+002 -3.0151e+000 +1.7682e+000 +3.5776e+000 +3.9041e-001 +4.0608e+000 +3.5567e+000 -2.1708e+000 +9.1369e-001 +4.2664e+000 -5.2804e+000
19 +6.124279321e+002 +6.124279321e+002 +6.427179321e+002 +6.427179321e+002 -4.7478e-001 +1.9041e+000 +3.5521e+000 +1.2596e+000 +2.3790e+000 +5.9174e-001 -1.8943e+000 +2.9574e+000 +5.0174e+000 -1.8920e+000
37 +5.926320861e+002 +5.926320861e+002 +6.229220861e+002 +6.229220861e+002 -1.0394e+000 -5.3275e-001 +5.2542e+000 +3.7610e+000 +1.8771e+000 +3.7839e+000 +4.8562e+000 +8.3689e-001 +6.2149e+000 -1.9147e+000
69 +5.198711559e+002 +5.198711559e+002 +5.501611559e+002 +5.501611559e+002 -7.4515e+000 -9.4878e-001 +4.8122e+000 +2.5224e+000 +4.0162e+000 -1.5880e+000 +2.1519e+000 +3.9220e+000 +3.0777e+000 -5.3839e+000
75 +4.290160498e+002 +4.290160498e+002 +4.593060498e+002 +4.593060498e+002 +6.3678e-001 -6.5975e-002 -3.6849e-001 +2.5467e+000 +2.9595e+000 +2.6450e+000 +1.7271e+000 +5.5813e+000 +3.6196e+000 -3.6901e+000
105 +4.263073052e+002 +4.263073052e+002 +4.565973052e+002 +4.565973052e+002 -2.0184e+000 +1.8667e+000 +2.3201e+000 +3.4091e+000 +2.8783e+000 +1.6111e+000 +6.6728e-001 +3.6753e+000 +2.4012e+000 -4.6581e+000
114 +3.825163358e+002 +3.825163358e+002 +4.128063358e+002 +4.128063358e+002 -7.8051e-001 -7.8040e-001 -1.9261e+000 +1.2659e+000 +1.1799e-001 -7.1565e+000 -5.6962e-001 +3.2716e+000 -1.9467e+000 -5.9773e+000
143 +3.205636462e+002 +3.205636462e+002 +3.508536462e+002 +3.508536462e+002 -1.9227e+000 +6.1466e-001 +2.7995e+000 +1.0686e+000 +3.1335e+000 -4.1283e-001 -4.8011e-001 +3.2330e+000 +2.7352e+000 -9.4253e-001
173 +3.060475307e+002 +3.060475307e+002 +3.363375307e+002 +3.363375307e+002 -1.1888e+000 -4.0639e+000 +1.2620e+000 +3.7844e+000 +4.2258e+000 -1.5536e-001 +1.5411e+000 +2.9038e+000 +3.9475e+000 -3.7247e+000
189 +2.691150099e+002 +2.691150099e+002 +2.994050099e+002 +2.994050099e+002 -3.7615e+000 -1.8867e+000 +1.2557e+000 +6.4577e+000 +2.6023e+000 -2.0685e+000 +2.3719e+000 +3.6321e+000 +1.7123e+000 -1.5109e+000
224 +2.298381073e+002 +2.298381073e+002 +2.601281073e+002 +2.601281073e+002 -2.1363e+000 -1.8986e+000 +2.5463e+000 +5.2507e+000 +2.7220e+000 -1.5117e+000 +1.9649e+000 +1.9082e+000 -9.2968e-001 -4.5524e+000
244 +1.687215617e+002 +1.687215617e+002 +1.990115617e+002 +1.990115617e+002 -3.0087e+000 -2.9223e+000 +3.3128e+000 +3.3054e+000 +4.3459e+000 -2.6609e+000 +1.5480e+000 -2.4288e-001 +3.1827e+000 -2.3502e+000
274 +1.302923005e+002 +1.302923005e+002 +1.605823005e+002 +1.605823005e+002 -2.4086e+000 -2.7336e+000 +4.1131e-001 +3.4565e+000 +2.7362e+000 -3.0323e+000 +1.2440e+000 +2.6347e-001 +4.0750e-001 -2.4871e+000
503 +1.013669872e+002 +1.013669872e+002 +1.316569872e+002 +1.316569872e+002 -1.5855e+000 -1.8825e+000 +2.5235e+000 +4.0877e+000 +4.2303e+000 -3.2769e+000 +2.3022e+000 -5.3353e-001 -3.3280e+000 -1.1163e+000
900 +9.082105134e+001 +9.082105134e+001 +1.211110513e+002 +1.211110513e+002 -2.5134e+000 -1.3624e+000 +3.8775e+000 +4.0421e+000 +4.1204e+000 -2.3994e+000 +1.9124e+000 -2.2800e+000 -1.4640e-001 -2.1659e+000
1056 +8.389659262e+001 +8.389659262e+001 +1.141865926e+002 +1.141865926e+002 -4.7830e+000 -2.5886e+000 +3.5823e+000 +2.0723e+000 +3.2516e+000 -3.0018e+000 +2.1757e+000 -1.0567e+000 -1.2463e+000 +7.9867e-001
1104 +8.229239424e+001 +8.229239424e+001 +1.125823942e+002 +1.125823942e+002 -3.4114e+000 -2.2059e+000 +2.6878e+000 +3.2661e+000 +3.8899e+000 -3.3422e+000 +3.3564e+000 -2.7217e+000 -2.1133e+000 -2.1893e+000
1282 +5.903100818e+001 +5.903100818e+001 +8.932100818e+001 +8.932100818e+001 -3.1574e+000 -3.3795e+000 +2.3721e+000 +3.8744e+000 +4.5702e+000 -4.6307e+000 +1.8440e+000 -1.1053e+000 -1.0426e+000 -1.6677e-001
1411 +5.418678765e+001 +5.418678765e+001 +8.447678765e+001 +8.447678765e+001 -3.1276e+000 -2.5590e+000 +1.7762e+000 +3.3938e+000 +4.0794e+000 -3.9441e+000 +3.1109e+000 -1.9623e+000 -1.2500e+000 -1.3586e+000
1784 +3.945656263e+001 +3.945656263e+001 +6.974656263e+001 +6.974656263e+001 -3.2187e+000 -1.9566e+000 +3.3784e+000 +3.3087e+000 +3.5109e+000 -3.7421e+000 +1.5894e+000 -1.9873e+000 -2.2702e+000 -1.7013e+000
2079 +2.585136654e+001 +2.585136654e+001 +5.614136654e+001 +5.614136654e+001 -3.4686e+000 -2.7194e+000 +3.4104e+000 +2.8200e+000 +3.4766e+000 -4.2635e+000 +2.0958e+000 -1.5787e+000 -1.5503e+000 -1.6225e+000
26596 +2.516817866e+001 +2.516817866e+001 +5.545817866e+001 +5.545817866e+001 -2.7071e+000 -2.6110e+000 +2.5005e+000 +3.1631e+000 +4.0619e+000 -2.8151e+000 +2.1566e+000 -1.2439e+000 -2.0393e+000 -1.0682e+000
26775 +2.487155387e+001 +2.487155387e+001 +5.516155387e+001 +5.516155387e+001 -3.0782e+000 -1.9012e+000 +2.0240e+000 +3.2744e+000 +3.9456e+000 -3.4080e+000 +1.8884e+000 -1.2192e+000 -1.3928e+000 -1.9738e+000
30347 +1.532711320e+001 +1.532711320e+001 +4.561711320e+001 +4.561711320e+001 -3.1778e+000 -1.9288e+000 +2.7443e+000 +2.4423e+000 +3.2829e+000 -3.7225e+000 +2.1585e+000 -1.5286e+000 -1.4636e+000 -9.7530e-001
963674 +1.250641743e+001 +1.250641743e+001 +4.279641743e+001 +4.279641743e+001 -3.2606e+000 -2.5707e+000 +1.8192e+000 +3.0175e+000 +3.2376e+000 -3.8703e+000 +3.0541e+000 -1.8299e+000 -2.4939e+000 -1.8620e+000
% function evaluation | noise-free fitness - Fopt (1.210500000000e+002) | best noise-free fitness - Fopt | measured fitness | best measured fitness | x1 | x2...
1 +3.930257782e+003 +3.930257782e+003 +4.051307782e+003 +4.051307782e+003 +1.2239e+000 +9.4389e+000 +4.7977e+000 -5.1929e+000 -5.0728e+000 +5.2053e+000 +3.6617e+000 -2.9523e+000 +6.4990e+000 +2.8316e+000
2 +2.519295644e+003 +2.519295644e+003 +2.640345644e+003 +2.640345644e+003 +4.7793e-001 -2.8454e+000 +2.4373e+000 -1.0226e+001 +9.4451e+000 +4.1234e+000 -5.1824e+000 -1.2232e+000 -6.4058e+000 +5.7076e+000
3 +2.323644181e+003 +2.323644181e+003 +2.444694181e+003 +2.444694181e+003 +6.2106e+000 -5.1494e+000 +1.5894e+001 +2.9608e+000 -1.1912e+001 +3.1263e+000 +1.0804e+000 -6.7085e+000 -2.4238e-001 -2.1274e+000
4 +1.475653499e+003 +1.475653499e+003 +1.596703499e+003 +1.596703499e+003 +7.4797e-001 +3.0750e-001 +5.2123e+000 -5.0231e+000 -4.5611e-001 +6.9619e+000 +4.0509e+000 -2.3792e+000 +3.1336e+000 +3.2309e+000
9 +1.108346573e+003 +1.108346573e+003 +1.229396573e+003 +1.229396573e+003 +8.2360e+000 +1.7500e+000 +5.3368e+000 -1.2766e+000 -6.9845e-001 +4.0671e+000 -1.6436e+000 -5.4025e+000 +1.0283e+000 +1.2115e+000
13 +1.093665215e+003 +1.093665215e+003 +1.214715215e+003 +1.214715215e+003 +2.4928e+000 +1.0538e-001 +3.2590e+000 -1.8935e+000 -6.6867e+000 +8.8197e-001 +3.5038e+000 -8.3760e+000 +2.8610e+000 -3.4505e-002
17 +8.186046941e+002 +8.186046941e+002 +9.396546941e+002 +9.396546941e+002 +3.6409e+000 -6.0037e-001 +5.7153e+000 +6.8592e+000 -6.2466e+000 -9.9440e-001 +3.4480e+000 +1.4467e+000 +6.4309e+000 -2.7189e+000
30 +5.942374669e+002 +5.942374669e+002 +7.152874669e+002 +7.152874669e+002 +3.5112e-001 -2.5195e+000 -2.8080e+000 -5.9434e+000 -3.1792e+000 +4.5617e+000 +1.9671e+000 +3.9568e+000 +5.3480e+000 -7.7083e-001
61 +5.275480655e+002 +5.275480655e+002 +6.485980655e+002 +6.485980655e+002 -4.0474e-001 -5.5425e+000 -6.1031e+000 -2.1083e+000 -1.5434e+000 +6.4008e-001 +6.0199e+000 -1.8492e+000 +3.8469e-001 +1.7780e+000
108 +4.042597571e+002 +4.042597571e+002 +5.253097571e+002 +5.253097571e+002 +1.8494e+000 -2.8546e+000 +2.0921e+000 +9.7177e-001 -1.6721e+000 -1.7448e+000 +2.6435e+000 +1.7306e+000 +2.8140e+000 -3.6411e+000
136 +3.865752816e+002 +3.865752816e+002 +5.076252816e+002 +5.076252816e+002 +3.4900e+000 -4.0868e+000 +3.5665e+000 +9.9102e-001 -5.9237e-001 +3.0437e+000 +3.5166e-001 -1.0347e+000 +1.8099e+000 +9.7062e-002
144 +3.162679942e+002 +3.162679942e+002 +4.373179942e+002 +4.373179942e+002 +5.0475e-001 -5.2621e+000 -3.1670e+000 +8.4135e-001 -1.2412e+000 +2.2022e+000 +1.7035e+000 -1.1677e+000 -2.2392e+000 -1.4190e+000
176 +2.372486663e+002 +2.372486663e+002 +3.582986663e+002 +3.582986663e+002 +4.2502e-001 -2.4238e+000 +2.2903e+000 +8.9196e-001 -3.4804e+000 -9.0184e-001 -3.6796e-001 -2.5406e+000 +2.6462e+000 -2.7933e-001
229 +1.835174638e+002 +1.835174638e+002 +3.045674638e+002 +3.045674638e+002 +1.4449e+000 -2.8100e+000 -6.8871e-001 +8.8838e-001 -2.2833e+000 -3.1362e-001 +5.3254e-001 -1.8783e-001 +3.0553e+000 +2.7673e-001
312 +1.732980051e+002 +1.732980051e+002 +2.943480051e+002 +2.943480051e+002 +4.1714e-001 -3.6124e+000 -1.6378e+000 +4.8282e-001 -5.8359e+000 +1.1216e+000 -1.2214e+000 -1.3151e+000 +2.4116e+000 -1.8481e+000
315 +1.369366635e+002 +1.369366635e+002 +2.579866635e+002 +2.579866635e+002 +2.9152e-001 -4.7815e+000 -1.0765e-001 -3.1594e-001 -4.5941e+000 -2.2016e+000 -9.8564e-002 -3.6795e+000 -6.2248e-001 -2.2280e+000
412 +1.198463809e+002 +1.198463809e+002 +2.408963809e+002 +2.408963809e+002 +1.7773e+000 -3.4307e+000 -1.9328e+000 +1.2272e-001 -4.3451e+000 -5.4506e-001 -2.3383e+000 -2.5850e+000 +7.5869e-002 -1.9115e+000
461 +7.723723731e+001 +7.723723731e+001 +1.982872373e+002 +1.982872373e+002 +1.2764e+000 -3.1207e+000 -2.2442e+000 +6.3478e-001 -3.9425e+000 -2.4160e+000 -1.1128e-001 -1.7372e+000 +4.0135e-001 -9.6009e-001
679 +7.374367328e+001 +7.374367328e+001 +1.947936733e+002 +1.947936733e+002 +1.8285e+000 -2.6389e+000 -4.1778e+000 +6.2293e-001 -3.7907e+000 -6.1379e-001 -2.6857e+000 -2.5553e+000 -1.1295e-003 -9.7139e-001
708 +7.095135615e+001 +7.095135615e+001 +1.920013562e+002 +1.920013562e+002 +1.4591e+000 -3.4001e+000 -3.3630e+000 +8.4720e-001 -3.9491e+000 -1.6229e+000 -3.4746e+000 -2.9203e+000 -8.8903e-001 -2.4726e+000
918 +6.649367827e+001 +6.649367827e+001 +1.875436783e+002 +1.875436783e+002 +1.4839e+000 -4.5865e+000 -2.0021e+000 -7.3475e-001 -4.3592e+000 -1.5999e+000 -2.4376e+000 -2.0495e+000 -8.6079e-001 -2.4044e+000
1096 +6.599564975e+001 +6.599564975e+001 +1.870456498e+002 +1.870456498e+002 +1.5817e+000 -2.9738e+000 -3.5649e-001 +1.6164e+000 -3.8362e+000 -1.5766e+000 -3.3074e+000 -3.3808e+000 -7.2466e-001 -1.9244e+000
1104 +6.004202651e+001 +6.004202651e+001 +1.810920265e+002 +1.810920265e+002 +1.7604e+000 -3.4187e+000 -2.3037e+000 +7.5464e-001 -3.1264e+000 -1.9537e+000 -3.4833e+000 -2.7123e+000 -5.1368e-001 -8.8165e-001
1225 +5.343001414e+001 +5.343001414e+001 +1.744800141e+002 +1.744800141e+002 +2.1359e+000 -4.2981e+000 -2.3262e+000 +1.1925e+000 -3.1587e+000 -1.8571e+000 -2.7633e+000 -2.6933e+000 -1.3470e+000 -1.1262e+000
2346 +5.039547968e+001 +5.039547968e+001 +1.714454797e+002 +1.714454797e+002 +2.3480e+000 -2.7882e+000 -3.4186e+000 +1.5954e+000 -3.5854e+000 -1.6184e+000 -4.3561e+000 -4.0118e+000 -8.2977e-001 -5.6054e-001
2374 +4.651613854e+001 +4.651613854e+001 +1.675661385e+002 +1.675661385e+002 +1.7508e+000 -3.9673e+000 -3.0628e+000 +1.3069e+000 -3.5750e+000 -1.6498e+000 -3.9655e+000 -2.8370e+000 -1.1733e+000 -2.1431e+000
3134 +3.971375946e+001 +3.971375946e+001 +1.607637595e+002 +1.607637595e+002 +8.0094e-001 -3.0952e+000 -2.6328e+000 +1.6107e+000 -3.4328e+000 -6.1347e-001 -3.7073e+000 -3.2331e+000 -4.6451e-001 -7.0200e-001
4387 +3.756687788e+001 +3.756687788e+001 +1.586168779e+002 +1.586168779e+002 +2.4166e+000 -2.8779e+000 -1.2288e+000 +1.5394e+000 -3.6378e+000 -1.3941e+000 -2.7194e+000 -3.2496e+000 +5.4123e-001 -1.1494e+000
5076 +3.313936049e+001 +3.313936049e+001 +1.541893605e+002 +1.541893605e+002 +2.5545e+000 -3.3694e+000 -2.9231e+000 +1.3307e+000 -2.8522e+000 -8.5420e-001 -2.0343e+000 -2.0579e+000 -1.3943e+000 -1.0395e+000
58350 +2.482130359e+001 +2.482130359e+001 +1.458713036e+002 +1.458713036e+002 +1.9464e+000 -4.0453e+000 -3.0528e+000 +8.2164e-001 -3.6587e+000 -1.9195e+000 -3.1388e+000 -2.8782e+000 +2.8441e-001 -7.9674e-001
341389 +2.313988629e+001 +2.313988629e+001 +1.441898863e+002 +1.441898863e+002 +1.8927e+000 -3.4299e+000 -2.3309e+000 +2.1607e+000 -3.9270e+000 -1.3930e+000 -3.3065e+000 -3.2786e+000 -3.0236e-001 -4.9101e-001
799979 +2.048589707e+001 +2.048589707e+001 +1.415358971e+002 +1.415358971e+002 +1.6426e+000 -3.6454e+000 -3.5279e+000 +3.2118e-001 -2.7722e+000 -1.3355e+000 -2.4981e+000 -3.0889e+000 -8.2065e-001 -7.3775e-001
1591232 +1.619878270e+001 +1.619878270e+001 +1.372487827e+002 +1.372487827e+002 +2.5089e+000 -3.7513e+000 -3.0280e+000 +1.9469e+000 -4.6513e+000 -1.4223e+000 -3.1417e+000 -2.8617e+000 -3.9419e-001 -9.9045e-001
8899549 +1.574166554e+001 +1.574166554e+001 +1.367916655e+002 +1.367916655e+002 +2.1869e+000 -3.4713e+000 -1.9179e+000 +1.5251e+000 -3.4402e+000 -1.4710e+000 -3.2921e+000 -3.9007e+000 -1.0140e+000 -8.6023e-001
% function evaluation | noise-free fitness - Fopt (-1.033000000000e+001) | best noise-free fitness - Fopt | measured fitness | best measured fitness | x1 | x2...
1 +4.626812856e+003 +4.626812856e+003 +4.616482856e+003 +4.616482856e+003 -3.4399e+000 -1.1061e+000 -8.8929e+000 +1.4847e+000 +3.0295e-002 -4.3221e+000 -8.7957e+000 +4.9268e+000 -4.9393e+000 +1.0049e+000
2 +1.521038450e+003 +1.521038450e+003 +1.510708450e+003 +1.510708450e+003 -2.0981e+000 -3.6239e+000 -3.7796e+000 -4.0086e+000 -3.5665e+000 -4.7553e+000 -7.4412e-001 +3.8224e+000 -2.8796e+000 -2.7307e+000
4 +1.279390372e+003 +1.279390372e+003 +1.269060372e+003 +1.269060372e+003 -4.4049e+000 +1.6397e+000 -4.0670e+000 -1.7148e+000 +2.3409e+000 -3.6802e+000 -7.0937e+000 +3.4328e+000 -3.4434e-002 -1.3589e+000
9 +1.237269519e+003 +1.237269519e+003 +1.226939519e+003 +1.226939519e+003 -5.8165e-001 +1.6104e+000 -4.5850e+000 +1.7872e+000 +1.4565e-001 -6.7961e+000 -7.2434e+000 +6.3662e+000 -3.1273e+000 -1.2038e+000
18 +1.226304797e+003 +1.226304797e+003 +1.215974797e+003 +1.215974797e+003 -9.8136e-001 +9.6768e-001 -3.7160e+000 -1.0824e+000 -1.6807e+000 -5.4994e+000 -5.9589e+000 +4.8843e+000 -4.3043e+000 +3.7311e+000
21 +5.619955638e+002 +5.619955638e+002 +5.516655638e+002 +5.516655638e+002 -4.0925e+000 -4.1207e-001 -3.6838e+000 +4.1446e+000 +8.3456e-001 -3.7471e+000 +5.4775e+000 +2.4778e+000 +1.1992e+000 -2.3528e+000
95 +3.965948073e+002 +3.965948073e+002 +3.862648073e+002 +3.862648073e+002 -5.1556e-001 -2.6585e+000 -2.9959e+000 +4.6257e+000 +2.0187e+000 -1.4881e+000 +2.8404e-001 +7.4668e-001 +9.0995e-001 -1.1635e+000
103 +3.244018011e+002 +3.244018011e+002 +3.140718011e+002 +3.140718011e+002 -9.1143e-001 +4.0598e+000 -2.7199e+000 -1.6758e+000 +1.5616e+000 -4.6669e+000 -3.6863e+000 -1.3990e+000 +2.4778e+000 -1.8428e+000
150 +3.064025889e+002 +3.064025889e+002 +2.960725889e+002 +2.960725889e+002 +4.3040e+000 +4.1747e+000 -2.9361e+000 +1.7273e+000 +3.4139e+000 -4.6450e+000 -2.0110e+000 +3.7946e+000 +8.7925e-002 -3.8103e+000
170 +2.776844809e+002 +2.776844809e+002 +2.673544809e+002 +2.673544809e+002 -1.8668e+000 +6.3145e-001 -1.8499e+000 +1.7472e+000 +2.1794e+000 -4.1887e+000 -5.6954e-001 +9.4348e-001 +3.1016e+000 -2.6110e+000
173 +2.652234030e+002 +2.652234030e+002 +2.548934030e+002 +2.548934030e+002 -8.9079e-001 +1.8871e+000 +4.6148e-001 +3.4798e+000 +5.3164e+000 -4.5180e+000 -4.0168e-001 -3.4848e+000 +7.0886e+000 -4.8363e+000
218 +1.849325517e+002 +1.849325517e+002 +1.746025517e+002 +1.746025517e+002 -9.0579e-001 +2.0576e-001 -6.9211e-001 +4.4734e+000 +2.5987e+000 -4.3776e+000 -6.9025e-001 +7.0566e-001 +2.1665e+000 -3.9710e+000
261 +1.811221365e+002 +1.811221365e+002 +1.707921365e+002 +1.707921365e+002 +3.3880e+000 +2.1759e+000 -3.5021e+000 +2.5490e+000 +4.8091e+000 -4.6951e+000 -1.0883e+000 +9.6030e-001 +3.4142e+000 -3.6625e+000
320 +1.620535276e+002 +1.620535276e+002 +1.517235276e+002 +1.517235276e+002 -4.1217e-002 +2.6319e+000 -1.2084e+000 +2.4854e+000 +2.7280e+000 -4.4903e+000 +1.3667e-001 +3.8481e-001 +9.8169e-001 -4.0681e+000
384 +1.306356513e+002 +1.306356513e+002 +1.203056513e+002 +1.203056513e+002 +4.5215e-001 +2.0328e+000 +1.4662e+000 +2.0611e+000 +2.9333e+000 -4.1581e+000 -7.0408e-002 -7.7895e-001 +3.1214e+000 -4.4531e+000
404 +1.180545727e+002 +1.180545727e+002 +1.077245727e+002 +1.077245727e+002 +4.2672e-001 +2.3883e+000 -3.0505e-001 +2.7199e+000 +3.6515e+000 -4.2778e+000 +5.6733e-001 -4.3885e-001 +1.7154e+000 -3.6764e+000
492 +1.158624267e+002 +1.158624267e+002 +1.055324267e+002 +1.055324267e+002 +2.2243e+000 +2.2792e+000 -1.0240e+000 +1.7867e+000 +2.6409e+000 -4.5005e+000 +3.7169e-001 -5.6208e-001 +2.1601e+000 -2.9096e+000
603 +1.091985016e+002 +1.091985016e+002 +9.886850163e+001 +9.886850163e+001 +3.8709e+000 +2.6773e+000 -6.6883e-001 +2.4406e+000 +3.3460e+000 -4.6512e+000 +1.5667e-001 -7.3181e-001 +2.7937e+000 -2.7378e+000
666 +8.882545075e+001 +8.882545075e+001 +7.849545075e+001 +7.849545075e+001 +1.6357e+000 +3.1580e+000 -6.7786e-001 +2.2126e+000 +3.0669e+000 -4.5010e+000 -9.8787e-002 -1.6050e+000 +4.6782e+000 -2.7955e+000
711 +6.146405038e+001 +6.146405038e+001 +5.113405038e+001 +5.113405038e+001 +1.0581e+000 +1.6091e+000 -4.8479e-001 +2.0793e+000 +3.5952e+000 -3.7825e+000 -8.3954e-004 -1.3125e+000 +2.0059e+000 -2.3205e+000
1304 +5.724898422e+001 +5.724898422e+001 +4.691898422e+001 +4.691898422e+001 +1.8197e+000 +2.6662e+000 +1.0930e-001 +2.8208e+000 +2.8290e+000 -2.5916e+000 -1.8092e-001 -3.2276e+000 +2.0065e+000 -1.9052e+000
1382 +5.483590144e+001 +5.483590144e+001 +4.450590144e+001 +4.450590144e+001 +2.3696e+000 +3.2889e+000 -8.5116e-001 +1.9027e+000 +1.8324e+000 -4.0775e+000 -5.3030e-001 -2.7929e+000 +2.6325e+000 -2.1956e+000
1542 +5.316312344e+001 +5.316312344e+001 +4.283312344e+001 +4.283312344e+001 +2.8703e+000 +2.2990e+000 -2.0507e+000 +2.6628e+000 +1.7285e+000 -3.1153e+000 -4.4569e-001 -3.1035e+000 +1.7539e+000 -1.9271e+000
2275 +4.857898809e+001 +4.857898809e+001 +3.824898809e+001 +3.824898809e+001 +3.8425e+000 +3.5461e+000 -1.2693e+000 +1.5376e+000 +1.5577e+000 -3.0069e+000 -1.1235e+000 -3.6216e+000 +3.2041e+000 -1.6366e+000
3878 +3.793762971e+001 +3.793762971e+001 +2.760762971e+001 +2.760762971e+001 +4.2173e+000 +2.1575e+000 -2.4866e+000 +2.1380e+000 +2.4722e+000 -3.6013e+000 -1.1719e+000 -4.6350e+000 +2.8049e+000 -2.4744e+000
16931 +3.250323430e+001 +3.250323430e+001 +2.217323430e+001 +2.217323430e+001 +4.5722e+000 +3.2628e+000 -8.8407e-001 +1.1965e+000 +1.5886e+000 -3.6831e+000 -7.4566e-001 -4.0929e+000 +3.4050e+000 -1.7549e+000
21268 +2.925697011e+001 +2.925697011e+001 +1.892697011e+001 +1.892697011e+001 +3.2213e+000 +3.3954e+000 -1.6646e+000 +1.5937e+000 +1.0969e+000 -3.3884e+000 -2.3329e-001 -3.5741e+000 +3.4866e+000 -2.2249e+000
29575 +2.255547472e+001 +2.255547472e+001 +1.222547472e+001 +1.222547472e+001 +3.7148e+000 +3.1788e+000 -1.7375e+000 +1.8592e+000 +1.5859e+000 -3.3707e+000 -4.7866e-001 -3.8662e+000 +3.2743e+000 -1.9151e+000
859689 +2.101321695e+001 +2.101321695e+001 +1.068321695e+001 +1.068321695e+001 +4.2861e+000 +3.4023e+000 -1.9143e+000 +1.6527e+000 +1.8672e+000 -3.6568e+000 -5.2730e-001 -4.2399e+000 +3.8986e+000 -1.2084e+000
875381 +1.915652522e+001 +1.915652522e+001 +8.826525220e+000 +8.826525220e+000 +4.8381e+000 +3.4766e+000 -1.4062e+000 +1.4284e+000 +1.0668e+000 -4.2504e+000 -1.3559e-001 -3.7540e+000 +3.6136e+000 -1.0983e+000
1507956 +1.702252827e+001 +1.702252827e+001 +6.692528267e+000 +6.692528267e+000 +2.9539e+000 +2.9975e+000 -1.3206e+000 +2.0829e+000 +1.2547e+000 -3.1376e+000 -5.3612e-001 -4.0748e+000 +2.5627e+000 -2.0477e+000
5723446 +1.685397132e+001 +1.685397132e+001 +6.523971316e+000 +6.523971316e+000 +3.4991e+000 +3.4105e+000 -1.9651e+000 +1.4901e+000 +1.7315e+000 -3.5142e+000 -6.6061e-001 -3.2983e+000 +3.5444e+000 -2.2465e+000
7066104 +1.454555217e+001 +1.454555217e+001 +4.215552170e+000 +4.215552170e+000 +3.4492e+000 +2.9515e+000 -1.6295e+000 +2.0177e+000 +2.1011e+000 -3.8653e+000 -9.5586e-001 -3.5197e+000 +3.3092e+000 -2.4445e+000
7704694 +1.190079922e+001 +1.190079922e+001 +1.570799222e+000 +1.570799222e+000 +3.2382e+000 +3.6335e+000 -1.5570e+000 +1.3124e+000 +1.2974e+000 -3.6399e+000 -9.2373e-001 -3.8429e+000 +3.5207e+000 -2.0118e+000
% function evaluation | noise-free fitness - Fopt (-6.846000000000e+001) | best noise-free fitness - Fopt | measured fitness | best measured fitness | x1 | x2...
1 +2.943993657e+003 +2.943993657e+003 +2.875533657e+003 +2.875533657e+003 -5.9870e-001 -9.4739e-001 -5.1239e+000 -5.4966e+000 +4.0386e+000 +5.6884e-001 -1.7986e+000 +6.4595e+000 +2.9160e+000 -6.5481e-001
4 +2.284965840e+003 +2.284965840e+003 +2.216505840e+003 +2.216505840e+003 -2.9539e+000 -8.6137e-001 -6.2477e+000 -2.7748e+000 -4.7601e+000 -4.2408e+000 -1.4130e+000 -5.9582e-001 +2.0224e+000 +4.4627e+000
15 +1.209516310e+003 +1.209516310e+003 +1.141056310e+003 +1.141056310e+003 -1.2452e+000 +2.1020e+000 -1.4084e+000 +1.4948e+000 +6.8171e+000 +3.6465e+000 +3.5230e+000 -4.3642e+000 +5.0231e+000 -1.7876e+000
28 +8.870393544e+002 +8.870393544e+002 +8.185793544e+002 +8.185793544e+002 -4.8980e-001 -6.8023e+000 -2.8599e+000 -1.3075e+000 +1.9884e+000 +5.7030e+000 -3.1685e-001 -7.9945e+000 +6.9466e-001 -4.8700e-001
51 +8.014829863e+002 +8.014829863e+002 +7.330229863e+002 +7.330229863e+002 +1.7850e+000 +2.1516e+000 -3.0361e+000 -9.9367e-001 +2.2602e+000 +4.9789e+000 -5.9897e-001 -1.1572e+000 +3.2341e+000 -4.5302e-001
62 +5.823292958e+002 +5.823292958e+002 +5.138692958e+002 +5.138692958e+002 -3.4061e-001 +2.6874e+000 -4.7178e+000 +1.8543e+000 -2.0942e+000 +2.2813e+000 +6.5881e-002 +4.2606e-001 -4.5727e+000 +6.1550e-001
108 +2.438302521e+002 +2.438302521e+002 +1.753702521e+002 +1.753702521e+002 +3.8167e-001 +2.4830e+000 -2.7231e+000 +3.5154e-001 -3.3766e+000 +4.4160e-001 +2.4739e+000 -9.0765e+000 -1.8022e+000 -2.8689e+000
265 +1.555762119e+002 +1.555762119e+002 +8.711621187e+001 +8.711621187e+001 +3.1559e+000 +1.9335e+000 -5.9365e+000 -6.6558e-001 -3.6247e+000 +1.8357e+000 -2.0370e-001 -4.6633e+000 -2.1917e+000 -3.4256e+000
328 +1.065430504e+002 +1.065430504e+002 +3.808305038e+001 +3.808305038e+001 +3.3572e+000 +2.7279e+000 -4.7691e+000 -2.4371e-001 -6.2482e-001 +1.9880e+000 +4.3214e-001 -4.6853e+000 -1.5860e+000 -7.7089e-001
373 +9.731721399e+001 +9.731721399e+001 +2.885721399e+001 +2.885721399e+001 +3.2546e+000 +3.0757e+000 -2.2662e+000 -5.0367e-001 -2.7494e+000 +3.0981e+000 +2.8939e+000 -4.3860e+000 -1.0846e+000 -8.0329e-001
533 +9.355868580e+001 +9.355868580e+001 +2.509868580e+001 +2.509868580e+001 +2.7424e+000 +1.8070e+000 -3.5420e+000 -1.5094e-001 -3.0689e+000 +3.3219e+000 +2.7825e+000 -5.1040e+000 -3.4299e+000 -3.9922e+000
552 +8.657346128e+001 +8.657346128e+001 +1.811346128e+001 +1.811346128e+001 +5.0209e+000 +2.0244e+000 -5.7313e+000 -3.0265e-001 -2.5436e+000 +2.6107e+000 +3.0508e+000 -4.3268e+000 -2.2869e+000 -4.0313e+000
574 +7.872070111e+001 +7.872070111e+001 +1.026070111e+001 +1.026070111e+001 +3.8721e+000 +2.2863e+000 -4.0394e+000 -4.7433e-001 -2.6384e+000 +1.8343e+000 +2.5967e+000 -4.8419e+000 -1.2157e+000 -1.3153e+000
625 +6.433368495e+001 +6.433368495e+001 -4.126315053e+000 -4.126315053e+000 +4.4530e+000 +1.3949e+000 -3.2675e+000 -2.9713e-001 -3.8553e+000 +2.3975e+000 +3.5551e+000 -4.7259e+000 -1.8213e+000 -2.3463e+000
885 +5.572723680e+001 +5.572723680e+001 -1.273276320e+001 -1.273276320e+001 +4.2999e+000 +2.5137e+000 -3.1654e+000 -1.8955e-001 -2.8564e+000 +2.3867e+000 +3.6208e+000 -4.1093e+000 -7.9172e-001 -2.3174e+000
2092 +5.124487571e+001 +5.124487571e+001 -1.721512429e+001 -1.721512429e+001 +3.4681e+000 +2.7321e+000 -3.1665e+000 -4.7148e-002 -3.6076e+000 +2.7475e+000 +3.2698e+000 -3.6978e+000 -4.8860e-001 -1.0824e+000
3374 +4.109038813e+001 +4.109038813e+001 -2.736961187e+001 -2.736961187e+001 +3.2160e+000 +1.8224e+000 -3.4481e+000 -1.2519e-001 -4.6751e+000 +3.5766e+000 +4.3032e+000 -3.4902e+000 -2.7221e+000 -3.3351e+000
6935 +3.796601327e+001 +3.796601327e+001 -3.049398673e+001 -3.049398673e+001 +3.4452e+000 +2.7976e+000 -3.3183e+000 +2.7874e-001 -3.2201e+000 +3.9764e+000 +4.1383e+000 -3.5836e+000 -1.8053e+000 -1.4745e+000
9184 +3.609153548e+001 +3.609153548e+001 -3.236846452e+001 -3.236846452e+001 +2.3986e+000 +2.6258e+000 -2.7365e+000 +6.7625e-001 -3.5546e+000 +5.1286e+000 +4.0413e+000 -3.0009e+000 -2.2643e+000 -2.8184e+000
12427 +3.161746203e+001 +3.161746203e+001 -3.684253797e+001 -3.684253797e+001 +3.1954e+000 +2.7845e+000 -3.7586e+000 -1.7225e-002 -3.9756e+000 +3.3735e+000 +3.4069e+000 -3.1474e+000 -1.8116e+000 -2.5736e+000
19238 +2.795600161e+001 +2.795600161e+001 -4.050399839e+001 -4.050399839e+001 +3.7521e+000 +3.7369e+000 -3.6619e+000 -4.5619e-002 -3.1549e+000 +3.6288e+000 +4.4220e+000 -4.0350e+000 -1.9897e+000 -2.1413e+000
173793 +2.672957220e+001 +2.672957220e+001 -4.173042780e+001 -4.173042780e+001 +4.1416e+000 +2.9602e+000 -2.9827e+000 -4.6108e-001 -3.8275e+000 +3.7305e+000 +3.5880e+000 -3.6712e+000 -1.7490e+000 -1.6455e+000
231370 +2.332267554e+001 +2.332267554e+001 -4.513732446e+001 -4.513732446e+001 +4.2515e+000 +2.4080e+000 -3.5473e+000 +5.6576e-001 -2.3550e+000 +3.6427e+000 +4.1375e+000 -3.2812e+000 -1.2064e+000 -2.2107e+000
280256 +2.236683461e+001 +2.236683461e+001 -4.609316539e+001 -4.609316539e+001 +3.9640e+000 +1.9384e+000 -3.8253e+000 +4.3625e-001 -2.5970e+000 +3.2423e+000 +2.9087e+000 -3.6094e+000 -2.6408e+000 -2.9386e+000
920166 +2.148299822e+001 +2.148299822e+001 -4.697700178e+001 -4.697700178e+001 +3.7704e+000 +2.5975e+000 -3.4493e+000 +2.1345e-001 -4.0973e+000 +3.7582e+000 +4.2129e+000 -3.2684e+000 -1.5931e+000 -2.2708e+000
1191011 +1.940874440e+001 +1.940874440e+001 -4.905125560e+001 -4.905125560e+001 +2.8994e+000 +2.2457e+000 -3.5358e+000 +3.1860e-001 -4.1622e+000 +3.3153e+000 +4.6160e+000 -2.9192e+000 -2.7173e+000 -3.0377e+000
2328376 +1.211297864e+001 +1.211297864e+001 -5.634702136e+001 -5.634702136e+001 +4.0803e+000 +2.0883e+000 -3.7569e+000 +2.0868e-001 -3.5237e+000 +3.2346e+000 +3.1829e+000 -4.2350e+000 -1.9320e+000 -3.0048e+000
3336292 +7.913721710e+000 +7.913721710e+000 -6.054627829e+001 -6.054627829e+001 +3.9825e+000 +3.4712e+000 -3.3706e+000 +2.3816e-001 -3.1624e+000 +3.5458e+000 +3.0407e+000 -3.4545e+000 -1.8574e+000 -2.2198e+000
% function evaluation | noise-free fitness - Fopt (-1.314900000000e+002) | best noise-free fitness - Fopt | measured fitness | best measured fitness | x1 | x2...
1 +1.162492756e+003 +1.162492756e+003 +1.031002756e+003 +1.031002756e+003 -7.9552e+000 +7.2495e+000 +3.2295e+000 +3.7910e+000 -2.8618e+000 -5.1675e+000 -2.4759e+000 +6.2315e+000 +2.3622e+000 +6.6593e+000
2 +8.921982148e+002 +8.921982148e+002 +7.607082148e+002 +7.607082148e+002 -4.7875e+000 +5.8437e+000 +3.0003e+000 +1.9493e+000 -3.1067e+000 -5.6861e+000 -3.1230e+000 +4.6033e+000 +1.9271e+000 +4.0400e+000
3 +8.747509715e+002 +8.747509715e+002 +7.432609715e+002 +7.432609715e+002 -2.1556e+000 +8.9805e+000 +3.4116e+000 +2.6283e+000 +3.3093e+000 -1.6937e+000 -4.6383e-001 +4.5753e+000 +1.8861e-001 +4.4394e+000
5 +8.211147824e+002 +8.211147824e+002 +6.896247824e+002 +6.896247824e+002 -1.2177e+000 +6.2682e+000 -1.7608e+000 +1.0838e+000 -6.5685e-002 -1.8188e+000 -7.1763e+000 +3.7523e+000 +1.7070e+000 +1.6927e+000
9 +7.566887730e+002 +7.566887730e+002 +6.251987730e+002 +6.251987730e+002 -4.0765e+000 +5.5001e+000 +1.8824e+000 +3.6222e+000 +1.0574e-001 -3.4020e+000 -3.3316e+000 +5.4870e+000 +1.3458e+000 +3.2512e+000
16 +4.961360060e+002 +4.961360060e+002 +3.646460060e+002 +3.646460060e+002 -2.6359e+000 +5.8160e+000 +3.6613e+000 +4.7493e-001 +2.7398e-001 -2.7902e+000 -8.4392e-001 +3.8406e+000 +2.2695e+000 +2.2012e+000
44 +4.185614129e+002 +4.185614129e+002 +2.870714129e+002 +2.870714129e+002 -3.9100e+000 +3.3141e+000 +2.0274e+000 +3.3912e+000 +3.4082e+000 -1.7930e+000 -2.3982e+000 +2.9440e+000 +2.0677e+000 -2.6696e-001
59 +3.069838249e+002 +3.069838249e+002 +1.754938249e+002 +1.754938249e+002 -5.1083e+000 +3.6717e+000 +1.3746e+000 +4.9438e-001 +8.2208e-001 -9.2830e-001 -8.3493e-001 +4.8905e+000 +5.2511e-001 +2.5762e-001
105 +2.647427873e+002 +2.647427873e+002 +1.332527873e+002 +1.332527873e+002 -1.8048e+000 +2.0967e+000 -4.2928e-002 -6.8331e-001 +5.3645e+000 -6.3425e-001 -4.6824e-001 +5.6808e+000 +5.5320e-001 -2.8070e-001
152 +2.122126690e+002 +2.122126690e+002 +8.072266898e+001 +8.072266898e+001 -3.3040e+000 -7.7200e-002 +1.5759e+000 -2.0351e+000 +1.8814e+000 -2.5528e-001 +3.9939e+000 +4.7427e+000 +6.7519e-001 -4.8235e+000
211 +1.756973773e+002 +1.756973773e+002 +4.420737734e+001 +4.420737734e+001 -5.1083e+000 +1.2244e+000 -1.6545e+000 -1.8859e+000 +2.3738e+000 +1.8879e+000 -1.5897e+000 +8.8783e-001 +2.7269e+000 -5.7378e+000
257 +1.645182337e+002 +1.645182337e+002 +3.302823373e+001 +3.302823373e+001 -4.9054e+000 +1.7337e+000 -8.6957e-001 +8.9749e-001 +3.4453e+000 +1.7109e-001 +1.5088e+000 +2.2171e+000 +2.9449e+000 +3.2769e-001
340 +1.493369402e+002 +1.493369402e+002 +1.784694020e+001 +1.784694020e+001 -4.1227e+000 +1.5834e+000 -2.1898e+000 -6.0047e-001 +2.0606e+000 -1.1017e-002 +5.5327e-001 +3.1531e+000 +3.2193e+000 -2.5184e+000
362 +1.311268840e+002 +1.311268840e+002 -3.631160480e-001 -3.631160480e-001 -2.9380e+000 +6.3526e-001 -3.1478e+000 -2.0949e+000 +8.7275e-001 -1.9144e-001 -1.7780e+000 +3.2399e+000 +4.6385e+000 -2.9489e+000
409 +1.198224243e+002 +1.198224243e+002 -1.166757567e+001 -1.166757567e+001 -3.3927e+000 -3.6535e-001 -2.8389e+000 -2.2279e+000 +1.8068e+000 +1.1677e+000 +1.4075e+000 +2.2037e+000 +1.3540e-001 -2.2230e+000
554 +7.565481760e+001 +7.565481760e+001 -5.583518240e+001 -5.583518240e+001 -3.5115e+000 +1.6786e+000 -3.0151e+000 -2.6214e+000 +2.8400e+000 +5.7905e-001 -3.4747e-001 +3.0375e+000 +5.2101e-001 -1.5663e+000
883 +7.274054940e+001 +7.274054940e+001 -5.874945060e+001 -5.874945060e+001 -3.5386e+000 +6.6555e-001 -2.4996e+000 -2.8707e+000 +2.0406e+000 +1.2962e+000 +3.2093e-001 +1.4042e+000 +3.0400e+000 -3.4569e+000
969 +7.060217997e+001 +7.060217997e+001 -6.088782003e+001 -6.088782003e+001 -3.6719e+000 +2.5411e-001 -2.4122e+000 -3.0102e+000 +1.1623e+000 +1.1677e+000 +7.5471e-001 +2.3118e+000 +2.4032e+000 -3.3332e+000
995 +6.590572425e+001 +6.590572425e+001 -6.558427575e+001 -6.558427575e+001 -3.7412e+000 +5.0952e-001 -2.6766e+000 -2.3780e+000 +1.9653e+000 +1.0434e+000 +1.8373e+000 +1.9128e+000 +2.2807e+000 -2.3795e+000
1599 +4.699043501e+001 +4.699043501e+001 -8.449956499e+001 -8.449956499e+001 -2.1842e+000 -7.7602e-001 -2.6780e+000 -2.1926e+000 +2.1700e+000 +1.4952e+000 +4.9318e-001 +1.9103e+000 +1.2778e+000 -3.5300e+000
5259 +4.311665378e+001 +4.311665378e+001 -8.837334622e+001 -8.837334622e+001 -2.3193e+000 -3.4043e-001 -3.0743e+000 -2.8443e+000 +2.4890e+000 +2.9098e+000 +1.2728e+000 +2.9388e+000 +7.7615e-001 -3.1095e+000
8464 +3.768966553e+001 +3.768966553e+001 -9.380033447e+001 -9.380033447e+001 -2.5370e+000 -5.3929e-001 -2.1262e+000 -2.9202e+000 +2.4350e+000 +2.4123e+000 +7.7329e-001 +2.8526e+000 +1.2617e+000 -4.3547e+000
16241 +3.127829261e+001 +3.127829261e+001 -1.002117074e+002 -1.002117074e+002 -1.7406e+000 -9.2819e-001 -1.7618e+000 -2.4099e+000 +2.0610e+000 +1.3701e+000 +1.3209e+000 +1.9811e+000 +1.2843e+000 -3.9047e+000
30408 +2.520476369e+001 +2.520476369e+001 -1.062852363e+002 -1.062852363e+002 -3.1706e+000 -4.2533e-001 -2.3431e+000 -2.7295e+000 +2.6278e+000 +2.6573e+000 +1.9962e+000 +3.1210e+000 +1.4022e+000 -2.8808e+000
111240 +2.418457032e+001 +2.418457032e+001 -1.073054297e+002 -1.073054297e+002 -2.7485e+000 +1.8817e-002 -2.2242e+000 -1.9435e+000 +2.1207e+000 +1.4170e+000 +8.8172e-001 +2.3768e+000 +1.5140e+000 -3.6460e+000
153174 +2.389605156e+001 +2.389605156e+001 -1.075939484e+002 -1.075939484e+002 -1.9532e+000 +3.0889e-002 -3.1584e+000 -3.1333e+000 +2.7791e+000 +2.5720e+000 +8.4554e-001 +3.5603e+000 +1.1441e+000 -4.5853e+000
237977 +2.198899657e+001 +2.198899657e+001 -1.095010034e+002 -1.095010034e+002 -2.7691e+000 -5.7519e-001 -2.8686e+000 -2.6997e+000 +2.7544e+000 +1.4303e+000 +1.6043e+000 +2.6914e+000 +1.2028e+000 -4.7940e+000
686020 +2.063672131e+001 +2.063672131e+001 -1.108532787e+002 -1.108532787e+002 -2.2351e+000 +1.1885e-001 -1.8368e+000 -2.6159e+000 +2.7979e+000 +2.9035e+000 +1.0261e+000 +3.2035e+000 +1.1555e+000 -3.2036e+000
820051 +1.998762264e+001 +1.998762264e+001 -1.115023774e+002 -1.115023774e+002 -2.5277e+000 +5.7546e-002 -2.6129e+000 -3.0257e+000 +2.3394e+000 +2.3134e+000 +7.6819e-001 +2.9111e+000 +9.3845e-001 -4.7512e+000
1450039 +1.773135518e+001 +1.773135518e+001 -1.137586448e+002 -1.137586448e+002 -3.0836e+000 -6.9355e-001 -2.7103e+000 -2.2022e+000 +2.0328e+000 +2.0147e+000 +1.0866e+000 +2.8940e+000 +6.2596e-001 -2.7311e+000
4520176 +1.590400017e+001 +1.590400017e+001 -1.155859998e+002 -1.155859998e+002 -2.6274e+000 -4.0146e-001 -2.0060e+000 -2.5772e+000 +2.7346e+000 +1.9223e+000 +8.1163e-001 +3.7499e+000 +5.3385e-001 -3.8994e+000
6804801 +1.258374348e+001 +1.258374348e+001 -1.189062565e+002 -1.189062565e+002 -2.3905e+000 -9.1037e-001 -2.6495e+000 -2.4705e+000 +2.2137e+000 +2.2554e+000 +9.3938e-001 +2.8879e+000 +1.3409e+000 -3.5311e+000
