% function evaluation | noise-free fitness - Fopt (1.000000000000e+003) | best noise-free fitness - Fopt | measured fitness | best measured fitness | x1 | x2...
1 +1.788831551e+003 +1.788831551e+003 +2.788831551e+003 +2.788831551e+003 +7.1202e+000 -7.9881e+000 +9.3819e-001
3 +1.608109764e+003 +1.608109764e+003 +2.608109764e+003 +2.608109764e+003 +5.0782e-001 -2.9011e+000 -3.5388e+000
11 +1.401301660e+003 +1.401301660e+003 +2.401301660e+003 +2.401301660e+003 -2.5156e+000 -7.3496e+000 -4.4199e+000
15 +1.307965855e+003 +1.307965855e+003 +2.307965855e+003 +2.307965855e+003 -1.3232e+001 -7.6820e+000 -9.5997e+000
17 +3.550665352e+002 +3.550665352e+002 +1.355066535e+003 +1.355066535e+003 -3.8981e+000 -5.1710e+000 -2.6034e-002
39 +2.474998975e+002 +2.474998975e+002 +1.247499898e+003 +1.247499898e+003 -1.6689e+000 -5.3590e+000 +4.1973e+000
77 +2.195183068e+002 +2.195183068e+002 +1.219518307e+003 +1.219518307e+003 +6.9441e+000 +9.6048e-001 +1.1414e+001
95 +1.474390065e+002 +1.474390065e+002 +1.147439007e+003 +1.147439007e+003 -9.5412e-001 -3.8469e+000 +6.4123e+000
106 +1.031200555e+002 +1.031200555e+002 +1.103120056e+003 +1.103120056e+003 +2.3117e+000 +1.0610e+000 +5.2484e+000
127 +5.660126896e+001 +5.660126896e+001 +1.056601269e+003 +1.056601269e+003 -1.0085e+000 +3.7632e+000 +5.7477e+000
140 +4.434480028e+001 +4.434480028e+001 +1.044344800e+003 +1.044344800e+003 -4.6611e-001 +4.5541e-001 +5.0808e+000
165 +4.058463946e+001 +4.058463946e+001 +1.040584639e+003 +1.040584639e+003 -1.7453e+000 +2.4929e+000 +5.3720e+000
166 +3.367433626e+001 +3.367433626e+001 +1.033674336e+003 +1.033674336e+003 -3.8910e+000 +2.3519e+000 +4.2351e+000
187 +2.082381612e+001 +2.082381612e+001 +1.020823816e+003 +1.020823816e+003 -3.1805e+000 +3.0660e+000 +4.7890e+000
213 +1.445946957e+001 +1.445946957e+001 +1.014459470e+003 +1.014459470e+003 -2.6939e+000 +1.7867e+000 +3.2440e+000
300 +5.520016076e+000 +5.520016076e+000 +1.005520016e+003 +1.005520016e+003 -1.4675e+000 +2.7736e+000 +4.3489e+000
418 +2.023272612e+000 +2.023272612e+000 +1.002023273e+003 +1.002023273e+003 -2.7015e+000 +3.0724e+000 +4.1967e+000
502 +1.784559442e+000 +1.784559442e+000 +1.001784559e+003 +1.001784559e+003 -2.7840e+000 +3.0438e+000 +4.1669e+000
505 +1.471097396e+000 +1.471097396e+000 +1.001471097e+003 +1.001471097e+003 -2.7771e+000 +3.0744e+000 +4.1683e+000
511 +1.373297994e+000 +1.373297994e+000 +1.001373298e+003 +1.001373298e+003 -2.7748e+000 +3.0669e+000 +4.1680e+000
545 +1.282288191e+000 +1.282288191e+000 +1.001282288e+003 +1.001282288e+003 -2.7657e+000 +3.0653e+000 +4.1829e+000
569 +1.240044763e+000 +1.240044763e+000 +1.001240045e+003 +1.001240045e+003 -2.7627e+000 +3.0588e+000 +4.1741e+000
614 +1.211932063e+000 +1.211932063e+000 +1.001211932e+003 +1.001211932e+003 -2.7636e+000 +3.0543e+000 +4.1805e+000
629 +1.196057947e+000 +1.196057947e+000 +1.001196058e+003 +1.001196058e+003 -2.7552e+000 +3.0657e+000 +4.1784e+000
647 +1.174170382e+000 +1.174170382e+000 +1.001174170e+003 +1.001174170e+003 -2.7580e+000 +3.0558e+000 +4.1789e+000
662 +1.143898726e+000 +1.143898726e+000 +1.001143899e+003 +1.001143899e+003 -2.7565e+000 +3.0614e+000 +4.1809e+000
682 +1.102510055e+000 +1.102510055e+000 +1.001102510e+003 +1.001102510e+003 -2.7533e+000 +3.0580e+000 +4.1846e+000
690 +1.038531955e+000 +1.038531955e+000 +1.001038532e+003 +1.001038532e+003 -2.7428e+000 +3.0556e+000 +4.1914e+000
858 +1.021089177e+000 +1.021089177e+000 +1.001021089e+003 +1.001021089e+003 -2.7403e+000 +3.0534e+000 +4.1956e+000
1010 +9.988362149e-001 +9.988362149e-001 +1.000998836e+003 +1.000998836e+003 -2.7313e+000 +3.0518e+000 +4.2007e+000
% function evaluation | noise-free fitness - Fopt (7.003000000000e+001) | best noise-free fitness - Fopt | measured fitness | best measured fitness | x1 | x2...
1 +2.557385517e+002 +2.557385517e+002 +3.257685517e+002 +3.257685517e+002 +2.5056e+000 -6.0833e+000 -3.9583e+000
2 +6.595622745e+001 +6.595622745e+001 +1.359862275e+002 +1.359862275e+002 -2.5325e+000 -5.1163e+000 -1.7659e+000
11 +3.735161565e+001 +3.735161565e+001 +1.073816156e+002 +1.073816156e+002 -2.7900e+000 -2.8061e+000 -4.5650e+000
12 +2.648431555e+001 +2.648431555e+001 +9.651431555e+001 +9.651431555e+001 -1.7191e+000 -2.3057e+000 -4.3428e+000
19 +2.576781432e+001 +2.576781432e+001 +9.579781432e+001 +9.579781432e+001 -2.4350e+000 -3.5517e+000 -5.2366e+000
49 +2.276663477e+001 +2.276663477e+001 +9.279663477e+001 +9.279663477e+001 -1.8646e+000 -3.8753e+000 -6.0518e+000
52 +1.726020040e+001 +1.726020040e+001 +8.729020040e+001 +8.729020040e+001 -1.2098e+000 -3.8772e+000 -4.7014e+000
116 +1.106136853e+001 +1.106136853e+001 +8.109136853e+001 +8.109136853e+001 -2.4254e+000 -3.9215e+000 -4.5413e+000
314 +9.596319325e+000 +9.596319325e+000 +7.962631932e+001 +7.962631932e+001 -1.5923e+000 -3.5221e+000 -4.4043e+000
369 +9.249172718e+000 +9.249172718e+000 +7.927917272e+001 +7.927917272e+001 -1.4712e+000 -4.1670e+000 -4.4630e+000
392 +8.892571750e+000 +8.892571750e+000 +7.892257175e+001 +7.892257175e+001 -1.4780e+000 -4.1906e+000 -4.5331e+000
400 +6.560952364e+000 +6.560952364e+000 +7.659095236e+001 +7.659095236e+001 -1.5212e+000 -4.1654e+000 -4.4969e+000
412 +6.118516004e+000 +6.118516004e+000 +7.614851600e+001 +7.614851600e+001 -1.5121e+000 -4.1724e+000 -4.5338e+000
526 +6.012370089e+000 +6.012370089e+000 +7.604237009e+001 +7.604237009e+001 -1.5138e+000 -4.1661e+000 -4.5257e+000
% function evaluation | noise-free fitness - Fopt (-4.822000000000e+001) | best noise-free fitness - Fopt | measured fitness | best measured fitness | x1 | x2...
1 +9.227980939e+002 +9.227980939e+002 +8.745780939e+002 +8.745780939e+002 +5.3919e+000 +3.6518e+000 -5.1652e+000
16 +5.433805095e+002 +5.433805095e+002 +4.951605095e+002 +4.951605095e+002 +5.4594e+000 -1.2073e+001 -9.5739e+000
17 +4.453749114e+002 +4.453749114e+002 +3.971549114e+002 +3.971549114e+002 +3.4003e+000 +2.1888e+000 -6.2663e+000
18 +1.432652197e+002 +1.432652197e+002 +9.504521974e+001 +9.504521974e+001 +4.9608e+000 -4.5653e+000 -9.5815e+000
47 +9.307327385e+001 +9.307327385e+001 +4.485327385e+001 +4.485327385e+001 +1.1787e+000 -1.3202e+000 -8.0966e+000
70 +8.321230520e+001 +8.321230520e+001 +3.499230520e+001 +3.499230520e+001 +2.6006e+000 -2.8962e+000 -7.8532e+000
77 +6.061154692e+001 +6.061154692e+001 +1.239154692e+001 +1.239154692e+001 +2.1860e+000 -2.6880e+000 -7.1513e+000
86 +5.420943912e+001 +5.420943912e+001 +5.989439119e+000 +5.989439119e+000 +1.5082e+000 -2.3286e+000 -5.5985e+000
131 +4.206702591e+001 +4.206702591e+001 -6.152974087e+000 -6.152974087e+000 +1.9820e+000 -3.0946e+000 -5.6137e+000
181 +3.255896728e+001 +3.255896728e+001 -1.566103272e+001 -1.566103272e+001 +1.5337e+000 -2.3157e+000 -5.2073e+000
234 +3.188723033e+001 +3.188723033e+001 -1.633276967e+001 -1.633276967e+001 +4.0538e-001 -1.9179e+000 -4.7244e+000
246 +3.144894621e+001 +3.144894621e+001 -1.677105379e+001 -1.677105379e+001 +8.5193e-001 -2.1107e+000 -4.8982e+000
267 +2.649532745e+001 +2.649532745e+001 -2.172467255e+001 -2.172467255e+001 +9.1579e-001 -2.2766e+000 -4.6279e+000
296 +1.653362991e+001 +1.653362991e+001 -3.168637009e+001 -3.168637009e+001 +1.0604e-002 -1.8676e+000 -4.3355e+000
452 +1.207913183e+001 +1.207913183e+001 -3.614086817e+001 -3.614086817e+001 -6.3951e-001 -2.0258e+000 -2.7629e+000
457 +1.188057905e+001 +1.188057905e+001 -3.633942095e+001 -3.633942095e+001 -1.1637e+000 -2.0302e+000 -2.8537e+000
490 +1.053406443e+001 +1.053406443e+001 -3.768593557e+001 -3.768593557e+001 -1.1121e+000 -2.2412e+000 -3.3172e+000
513 +8.589216495e+000 +8.589216495e+000 -3.963078351e+001 -3.963078351e+001 -9.9174e-001 -2.1969e+000 -2.9539e+000
529 +6.256644718e+000 +6.256644718e+000 -4.196335528e+001 -4.196335528e+001 -1.1515e+000 -2.2030e+000 -2.8639e+000
531 +5.871411706e+000 +5.871411706e+000 -4.234858829e+001 -4.234858829e+001 -1.0343e+000 -2.2182e+000 -2.9110e+000
542 +5.377168610e+000 +5.377168610e+000 -4.284283139e+001 -4.284283139e+001 -1.1182e+000 -2.2001e+000 -2.8784e+000
555 +5.357576270e+000 +5.357576270e+000 -4.286242373e+001 -4.286242373e+001 -1.1559e+000 -2.1811e+000 -2.8127e+000
586 +5.040686066e+000 +5.040686066e+000 -4.317931393e+001 -4.317931393e+001 -1.1037e+000 -2.1983e+000 -2.8683e+000
760 +5.007073087e+000 +5.007073087e+000 -4.321292691e+001 -4.321292691e+001 -1.0800e+000 -2.2249e+000 -2.8652e+000
% function evaluation | noise-free fitness - Fopt (2.547000000000e+001) | best noise-free fitness - Fopt | measured fitness | best measured fitness | x1 | x2...
1 +3.028801359e+002 +3.028801359e+002 +3.283501359e+002 +3.283501359e+002 -7.3441e-001 -9.8757e-001 +3.0289e+000
4 +2.235432041e+002 +2.235432041e+002 +2.490132041e+002 +2.490132041e+002 -4.9786e+000 +4.7032e-001 +3.1207e+000
7 +1.776948693e+002 +1.776948693e+002 +2.031648693e+002 +2.031648693e+002 -5.2013e+000 +1.2603e+000 +2.6287e-001
12 +1.353101561e+002 +1.353101561e+002 +1.607801561e+002 +1.607801561e+002 -3.5827e+000 -5.1899e-001 +2.1721e+000
23 +1.105288191e+002 +1.105288191e+002 +1.359988191e+002 +1.359988191e+002 -6.5675e+000 +2.4732e-001 +1.7750e+000
41 +5.796851228e+001 +5.796851228e+001 +8.343851228e+001 +8.343851228e+001 -6.3104e+000 -1.8957e-002 +1.1796e+000
45 +2.681408182e+001 +2.681408182e+001 +5.228408182e+001 +5.228408182e+001 -5.4884e+000 -9.0896e-001 +3.6190e-001
53 +2.454058755e+001 +2.454058755e+001 +5.001058755e+001 +5.001058755e+001 -4.1676e+000 -6.3176e-001 -2.3504e+000
78 +4.570400314e+000 +4.570400314e+000 +3.004040031e+001 +3.004040031e+001 -4.5860e+000 -1.7853e+000 -7.0129e-001
% function evaluation | noise-free fitness - Fopt (-1.008100000000e+002) | best noise-free fitness - Fopt | measured fitness | best measured fitness | x1 | x2...
1 +9.205293399e+001 +9.205293399e+001 -8.757066009e+000 -8.757066009e+000 +6.1110e+000 -1.3885e+000 -6.4460e-001
9 +8.361853250e+001 +8.361853250e+001 -1.719146750e+001 -1.719146750e+001 +5.0948e+000 -2.9562e+000 +1.6805e+000
26 +7.172912108e+001 +7.172912108e+001 -2.908087892e+001 -2.908087892e+001 +3.0139e+000 -2.0028e+000 +1.1990e+000
27 +6.635038924e+001 +6.635038924e+001 -3.445961076e+001 -3.445961076e+001 +6.0810e+000 -2.1590e+000 +3.0721e+000
28 +5.049438542e+001 +5.049438542e+001 -5.031561458e+001 -5.031561458e+001 +5.1422e+000 -8.8628e-001 +1.9451e+000
32 +2.792038643e+001 +2.792038643e+001 -7.288961357e+001 -7.288961357e+001 +4.6866e+000 -1.9393e+000 +1.8509e+000
98 +2.006296671e+001 +2.006296671e+001 -8.074703329e+001 -8.074703329e+001 +4.2238e+000 -1.8570e+000 +2.0851e+000
123 +1.848159842e+001 +1.848159842e+001 -8.232840158e+001 -8.232840158e+001 +4.0387e+000 -1.9221e+000 +2.3756e+000
143 +1.676248875e+001 +1.676248875e+001 -8.404751125e+001 -8.404751125e+001 +3.9573e+000 -1.9108e+000 +2.3331e+000
% function evaluation | noise-free fitness - Fopt (-3.496000000000e+001) | best noise-free fitness - Fopt | measured fitness | best measured fitness | x1 | x2...
1 +2.054381960e+003 +2.054381960e+003 +2.019421960e+003 +2.019421960e+003 -6.1526e+000 +1.7602e+000 +3.4510e+000
2 +4.150947981e+002 +4.150947981e+002 +3.801347981e+002 +3.801347981e+002 -2.1110e+000 +4.8605e+000 +2.0300e+000
19 +3.683369991e+002 +3.683369991e+002 +3.333769991e+002 +3.333769991e+002 +2.0496e-001 +5.3922e+000 -1.7457e+000
20 +2.640237652e+002 +2.640237652e+002 +2.290637652e+002 +2.290637652e+002 -2.6117e+000 +2.1743e+000 +1.2891e+000
25 +2.593462810e+002 +2.593462810e+002 +2.243862810e+002 +2.243862810e+002 -3.3690e+000 +3.9627e+000 -3.6752e-002
29 +1.642196322e+002 +1.642196322e+002 +1.292596322e+002 +1.292596322e+002 -2.6969e+000 +2.8084e+000 -1.7362e+000
32 +1.304677766e+002 +1.304677766e+002 +9.550777664e+001 +9.550777664e+001 -2.8857e+000 +5.6805e-001 -1.9409e+000
42 +5.336870756e+001 +5.336870756e+001 +1.840870756e+001 +1.840870756e+001 +1.2322e+000 -5.2036e+000 -3.1391e+000
50 +4.360243210e+001 +4.360243210e+001 +8.642432103e+000 +8.642432103e+000 -2.6136e-001 -4.0021e+000 -4.7744e+000
72 +4.188900307e+001 +4.188900307e+001 +6.929003072e+000 +6.929003072e+000 -5.7892e-001 -2.7974e+000 -1.6451e+000
80 +2.664291812e+001 +2.664291812e+001 -8.317081876e+000 -8.317081876e+000 +2.0663e+000 -3.0399e+000 -3.3010e+000
85 +2.325230099e+001 +2.325230099e+001 -1.170769901e+001 -1.170769901e+001 -4.3870e-001 -2.8695e+000 -3.2739e+000
93 +2.074464454e+001 +2.074464454e+001 -1.421535546e+001 -1.421535546e+001 +9.4755e-001 -2.1582e+000 -2.6232e+000
117 +1.596148154e+001 +1.596148154e+001 -1.899851846e+001 -1.899851846e+001 +6.5145e-001 -4.6199e+000 -3.4917e+000
174 +1.271235264e+001 +1.271235264e+001 -2.224764736e+001 -2.224764736e+001 +7.2522e-001 -3.6619e+000 -3.5524e+000
177 +1.075899012e+001 +1.075899012e+001 -2.420100988e+001 -2.420100988e+001 +7.4155e-001 -3.6442e+000 -3.4330e+000
302 +9.250118585e+000 +9.250118585e+000 -2.570988141e+001 -2.570988141e+001 +6.4402e-001 -3.7703e+000 -2.6188e+000
325 +5.351181445e+000 +5.351181445e+000 -2.960881855e+001 -2.960881855e+001 +5.9882e-001 -2.5481e+000 -2.3884e+000
438 +4.684824125e+000 +4.684824125e+000 -3.027517587e+001 -3.027517587e+001 +2.0053e+000 -2.7761e+000 -2.5915e+000
472 +4.650142791e+000 +4.650142791e+000 -3.030985721e+001 -3.030985721e+001 +2.0544e+000 -2.7403e+000 -2.6319e+000
495 +4.291255852e+000 +4.291255852e+000 -3.066874415e+001 -3.066874415e+001 +2.0495e+000 -2.7496e+000 -2.6247e+000
514 +4.137060734e+000 +4.137060734e+000 -3.082293927e+001 -3.082293927e+001 +2.0304e+000 -2.7474e+000 -2.5972e+000
520 +4.056187588e+000 +4.056187588e+000 -3.090381241e+001 -3.090381241e+001 +2.0194e+000 -2.7521e+000 -2.5946e+000
1154 +3.981006879e+000 +3.981006879e+000 -3.097899312e+001 -3.097899312e+001 +2.0189e+000 -2.7445e+000 -2.5977e+000
% function evaluation | noise-free fitness - Fopt (-2.727900000000e+002) | best noise-free fitness - Fopt | measured fitness | best measured fitness | x1 | x2...
1 +4.284356352e+002 +4.284356352e+002 +1.556456352e+002 +1.556456352e+002 +9.0288e+000 +1.4706e+000 +4.6994e-001
2 +1.651331767e+002 +1.651331767e+002 -1.076568233e+002 -1.076568233e+002 +9.8484e-001 +5.2329e+000 -1.7036e+000
4 +1.436273276e+002 +1.436273276e+002 -1.291626724e+002 -1.291626724e+002 +2.4029e+000 +2.0188e+000 -1.5057e+000
7 +1.343306850e+002 +1.343306850e+002 -1.384593150e+002 -1.384593150e+002 +3.1205e+000 -8.0009e-001 -8.5706e-001
8 +5.671830765e+001 +5.671830765e+001 -2.160716924e+002 -2.160716924e+002 -2.5984e-001 -1.0868e+000 +1.8486e-001
21 +3.803099643e+001 +3.803099643e+001 -2.347590036e+002 -2.347590036e+002 -1.3992e+000 -9.0648e-002 +1.0186e+000
48 +2.479578937e+001 +2.479578937e+001 -2.479942106e+002 -2.479942106e+002 -9.8442e-001 -4.5311e-001 +8.1980e-001
54 +2.178179943e+001 +2.178179943e+001 -2.510082006e+002 -2.510082006e+002 -2.8658e-001 -4.2390e-001 +1.1133e+000
69 +2.068258741e+001 +2.068258741e+001 -2.521074126e+002 -2.521074126e+002 -4.2038e+000 +4.8166e-001 +1.1138e+000
79 +1.166707158e+001 +1.166707158e+001 -2.611229284e+002 -2.611229284e+002 -3.6454e+000 +7.5199e-001 +1.1540e+000
102 +8.090512531e+000 +8.090512531e+000 -2.646994875e+002 -2.646994875e+002 -2.2267e+000 -4.9159e-001 +2.2429e+000
236 +7.844617215e+000 +7.844617215e+000 -2.649453828e+002 -2.649453828e+002 -2.8381e+000 +6.1809e-001 +1.2257e+000
240 +3.783770114e+000 +3.783770114e+000 -2.690062299e+002 -2.690062299e+002 -2.7744e+000 +5.5599e-001 +1.1544e+000
1359 +3.679519472e+000 +3.679519472e+000 -2.691104805e+002 -2.691104805e+002 -1.9376e+000 -6.3766e-001 +1.5056e+000
1531 +2.977933814e+000 +2.977933814e+000 -2.698120662e+002 -2.698120662e+002 -3.2664e+000 -5.8780e-001 +1.8634e+000
1539 +2.437151722e+000 +2.437151722e+000 -2.703528483e+002 -2.703528483e+002 -3.2889e+000 -5.4175e-001 +1.8615e+000
1578 +2.351228387e+000 +2.351228387e+000 -2.704387716e+002 -2.704387716e+002 -3.2864e+000 -5.4682e-001 +1.8556e+000
1586 +2.341766958e+000 +2.341766958e+000 -2.704482330e+002 -2.704482330e+002 -3.2887e+000 -5.4725e-001 +1.8615e+000
1606 +2.161566223e+000 +2.161566223e+000 -2.706284338e+002 -2.706284338e+002 -3.2738e+000 -5.5987e-001 +1.8474e+000
1654 +2.116323346e+000 +2.116323346e+000 -2.706736767e+002 -2.706736767e+002 -3.2736e+000 -5.6620e-001 +1.8563e+000
1666 +2.038599816e+000 +2.038599816e+000 -2.707514002e+002 -2.707514002e+002 -3.2697e+000 -5.6286e-001 +1.8522e+000
1754 +1.991105508e+000 +1.991105508e+000 -2.707988945e+002 -2.707988945e+002 -3.2597e+000 -5.6379e-001 +1.8556e+000
% function evaluation | noise-free fitness - Fopt (1.410200000000e+002) | best noise-free fitness - Fopt | measured fitness | best measured fitness | x1 | x2...
1 +1.948891300e+002 +1.948891300e+002 +3.359091300e+002 +3.359091300e+002 -3.5657e+000 +7.6745e+000 -2.4782e+000
2 +1.088054136e+002 +1.088054136e+002 +2.498254136e+002 +2.498254136e+002 -4.7228e-002 +5.3030e-001 -6.8344e+000
7 +7.675138935e+001 +7.675138935e+001 +2.177713894e+002 +2.177713894e+002 -1.0510e+000 -1.7274e+000 -2.0673e+000
9 +4.355765068e+001 +4.355765068e+001 +1.845776507e+002 +1.845776507e+002 -1.9229e+000 +2.2529e+000 -5.4100e+000
19 +2.625578364e+001 +2.625578364e+001 +1.672757836e+002 +1.672757836e+002 -4.9723e-001 +3.4126e+000 -1.4452e+000
63 +7.786929656e+000 +7.786929656e+000 +1.488069297e+002 +1.488069297e+002 -1.4035e+000 +2.6293e+000 -1.6897e+000
331 +5.075067538e+000 +5.075067538e+000 +1.460950675e+002 +1.460950675e+002 -1.1347e+000 +2.7296e+000 -2.7597e+000
647 +4.056331221e+000 +4.056331221e+000 +1.450763312e+002 +1.450763312e+002 -1.2391e+000 +2.0648e+000 -2.9050e+000
661 +2.215025645e+000 +2.215025645e+000 +1.432350256e+002 +1.432350256e+002 -1.1924e+000 +2.0703e+000 -2.8860e+000
782 +2.096953758e+000 +2.096953758e+000 +1.431169538e+002 +1.431169538e+002 -1.2000e+000 +2.0913e+000 -2.9078e+000
784 +2.035682208e+000 +2.035682208e+000 +1.430556822e+002 +1.430556822e+002 -1.1910e+000 +2.0904e+000 -2.9059e+000
862 +1.994234680e+000 +1.994234680e+000 +1.430142347e+002 +1.430142347e+002 -1.1848e+000 +2.0921e+000 -2.8950e+000
% function evaluation | noise-free fitness - Fopt (8.113000000000e+001) | best noise-free fitness - Fopt | measured fitness | best measured fitness | x1 | x2...
1 +2.856872988e+003 +2.856872988e+003 +2.938002988e+003 +2.938002988e+003 +6.8115e-001 -4.9103e+000 +1.3210e+000
3 +2.362568729e+003 +2.362568729e+003 +2.443698729e+003 +2.443698729e+003 -2.3283e+000 -2.4952e+000 -1.3530e+000
9 +5.461649367e+002 +5.461649367e+002 +6.272949367e+002 +6.272949367e+002 +3.8826e+000 +6.4108e+000 -6.9517e+000
18 +3.600641807e+002 +3.600641807e+002 +4.411941807e+002 +4.411941807e+002 +5.8520e-001 +6.4152e+000 -4.1811e+000
20 +6.167755073e+001 +6.167755073e+001 +1.428075507e+002 +1.428075507e+002 +7.2695e+000 -5.7644e-001 -1.5759e+000
33 +4.745285674e+001 +4.745285674e+001 +1.285828567e+002 +1.285828567e+002 +2.6728e+000 +1.5145e+000 +2.5167e-001
78 +3.844062305e+001 +3.844062305e+001 +1.195706230e+002 +1.195706230e+002 +1.2878e+000 +2.6957e+000 +2.7184e+000
82 +8.525359426e+000 +8.525359426e+000 +8.965535943e+001 +8.965535943e+001 +3.2785e+000 +1.2570e+000 +2.3181e+000
289 +5.153166874e+000 +5.153166874e+000 +8.628316687e+001 +8.628316687e+001 +3.1819e+000 +1.0079e+000 +1.8262e+000
401 +3.432664860e+000 +3.432664860e+000 +8.456266486e+001 +8.456266486e+001 +3.1131e+000 +9.4176e-001 +1.8546e+000
488 +2.980936911e+000 +2.980936911e+000 +8.411093691e+001 +8.411093691e+001 +3.1729e+000 +9.4513e-001 +1.8485e+000
515 +2.271281150e+000 +2.271281150e+000 +8.340128115e+001 +8.340128115e+001 +3.1356e+000 +9.5221e-001 +1.9023e+000
524 +1.938380717e+000 +1.938380717e+000 +8.306838072e+001 +8.306838072e+001 +3.1373e+000 +9.6322e-001 +1.9104e+000
538 +1.702859201e+000 +1.702859201e+000 +8.283285920e+001 +8.283285920e+001 +3.1424e+000 +9.8102e-001 +1.8904e+000
549 +1.549816422e+000 +1.549816422e+000 +8.267981642e+001 +8.267981642e+001 +3.1122e+000 +1.0027e+000 +1.8460e+000
557 +1.254606004e+000 +1.254606004e+000 +8.238460600e+001 +8.238460600e+001 +3.1225e+000 +9.7986e-001 +1.8675e+000
570 +1.223054857e+000 +1.223054857e+000 +8.235305486e+001 +8.235305486e+001 +3.1275e+000 +9.8002e-001 +1.8792e+000
576 +1.171669406e+000 +1.171669406e+000 +8.230166941e+001 +8.230166941e+001 +3.1222e+000 +9.8122e-001 +1.8786e+000
589 +1.116519457e+000 +1.116519457e+000 +8.224651946e+001 +8.224651946e+001 +3.1173e+000 +9.9067e-001 +1.8857e+000
599 +1.074198523e+000 +1.074198523e+000 +8.220419852e+001 +8.220419852e+001 +3.1053e+000 +9.8380e-001 +1.8939e+000
606 +1.060431792e+000 +1.060431792e+000 +8.219043179e+001 +8.219043179e+001 +3.1118e+000 +9.8458e-001 +1.8853e+000
623 +1.023593735e+000 +1.023593735e+000 +8.215359373e+001 +8.215359373e+001 +3.1020e+000 +9.8926e-001 +1.8852e+000
661 +1.013886182e+000 +1.013886182e+000 +8.214388618e+001 +8.214388618e+001 +3.1001e+000 +9.8892e-001 +1.8902e+000
799 +9.998501157e-001 +9.998501157e-001 +8.212985012e+001 +8.212985012e+001 +3.1003e+000 +9.9198e-001 +1.8899e+000
% function evaluation | noise-free fitness - Fopt (1.049200000000e+002) | best noise-free fitness - Fopt | measured fitness | best measured fitness | x1 | x2...
1 +4.889043889e+002 +4.889043889e+002 +5.938243889e+002 +5.938243889e+002 +3.7810e+000 +2.0915e+000 -1.6442e-001
2 +2.532689240e+002 +2.532689240e+002 +3.581889240e+002 +3.581889240e+002 +1.8239e+000 +3.8053e-001 -1.0715e+001
4 +2.020380030e+002 +2.020380030e+002 +3.069580030e+002 +3.069580030e+002 +4.1020e+000 -1.7217e+000 -5.1108e+000
17 +1.140132560e+002 +1.140132560e+002 +2.189332560e+002 +2.189332560e+002 +3.4831e+000 -7.3687e-001 -7.8123e+000
29 +9.753124963e+001 +9.753124963e+001 +2.024512496e+002 +2.024512496e+002 +1.8351e+000 -5.1845e-002 -4.0424e+000
31 +8.721868273e+001 +8.721868273e+001 +1.921386827e+002 +1.921386827e+002 +2.6715e+000 -2.1856e-001 -5.0375e+000
53 +7.665541249e+001 +7.665541249e+001 +1.815754125e+002 +1.815754125e+002 +9.3060e-001 -1.4146e-001 -6.1327e+000
60 +7.187385927e+001 +7.187385927e+001 +1.767938593e+002 +1.767938593e+002 +2.2661e+000 -2.2619e+000 -6.3469e+000
64 +5.509784762e+001 +5.509784762e+001 +1.600178476e+002 +1.600178476e+002 +1.4311e+000 -1.8008e+000 -4.9386e+000
81 +4.768172012e+001 +4.768172012e+001 +1.526017201e+002 +1.526017201e+002 +1.6208e+000 -2.2913e+000 -5.9336e+000
113 +4.137426932e+001 +4.137426932e+001 +1.462942693e+002 +1.462942693e+002 +7.8746e-001 -1.4749e+000 -3.7364e+000
128 +3.353023659e+001 +3.353023659e+001 +1.384502366e+002 +1.384502366e+002 +1.3991e+000 -2.1784e+000 -4.5094e+000
157 +2.999614996e+001 +2.999614996e+001 +1.349161500e+002 +1.349161500e+002 +8.8303e-001 -2.6093e+000 -4.1994e+000
195 +2.204635336e+001 +2.204635336e+001 +1.269663534e+002 +1.269663534e+002 -4.0550e-001 -3.3853e+000 -3.9616e+000
204 +2.004696147e+001 +2.004696147e+001 +1.249669615e+002 +1.249669615e+002 -5.6354e-001 -3.2855e+000 -4.1646e+000
217 +1.188783389e+001 +1.188783389e+001 +1.168078339e+002 +1.168078339e+002 -9.1303e-001 -2.3752e+000 -4.3317e+000
303 +9.739373654e+000 +9.739373654e+000 +1.146593737e+002 +1.146593737e+002 -1.4421e+000 -2.9436e+000 -3.9699e+000
354 +8.651410456e+000 +8.651410456e+000 +1.135714105e+002 +1.135714105e+002 -8.4178e-001 -2.1133e+000 -3.6444e+000
1392 +8.422285897e+000 +8.422285897e+000 +1.133422859e+002 +1.133422859e+002 -1.1871e+000 -2.1046e+000 -3.9154e+000
1466 +8.294966496e+000 +8.294966496e+000 +1.132149665e+002 +1.132149665e+002 -1.1859e+000 -2.0952e+000 -3.9056e+000
1665 +8.115613623e+000 +8.115613623e+000 +1.130356136e+002 +1.130356136e+002 -1.1961e+000 -2.1024e+000 -3.9044e+000
% function evaluation | noise-free fitness - Fopt (3.029000000000e+001) | best noise-free fitness - Fopt | measured fitness | best measured fitness | x1 | x2...
1 +1.756067187e+003 +1.756067187e+003 +1.786357187e+003 +1.786357187e+003 +3.4538e+000 -4.8499e+000 -4.9743e+000
2 +2.912930927e+002 +2.912930927e+002 +3.215830927e+002 +3.215830927e+002 +6.2379e+000 +1.6990e+000 +2.2364e+000
3 +2.347260571e+002 +2.347260571e+002 +2.650160571e+002 +2.650160571e+002 +3.5478e+000 +2.2565e+000 -4.0802e-001
7 +1.945937894e+002 +1.945937894e+002 +2.248837894e+002 +2.248837894e+002 +3.1624e+000 +2.7504e-002 -6.7136e-001
11 +1.473073718e+002 +1.473073718e+002 +1.775973718e+002 +1.775973718e+002 +1.9769e+000 +7.3856e-001 +4.2530e+000
28 +1.034547183e+002 +1.034547183e+002 +1.337447183e+002 +1.337447183e+002 +2.3172e+000 -3.6659e-001 +3.5413e+000
46 +1.022923803e+002 +1.022923803e+002 +1.325823803e+002 +1.325823803e+002 +2.6042e+000 -5.3374e-001 +2.3109e+000
57 +8.730056190e+001 +8.730056190e+001 +1.175905619e+002 +1.175905619e+002 +1.9409e+000 -1.7098e-001 +3.4073e+000
83 +7.800755973e+001 +7.800755973e+001 +1.082975597e+002 +1.082975597e+002 +2.1675e+000 -5.9326e-001 +2.7703e+000
84 +6.384763948e+001 +6.384763948e+001 +9.413763948e+001 +9.413763948e+001 +2.0219e+000 -1.5810e+000 +2.8438e+000
88 +3.847670969e+001 +3.847670969e+001 +6.876670969e+001 +6.876670969e+001 -1.6840e-001 -2.7544e+000 +3.3240e+000
138 +3.554269377e+001 +3.554269377e+001 +6.583269377e+001 +6.583269377e+001 -3.2003e+000 -2.2386e+000 +3.7113e+000
153 +1.468154076e+001 +1.468154076e+001 +4.497154076e+001 +4.497154076e+001 -8.4263e-001 -2.1349e+000 +4.3735e+000
177 +1.371865757e+001 +1.371865757e+001 +4.400865757e+001 +4.400865757e+001 -1.1889e+000 -2.8925e+000 +3.2406e+000
293 +1.318347400e+001 +1.318347400e+001 +4.347347400e+001 +4.347347400e+001 -1.8611e+000 -2.6226e+000 +2.5797e+000
355 +7.953782737e+000 +7.953782737e+000 +3.824378274e+001 +3.824378274e+001 -1.8615e+000 -2.6553e+000 +2.6311e+000
371 +7.410975482e+000 +7.410975482e+000 +3.770097548e+001 +3.770097548e+001 -1.8775e+000 -2.5900e+000 +2.6510e+000
388 +6.550853647e+000 +6.550853647e+000 +3.684085365e+001 +3.684085365e+001 -1.8414e+000 -2.6360e+000 +2.6874e+000
429 +6.316552775e+000 +6.316552775e+000 +3.660655277e+001 +3.660655277e+001 -1.8220e+000 -2.6393e+000 +2.6678e+000
443 +6.173250277e+000 +6.173250277e+000 +3.646325028e+001 +3.646325028e+001 -1.8381e+000 -2.6465e+000 +2.6680e+000
492 +6.161643427e+000 +6.161643427e+000 +3.645164343e+001 +3.645164343e+001 -1.8328e+000 -2.6432e+000 +2.6701e+000
553 +6.019839397e+000 +6.019839397e+000 +3.630983940e+001 +3.630983940e+001 -1.8273e+000 -2.6623e+000 +2.6743e+000
% function evaluation | noise-free fitness - Fopt (1.210500000000e+002) | best noise-free fitness - Fopt | measured fitness | best measured fitness | x1 | x2...
1 +5.579157993e+003 +5.579157993e+003 +5.700207993e+003 +5.700207993e+003 +1.3800e+001 -2.5950e-001 -2.0834e+000
2 +9.502027535e+001 +9.502027535e+001 +2.160702754e+002 +2.160702754e+002 +3.3892e-001 -1.5873e+000 -3.0330e+000
6 +6.130771592e+001 +6.130771592e+001 +1.823577159e+002 +1.823577159e+002 -1.2952e+000 -3.7432e+000 +8.5881e-001
26 +3.892615485e+001 +3.892615485e+001 +1.599761549e+002 +1.599761549e+002 +1.8881e+000 -2.5931e+000 -9.2016e-001
76 +3.749644243e+001 +3.749644243e+001 +1.585464424e+002 +1.585464424e+002 +2.0468e-001 -6.1996e+000 -2.3669e+000
80 +1.896900455e+001 +1.896900455e+001 +1.400190045e+002 +1.400190045e+002 +3.8652e-001 -3.7415e+000 -1.3016e+000
137 +1.228147522e+001 +1.228147522e+001 +1.333314752e+002 +1.333314752e+002 +4.7079e-002 -5.3206e+000 -2.1545e+000
177 +1.070158330e+001 +1.070158330e+001 +1.317515833e+002 +1.317515833e+002 +1.5354e-001 -5.2977e+000 -3.2780e+000
325 +7.259846833e+000 +7.259846833e+000 +1.283098468e+002 +1.283098468e+002 +5.2671e-001 -4.9793e+000 -2.7661e+000
377 +5.951643725e+000 +5.951643725e+000 +1.270016437e+002 +1.270016437e+002 +4.2047e-001 -5.0933e+000 -2.7480e+000
458 +5.853377523e+000 +5.853377523e+000 +1.269033775e+002 +1.269033775e+002 +4.6552e-001 -5.1107e+000 -2.7588e+000
466 +5.510588576e+000 +5.510588576e+000 +1.265605886e+002 +1.265605886e+002 +4.3885e-001 -5.0826e+000 -2.7225e+000
484 +5.332835920e+000 +5.332835920e+000 +1.263828359e+002 +1.263828359e+002 +4.5929e-001 -5.0837e+000 -2.7333e+000
494 +5.017255357e+000 +5.017255357e+000 +1.260672554e+002 +1.260672554e+002 +4.6272e-001 -5.0770e+000 -2.7519e+000
498 +5.002844402e+000 +5.002844402e+000 +1.260528444e+002 +1.260528444e+002 +4.5602e-001 -5.0804e+000 -2.7507e+000
% function evaluation | noise-free fitness - Fopt (-1.033000000000e+001) | best noise-free fitness - Fopt | measured fitness | best measured fitness | x1 | x2...
1 +4.176256411e+002 +4.176256411e+002 +4.072956411e+002 +4.072956411e+002 -1.9024e+000 +1.4904e+000 +4.4764e+000
3 +2.267307678e+002 +2.267307678e+002 +2.164007678e+002 +2.164007678e+002 -1.2951e-001 +1.4274e-001 +2.7497e+000
9 +9.351312508e+001 +9.351312508e+001 +8.318312508e+001 +8.318312508e+001 +1.6754e-001 +2.2975e+000 -2.3097e-001
18 +5.887561309e+001 +5.887561309e+001 +4.854561309e+001 +4.854561309e+001 +2.4302e+000 +2.2583e+000 +1.7354e+000
36 +4.761143065e+001 +4.761143065e+001 +3.728143065e+001 +3.728143065e+001 +3.4887e+000 +1.7984e+000 +1.3332e+000
37 +3.335890608e+001 +3.335890608e+001 +2.302890608e+001 +2.302890608e+001 +3.3966e+000 +3.5149e+000 +8.4388e-001
62 +1.621188648e+001 +1.621188648e+001 +5.881886483e+000 +5.881886483e+000 +4.6522e+000 +2.6793e+000 -5.2139e-001
80 +9.500338508e+000 +9.500338508e+000 -8.296614921e-001 -8.296614921e-001 +3.6119e+000 +3.0442e+000 -8.1164e-001
153 +8.668535848e+000 +8.668535848e+000 -1.661464152e+000 -1.661464152e+000 +2.5586e+000 +3.3913e+000 -1.1715e+000
167 +6.162463611e+000 +6.162463611e+000 -4.167536389e+000 -4.167536389e+000 +3.4984e+000 +3.4766e+000 -1.4237e+000
612 +3.955328739e+000 +3.955328739e+000 -6.374671261e+000 -6.374671261e+000 +4.2446e+000 +2.8542e+000 -1.7031e+000
624 +3.114568845e+000 +3.114568845e+000 -7.215431155e+000 -7.215431155e+000 +4.2899e+000 +2.8277e+000 -1.6575e+000
655 +2.720946278e+000 +2.720946278e+000 -7.609053722e+000 -7.609053722e+000 +3.1107e+000 +3.2838e+000 -2.1200e+000
771 +2.452189740e+000 +2.452189740e+000 -7.877810260e+000 -7.877810260e+000 +3.1649e+000 +2.9975e+000 -2.4386e+000
797 +2.253437325e+000 +2.253437325e+000 -8.076562675e+000 -8.076562675e+000 +3.1516e+000 +2.9921e+000 -2.4356e+000
870 +2.200563198e+000 +2.200563198e+000 -8.129436802e+000 -8.129436802e+000 +3.1518e+000 +2.9904e+000 -2.4411e+000
880 +2.116021662e+000 +2.116021662e+000 -8.213978338e+000 -8.213978338e+000 +3.1447e+000 +2.9936e+000 -2.4575e+000
890 +2.058868770e+000 +2.058868770e+000 -8.271131230e+000 -8.271131230e+000 +3.1535e+000 +2.9927e+000 -2.4633e+000
947 +2.018647578e+000 +2.018647578e+000 -8.311352422e+000 -8.311352422e+000 +3.1519e+000 +2.9948e+000 -2.4840e+000
1018 +1.992233987e+000 +1.992233987e+000 -8.337766013e+000 -8.337766013e+000 +3.1549e+000 +2.9919e+000 -2.4810e+000
% function evaluation | noise-free fitness - Fopt (-6.846000000000e+001) | best noise-free fitness - Fopt | measured fitness | best measured fitness | x1 | x2...
1 +6.927301874e+002 +6.927301874e+002 +6.242701874e+002 +6.242701874e+002 -3.8208e-002 -1.3411e+000 +4.0879e+000
2 +5.024059076e+002 +5.024059076e+002 +4.339459076e+002 +4.339459076e+002 +2.8177e+000 -2.5259e+000 +1.9666e+000
4 +3.492587083e+002 +3.492587083e+002 +2.807987083e+002 +2.807987083e+002 +1.0168e+000 +3.0595e-001 +2.9136e+000
5 +1.494741493e+002 +1.494741493e+002 +8.101414932e+001 +8.101414932e+001 -6.4121e-001 +7.9568e-002 -4.1374e+000
6 +6.404582289e+001 +6.404582289e+001 -4.414177115e+000 -4.414177115e+000 +3.1134e+000 +8.4863e-001 -2.1783e-001
20 +4.121548335e+001 +4.121548335e+001 -2.724451665e+001 -2.724451665e+001 +2.5708e+000 -9.3695e-002 -2.1237e+000
33 +4.049793088e+001 +4.049793088e+001 -2.796206912e+001 -2.796206912e+001 +3.4481e+000 +1.3014e+000 -1.7003e+000
46 +3.557378837e+001 +3.557378837e+001 -3.288621163e+001 -3.288621163e+001 +2.3977e+000 +1.5494e+000 -3.5957e+000
56 +3.334351461e+001 +3.334351461e+001 -3.511648539e+001 -3.511648539e+001 +2.9545e+000 +1.1169e+000 -3.1028e+000
60 +3.220417132e+001 +3.220417132e+001 -3.625582868e+001 -3.625582868e+001 +4.6868e+000 +1.9251e+000 -7.4375e-001
65 +2.562804419e+001 +2.562804419e+001 -4.283195581e+001 -4.283195581e+001 +3.8742e+000 +2.6372e+000 -1.4219e+000
84 +2.454692025e+001 +2.454692025e+001 -4.391307975e+001 -4.391307975e+001 +2.3702e+000 +2.3211e+000 -3.2141e+000
99 +3.638500189e+000 +3.638500189e+000 -6.482149981e+001 -6.482149981e+001 +3.5336e+000 +2.7299e+000 -3.5703e+000
960 +3.132029765e+000 +3.132029765e+000 -6.532797023e+001 -6.532797023e+001 +3.6716e+000 +1.7029e+000 -2.8228e+000
1309 +3.010895864e+000 +3.010895864e+000 -6.544910414e+001 -6.544910414e+001 +3.3903e+000 +1.9059e+000 -3.0314e+000
1339 +2.909613787e+000 +2.909613787e+000 -6.555038621e+001 -6.555038621e+001 +3.4013e+000 +1.9285e+000 -3.0353e+000
1355 +2.873690483e+000 +2.873690483e+000 -6.558630952e+001 -6.558630952e+001 +3.3985e+000 +1.9319e+000 -3.0365e+000
1358 +2.684627262e+000 +2.684627262e+000 -6.577537274e+001 -6.577537274e+001 +3.3876e+000 +1.9268e+000 -3.0470e+000
1456 +2.624914860e+000 +2.624914860e+000 -6.583508514e+001 -6.583508514e+001 +3.3866e+000 +1.9299e+000 -3.0541e+000
1485 +2.538133776e+000 +2.538133776e+000 -6.592186622e+001 -6.592186622e+001 +3.3856e+000 +1.9386e+000 -3.0620e+000
1542 +2.495235780e+000 +2.495235780e+000 -6.596476422e+001 -6.596476422e+001 +3.3688e+000 +1.9524e+000 -3.0931e+000
1549 +2.436490122e+000 +2.436490122e+000 -6.602350988e+001 -6.602350988e+001 +3.3792e+000 +1.9500e+000 -3.0709e+000
1559 +2.384472145e+000 +2.384472145e+000 -6.607552785e+001 -6.607552785e+001 +3.3803e+000 +1.9680e+000 -3.0769e+000
1575 +2.326299188e+000 +2.326299188e+000 -6.613370081e+001 -6.613370081e+001 +3.3773e+000 +1.9606e+000 -3.0857e+000
1593 +2.240624438e+000 +2.240624438e+000 -6.621937556e+001 -6.621937556e+001 +3.3788e+000 +1.9730e+000 -3.0960e+000
1614 +2.194143083e+000 +2.194143083e+000 -6.626585692e+001 -6.626585692e+001 +3.3791e+000 +1.9796e+000 -3.0978e+000
1619 +2.098212646e+000 +2.098212646e+000 -6.636178735e+001 -6.636178735e+001 +3.3732e+000 +1.9812e+000 -3.1100e+000
1625 +1.707045263e+000 +1.707045263e+000 -6.675295474e+001 -6.675295474e+001 +3.3762e+000 +2.0444e+000 -3.1408e+000
1653 +1.557729795e+000 +1.557729795e+000 -6.690227020e+001 -6.690227020e+001 +3.3672e+000 +2.0138e+000 -3.1459e+000
1669 +1.474297742e+000 +1.474297742e+000 -6.698570226e+001 -6.698570226e+001 +3.3664e+000 +2.0142e+000 -3.1396e+000
1670 +1.424368772e+000 +1.424368772e+000 -6.703563123e+001 -6.703563123e+001 +3.3662e+000 +2.0202e+000 -3.1338e+000
1678 +1.360240476e+000 +1.360240476e+000 -6.709975952e+001 -6.709975952e+001 +3.3672e+000 +2.0236e+000 -3.1443e+000
1685 +1.296779998e+000 +1.296779998e+000 -6.716322000e+001 -6.716322000e+001 +3.3561e+000 +2.0166e+000 -3.1408e+000
1702 +1.229632260e+000 +1.229632260e+000 -6.723036774e+001 -6.723036774e+001 +3.3552e+000 +2.0190e+000 -3.1480e+000
1770 +1.181287479e+000 +1.181287479e+000 -6.727871252e+001 -6.727871252e+001 +3.3511e+000 +2.0212e+000 -3.1515e+000
1801 +1.160334040e+000 +1.160334040e+000 -6.729966596e+001 -6.729966596e+001 +3.3460e+000 +2.0253e+000 -3.1519e+000
1814 +1.136927586e+000 +1.136927586e+000 -6.732307241e+001 -6.732307241e+001 +3.3511e+000 +2.0247e+000 -3.1580e+000
1843 +1.117457615e+000 +1.117457615e+000 -6.734254239e+001 -6.734254239e+001 +3.3492e+000 +2.0256e+000 -3.1570e+000
1853 +1.096156050e+000 +1.096156050e+000 -6.736384395e+001 -6.736384395e+001 +3.3511e+000 +2.0271e+000 -3.1577e+000
1891 +1.069895803e+000 +1.069895803e+000 -6.739010420e+001 -6.739010420e+001 +3.3522e+000 +2.0314e+000 -3.1627e+000
1910 +1.035130317e+000 +1.035130317e+000 -6.742486968e+001 -6.742486968e+001 +3.3499e+000 +2.0346e+000 -3.1643e+000
1922 +1.009918232e+000 +1.009918232e+000 -6.745008177e+001 -6.745008177e+001 +3.3527e+000 +2.0447e+000 -3.1658e+000
1973 +9.990374119e-001 +9.990374119e-001 -6.746096259e+001 -6.746096259e+001 +3.3517e+000 +2.0399e+000 -3.1594e+000
% function evaluation | noise-free fitness - Fopt (-1.314900000000e+002) | best noise-free fitness - Fopt | measured fitness | best measured fitness | x1 | x2...
1 +1.396996609e+003 +1.396996609e+003 +1.265506609e+003 +1.265506609e+003 -2.2423e+001 +6.1477e+000 +8.0317e-001
2 +1.087318081e+003 +1.087318081e+003 +9.558280813e+002 +9.558280813e+002 +3.5767e+000 +2.5031e+000 +9.7718e-001
6 +3.767366559e+002 +3.767366559e+002 +2.452466559e+002 +2.452466559e+002 +3.5519e+000 +4.5995e+000 -6.6524e+000
11 +3.701602220e+002 +3.701602220e+002 +2.386702220e+002 +2.386702220e+002 +3.7207e+000 +2.3843e+000 -1.1763e+001
15 +2.557333643e+002 +2.557333643e+002 +1.242433643e+002 +1.242433643e+002 -3.2920e+000 -5.5437e+000 -2.4995e+000
17 +1.222054341e+002 +1.222054341e+002 -9.284565930e+000 -9.284565930e+000 -4.0669e-001 +2.1888e+000 -2.4482e+000
23 +9.766638369e+001 +9.766638369e+001 -3.382361631e+001 -3.382361631e+001 +5.9848e-001 +1.7539e+000 -3.2978e+000
31 +6.135508795e+001 +6.135508795e+001 -7.013491205e+001 -7.013491205e+001 +9.8027e-001 -6.4123e-001 -1.2504e+000
32 +4.394416213e+001 +4.394416213e+001 -8.754583787e+001 -8.754583787e+001 +3.4963e-001 -2.2224e-001 -3.6193e+000
35 +2.919723123e+001 +2.919723123e+001 -1.022927688e+002 -1.022927688e+002 -8.7263e-002 +7.9562e-001 -4.2882e+000
62 +2.642377162e+001 +2.642377162e+001 -1.050662284e+002 -1.050662284e+002 -1.3319e+000 +4.0481e-001 -2.5409e+000
76 +1.492985867e+001 +1.492985867e+001 -1.165601413e+002 -1.165601413e+002 -1.1828e+000 +7.7478e-001 -2.9034e+000
82 +1.134987267e+001 +1.134987267e+001 -1.201401273e+002 -1.201401273e+002 -1.9697e+000 +2.0962e-001 -2.1020e+000
156 +6.825337763e+000 +6.825337763e+000 -1.246646622e+002 -1.246646622e+002 -2.0863e+000 -5.5550e-001 -1.9684e+000
447 +5.906303452e+000 +5.906303452e+000 -1.255836965e+002 -1.255836965e+002 -2.0801e+000 -5.1013e-001 -1.8892e+000
488 +4.654272624e+000 +4.654272624e+000 -1.268357274e+002 -1.268357274e+002 -2.0650e+000 -6.1025e-001 -1.8340e+000
551 +4.101181232e+000 +4.101181232e+000 -1.273888188e+002 -1.273888188e+002 -2.0766e+000 -5.9986e-001 -1.8300e+000
617 +4.065338084e+000 +4.065338084e+000 -1.274246619e+002 -1.274246619e+002 -2.0456e+000 -5.9181e-001 -1.7752e+000
631 +3.931779454e+000 +3.931779454e+000 -1.275582205e+002 -1.275582205e+002 -2.0706e+000 -5.9587e-001 -1.8279e+000
634 +3.828760528e+000 +3.828760528e+000 -1.276612395e+002 -1.276612395e+002 -2.0650e+000 -5.9572e-001 -1.8220e+000
643 +3.694735133e+000 +3.694735133e+000 -1.277952649e+002 -1.277952649e+002 -2.0600e+000 -5.9394e-001 -1.8141e+000
691 +3.542521796e+000 +3.542521796e+000 -1.279474782e+002 -1.279474782e+002 -2.0530e+000 -5.8912e-001 -1.8094e+000
719 +3.378436805e+000 +3.378436805e+000 -1.281115632e+002 -1.281115632e+002 -2.0553e+000 -5.8138e-001 -1.8064e+000
750 +3.291879161e+000 +3.291879161e+000 -1.281981208e+002 -1.281981208e+002 -2.0423e+000 -5.7430e-001 -1.8179e+000
753 +3.101077419e+000 +3.101077419e+000 -1.283889226e+002 -1.283889226e+002 -2.0219e+000 -5.6647e-001 -1.7967e+000
788 +3.086319604e+000 +3.086319604e+000 -1.284036804e+002 -1.284036804e+002 -2.0352e+000 -5.6656e-001 -1.8046e+000
933 +3.015291555e+000 +3.015291555e+000 -1.284747084e+002 -1.284747084e+002 -2.0269e+000 -5.5949e-001 -1.8035e+000
