% function evaluation | noise-free fitness - Fopt (-9.210000000000e+000) | best noise-free fitness - Fopt | measured fitness | best measured fitness | x1 | x2...
1 +2.198573402e+002 +2.198573402e+002 +2.106473402e+002 +2.106473402e+002 +3.1994e-001 +3.5239e+000 -2.6399e+000 +2.8099e+000 +2.6900e+000 +3.0763e+000 +2.5617e+000 -3.7877e+000 +1.4412e+000 +2.5944e+000
2 +1.975331296e+002 +1.975331296e+002 +1.883231296e+002 +1.883231296e+002 +2.1275e-001 +3.3404e+000 -1.9303e+000 +2.1831e+000 +3.1751e+000 +5.2722e+000 +2.1350e+000 +1.1934e+000 +2.0005e+000 +4.0883e+000
6 +1.790405576e+002 +1.790405576e+002 +1.698305576e+002 +1.698305576e+002 +4.4538e-001 +4.2627e+000 +5.7005e+000 -7.8466e-001 -1.8849e-001 -3.6059e+000 +1.0471e+001 -3.9681e-001 +6.7563e+000 +3.4402e+000
11 +1.730112290e+002 +1.730112290e+002 +1.638012290e+002 +1.638012290e+002 +1.3029e-001 +4.6793e+000 -2.3327e+000 +2.5593e+000 +5.2998e+000 +1.0342e+001 -4.4771e-001 -5.0324e-001 +2.8596e+000 -3.2719e-001
16 +1.580604752e+002 +1.580604752e+002 +1.488504752e+002 +1.488504752e+002 +3.6150e-001 +3.7658e-001 -3.3656e+000 +3.7094e+000 +4.3988e+000 +7.7369e+000 +4.9503e+000 +3.7435e+000 +6.9930e+000 +4.6800e+000
19 +1.469992433e+002 +1.469992433e+002 +1.377892433e+002 +1.377892433e+002 -1.0563e+000 +4.7625e+000 +3.8138e-001 +4.5553e+000 +1.0452e+001 +1.5218e+000 +4.8540e+000 +1.5715e+000 +4.7182e+000 +3.0653e-001
23 +1.222142562e+002 +1.222142562e+002 +1.130042562e+002 +1.130042562e+002 +4.3289e+000 +4.7958e+000 -6.6797e+000 +4.4096e+000 -2.2505e+000 +7.5942e+000 +1.1104e+000 +2.8764e+000 -1.4076e-001 -2.7713e+000
64 +7.401199968e+001 +7.401199968e+001 +6.480199968e+001 +6.480199968e+001 -5.8691e-001 +7.2499e+000 +3.4028e+000 +6.6540e+000 +2.4729e+000 +5.1423e+000 +4.6894e+000 +2.7754e+000 +4.4534e+000 -2.4044e+000
79 +3.867249241e+001 +3.867249241e+001 +2.946249241e+001 +2.946249241e+001 +7.6868e+000 -3.4126e-001 +9.4357e+000 +1.0838e+001 -5.0334e+000 +4.7464e-001 +4.3805e+000 +2.8923e+000 +5.6851e+000 -6.2961e+000
103 +2.177144607e+001 +2.177144607e+001 +1.256144607e+001 +1.256144607e+001 +7.6518e+000 +5.9108e+000 -7.6842e-001 +6.0315e+000 -6.6374e+000 +7.1991e+000 +3.7261e+000 +3.9681e+000 +4.9936e+000 -8.6245e+000
190 +1.336693614e+001 +1.336693614e+001 +4.156936145e+000 +4.156936145e+000 +5.8361e+000 +5.6918e+000 +8.3963e+000 +7.0602e+000 -2.3661e+000 +3.7121e+000 +5.5099e+000 +4.7649e+000 +5.0847e+000 -6.6947e+000
192 +8.824787206e+000 +8.824787206e+000 -3.852127938e-001 -3.852127938e-001 +4.2033e+000 +4.1908e+000 +6.1263e+000 +5.6082e+000 -6.0144e+000 +6.2768e+000 +3.4956e+000 +6.0842e+000 +2.0359e+001 -6.1407e+000
204 +1.352529181e+000 +1.352529181e+000 -7.857470819e+000 -7.857470819e+000 +1.0593e+001 +1.1572e+001 +6.5905e+000 +6.7887e+000 -4.5139e+000 +9.3876e+000 +9.3900e+000 +8.0531e+000 +3.4074e+001 -1.2001e+001
255 +0.000000000e+000 +0.000000000e+000 -9.210000000e+000 -9.210000000e+000 +1.2504e+001 +6.6830e+000 +6.7148e+000 +7.7299e+000 -6.3651e+000 +5.8563e+000 +9.0853e+000 +1.0905e+001 +6.9842e+000 -1.1961e+001
556336 +1.#INF00000e+000 +0.000000000e+000 +1.#INF00000e+000 -9.210000000e+000 +5.0814e+287 +7.1650e+294 -1.0994e+286 -3.1581e+279 -3.3656e+296 -5.7506e+307 +9.5873e+298 +1.0461e+306 +2.0580e+298 +4.0428e+304
% function evaluation | noise-free fitness - Fopt (6.559900000000e+002) | best noise-free fitness - Fopt | measured fitness | best measured fitness | x1 | x2...
1 +3.391050611e+002 +3.391050611e+002 +9.950950611e+002 +9.950950611e+002 -2.9489e-001 +5.5714e+000 -9.3021e-001 -1.4086e+000 +7.1140e+000 -2.8473e+000 -6.3058e-001 +1.6504e+000 +2.1281e+001 -3.5726e+000
2 +1.830930782e+002 +1.830930782e+002 +8.390830782e+002 +8.390830782e+002 -2.1153e+000 +6.2978e+000 +2.8532e+000 -4.5048e+000 +3.0262e+000 +1.4283e+000 +2.2663e+000 +2.4113e-001 -2.4018e+000 -6.1387e+000
5 +1.247187276e+002 +1.247187276e+002 +7.807087276e+002 +7.807087276e+002 -2.5916e+000 +3.8621e+000 -3.4506e+000 -3.5887e+000 +9.0987e-001 -6.2645e+000 +6.0318e-002 +5.0598e+000 -3.0948e-001 -4.1657e+000
7 +1.215791268e+002 +1.215791268e+002 +7.775691268e+002 +7.775691268e+002 -3.9589e+000 +3.9963e+000 +7.9294e-001 -4.7211e+000 +7.0372e+000 -1.4643e+001 -3.6200e+000 +5.1735e+000 -1.6668e+000 -4.5313e+000
9 +7.865612350e+001 +7.865612350e+001 +7.346461235e+002 +7.346461235e+002 -2.8545e+000 +1.4436e+000 -1.7366e+000 -3.8465e+000 +2.0772e+000 -4.1999e+000 -4.2534e+000 +5.6025e+000 -3.4575e+000 -8.4321e+000
52 +7.452908020e+001 +7.452908020e+001 +7.305190802e+002 +7.305190802e+002 -5.8583e+000 +1.1227e+000 -4.0348e+000 -7.0298e+000 +5.3198e-001 -1.0535e+001 -2.9018e+000 +4.4823e+000 -1.1593e+001 -5.3090e+000
58 +6.805072278e+001 +6.805072278e+001 +7.240407228e+002 +7.240407228e+002 -1.6269e+000 +4.8526e+000 -1.2653e+000 -1.8878e+000 +4.1894e+000 -7.5161e+000 -1.0306e+001 +6.4292e+000 -6.5459e+000 -4.7940e+000
64 +5.676806690e+001 +5.676806690e+001 +7.127580669e+002 +7.127580669e+002 +4.7962e-001 -5.3063e-001 -1.1929e+000 +2.9105e+000 -2.5366e+001 -3.1651e+000 -1.0488e+001 +1.5774e-001 -6.1632e+000 -2.2814e+001
114 +4.645985937e+001 +4.645985937e+001 +7.024498594e+002 +7.024498594e+002 -3.4155e+000 +6.9738e+000 -6.3052e+000 -2.6083e-001 -2.0615e+001 -4.7359e+000 -3.5684e+000 +6.1907e+000 -4.5284e+000 -8.8681e+000
118 +4.131186035e+001 +4.131186035e+001 +6.973018603e+002 +6.973018603e+002 -3.1616e+000 +1.6841e+000 -1.6295e+001 +4.3287e+000 -2.1221e+000 -5.1311e+000 -5.4803e+000 +6.6459e+000 -3.0545e+000 -8.4426e+000
140 +3.606007368e+001 +3.606007368e+001 +6.920500737e+002 +6.920500737e+002 -2.7594e+000 -4.0972e+000 -2.0578e+000 +2.8269e+000 +1.3054e+000 -5.6644e+000 -7.9882e+000 +7.2453e+000 -5.9185e+000 -8.6037e+000
168 +2.672961400e+001 +2.672961400e+001 +6.827196140e+002 +6.827196140e+002 -5.1534e-002 +2.4602e+000 -1.0669e+000 +2.6079e+000 -7.3887e+000 -4.9086e+000 -9.4073e+000 +5.3956e+000 -8.9674e+000 -8.7100e+000
188 +2.187697774e+001 +2.187697774e+001 +6.778669777e+002 +6.778669777e+002 -2.0434e+000 +2.5219e+000 -3.3144e+000 +6.2022e+000 -4.1710e+000 -5.5517e+000 -1.5246e+001 +7.5367e+000 -1.5085e+001 -9.6412e+000
197 +1.682045329e+001 +1.682045329e+001 +6.728104533e+002 +6.728104533e+002 -3.2796e+000 -1.7256e+001 -5.1788e+000 +1.5579e+000 -9.6092e+000 -6.1929e+000 -4.7576e+000 +9.7558e+000 -6.7575e+000 -6.7464e+000
199 +1.081287885e+001 +1.081287885e+001 +6.668028788e+002 +6.668028788e+002 -1.8146e+000 -7.0174e+000 -1.0733e+001 +3.1442e+000 -6.5212e+000 -5.9765e+000 -1.0805e+001 +5.3386e+000 -8.6412e+000 -1.1174e+001
213 +8.715347549e+000 +8.715347549e+000 +6.647053475e+002 +6.647053475e+002 -3.6924e+000 -1.1624e+001 -4.9863e+000 +1.3273e+001 -7.2233e+000 -5.3031e+000 -7.5191e+000 +1.1452e+001 -5.3248e+000 -9.8576e+000
251 +7.379232083e+000 +7.379232083e+000 +6.633692321e+002 +6.633692321e+002 +1.9251e+000 -3.4382e+000 -3.6289e+000 +5.8831e+000 -8.1469e+000 -6.6247e+000 -8.7217e+000 +8.1362e+000 -1.3793e+001 -1.0444e+001
260 +6.572090677e+000 +6.572090677e+000 +6.625620907e+002 +6.625620907e+002 -1.0548e+000 -4.5995e+000 -9.0182e+000 +8.4930e+000 -7.2170e+000 -8.7660e+000 -1.0193e+001 +9.7000e+000 -9.2349e+000 -1.2811e+001
270 +6.048257114e+000 +6.048257114e+000 +6.620382571e+002 +6.620382571e+002 -9.9759e-001 -1.0691e+001 -4.9696e+000 +7.7461e+000 -9.8860e+000 -6.1650e+000 -1.2902e+001 +8.5413e+000 -9.5329e+000 -9.9548e+000
303 +4.170522766e+000 +4.170522766e+000 +6.601605228e+002 +6.601605228e+002 +2.0091e+000 -4.0967e+000 -4.9922e+000 +1.1806e+001 -7.4148e+000 -5.5181e+000 -1.0626e+001 +7.3276e+000 -9.6118e+000 -1.1188e+001
312 +0.000000000e+000 +0.000000000e+000 +6.559900000e+002 +6.559900000e+002 +9.2413e+000 -1.1844e+001 -9.3133e+000 +7.6414e+000 -6.8928e+000 -5.1055e+000 -1.0622e+001 +1.0850e+001 -1.6221e+001 -1.3143e+001
540740 +1.#INF00000e+000 +0.000000000e+000 +1.#INF00000e+000 +6.559900000e+002 +5.8443e+297 -1.4460e+280 -3.4308e+283 +6.0964e+279 +7.8582e+307 -1.0321e+298 -5.4426e+292 +4.5930e+294 -2.5917e+288 +1.0886e+275
% function evaluation | noise-free fitness - Fopt (6.671000000000e+001) | best noise-free fitness - Fopt | measured fitness | best measured fitness | x1 | x2...
1 +1.669862405e+002 +1.669862405e+002 +2.336962405e+002 +2.336962405e+002 -2.7583e+000 +2.3141e+000 +4.3761e-001 -2.7727e+000 -5.5218e-001 +3.8500e+000 -5.4628e+000 +4.6120e+000 -2.1487e+000 -5.4529e+000
9 +1.130137312e+002 +1.130137312e+002 +1.797237312e+002 +1.797237312e+002 -2.8581e+000 +4.9535e-001 +9.8452e-001 +2.0855e+000 -1.8779e+000 +2.6111e+000 -6.1240e+000 +4.3991e+000 +9.1279e+000 -3.6106e+000
61 +9.261298987e+001 +9.261298987e+001 +1.593229899e+002 +1.593229899e+002 -6.9445e+000 -1.3082e+000 -1.1056e+001 +4.7633e+000 +1.5901e+000 +5.2847e+000 -4.0683e+000 +1.1603e+000 +1.4169e+000 -5.5198e+000
103 +8.311792743e+001 +8.311792743e+001 +1.498279274e+002 +1.498279274e+002 -1.3326e+000 +4.1542e-001 +1.0074e+001 +4.3894e+000 +1.9907e+000 +7.2954e+000 -5.1116e+000 -1.2916e+001 +1.5716e+000 -7.8894e+000
104 +7.618911652e+001 +7.618911652e+001 +1.428991165e+002 +1.428991165e+002 -5.4669e+000 +3.1886e-001 +6.2186e+000 +5.5219e+000 -5.3263e-001 +8.0599e+000 -1.1581e+001 -3.8376e+000 +9.6946e-001 -7.1055e+000
119 +6.349070861e+001 +6.349070861e+001 +1.302007086e+002 +1.302007086e+002 -8.9571e+000 +4.5995e-002 +1.9186e+000 +8.9474e+000 -4.3320e-001 +8.2775e+000 -1.5263e+000 -1.8861e+001 +2.8558e+000 -5.5110e+000
125 +4.743969963e+001 +4.743969963e+001 +1.141496996e+002 +1.141496996e+002 -4.9023e+000 -1.8166e+000 -3.2030e-001 +5.8167e+000 -6.7299e+000 +6.9498e+000 -6.7706e+000 +5.6230e-001 +4.7315e+000 -5.8057e+000
154 +4.420790679e+001 +4.420790679e+001 +1.109179068e+002 +1.109179068e+002 -4.1191e+000 -2.3948e+000 +1.1482e+000 +3.6573e+000 -1.3196e+000 +7.4314e+000 -5.3377e+000 -4.9163e+000 +2.9243e+000 -7.2220e+000
155 +3.982045293e+001 +3.982045293e+001 +1.065304529e+002 +1.065304529e+002 -7.8402e-001 +1.0214e+000 +6.0234e+000 +3.0755e+000 -8.1479e+000 +1.0146e+001 -8.5568e+000 -1.3931e+001 +4.5234e+000 -4.8397e+000
168 +3.822597022e+001 +3.822597022e+001 +1.049359702e+002 +1.049359702e+002 -2.8660e+000 -2.2438e+000 +8.3788e-002 +2.3959e+000 -5.9470e+000 +3.1796e+000 -9.7604e+000 -3.8246e+000 +4.3732e+000 -5.7348e+000
203 +3.464223014e+001 +3.464223014e+001 +1.013522301e+002 +1.013522301e+002 -5.4590e+000 -2.1686e+000 -3.3870e+000 +6.7953e+000 -9.2738e+000 +2.6704e+000 -1.5389e+001 -1.0211e+001 +2.4269e+000 -8.7493e+000
213 +3.087635038e+001 +3.087635038e+001 +9.758635038e+001 +9.758635038e+001 -1.1288e+000 -2.0670e+000 +2.0969e+000 +6.8693e+000 -1.2005e+001 +7.1123e+000 -1.0422e+001 -8.9819e+000 +3.5304e+000 -5.7424e+000
222 +1.717321362e+001 +1.717321362e+001 +8.388321362e+001 +8.388321362e+001 -1.2071e+001 -2.8660e+000 +2.9486e+000 +6.0702e+000 -2.1500e+001 +1.1042e+001 -1.5728e+001 -1.1033e+001 +4.8504e+000 -7.9454e+000
228 +8.274182614e+000 +8.274182614e+000 +7.498418261e+001 +7.498418261e+001 -8.6211e+000 -7.1170e-001 -3.3969e+000 +1.7293e+001 -7.6916e+000 +5.5499e+000 -4.9867e+000 -5.3557e+000 +9.3750e+000 -1.2219e+001
316 +2.846664753e+000 +2.846664753e+000 +6.955666475e+001 +6.955666475e+001 -1.0314e+001 -3.9511e+000 -4.4628e+000 +4.7235e+000 -1.0933e+001 +8.4416e+000 -1.0009e+001 -6.6576e+000 +6.6348e+000 -9.8738e+000
356 +1.338157570e-001 +1.338157570e-001 +6.684381576e+001 +6.684381576e+001 -6.1697e+000 -4.8964e+000 -7.0980e+000 +6.9809e+000 -1.2708e+001 +1.8481e+001 -1.3939e+001 -5.8206e+000 +1.0665e+001 -2.5444e+001
407 +0.000000000e+000 +0.000000000e+000 +6.671000000e+001 +6.671000000e+001 -1.0130e+001 -7.9517e+000 -8.7145e+000 +6.3652e+000 -1.7575e+001 +9.8556e+000 -1.5033e+001 -1.1317e+001 +5.4032e+000 -2.7714e+001
548353 +1.#INF00000e+000 +0.000000000e+000 +1.#INF00000e+000 +6.671000000e+001 +4.0161e+282 -2.4446e+289 +1.1578e+308 +4.4697e+285 +1.0194e+285 +3.8930e+293 -4.1960e+290 -1.2046e+296 +2.3873e+282 -1.4731e+286
% function evaluation | noise-free fitness - Fopt (9.416700000000e+002) | best noise-free fitness - Fopt | measured fitness | best measured fitness | x1 | x2...
1 +1.413837261e+002 +1.413837261e+002 +1.083053726e+003 +1.083053726e+003 -6.8833e+000 +5.2087e+000 -5.1337e+000 -2.5202e+000 +2.5876e-001 +1.2179e+000 +3.5362e+000 -8.5436e+000 +2.6116e+000 -5.7219e+000
6 +1.187020223e+002 +1.187020223e+002 +1.060372022e+003 +1.060372022e+003 +5.8040e-001 +3.9415e+000 -5.1315e+000 -1.0351e+000 +5.3130e-001 -2.3065e+000 -2.2634e+000 -2.7672e+000 +2.3508e+000 -9.4859e+000
60 +1.139535711e+002 +1.139535711e+002 +1.055623571e+003 +1.055623571e+003 -8.9336e+000 +1.2484e+000 -9.9997e+000 +3.8952e+000 +1.1046e+001 -2.4501e+000 -3.4636e+000 -2.6335e+000 +5.9088e+000 -4.6650e+000
64 +1.056874678e+002 +1.056874678e+002 +1.047357468e+003 +1.047357468e+003 -5.2092e+000 +4.4328e+000 -4.8276e+000 +9.2388e-001 -1.2167e+000 +1.2113e+000 -4.4778e+000 -3.3079e-001 +4.3459e+000 -6.6695e+000
68 +8.898830607e+001 +8.898830607e+001 +1.030658306e+003 +1.030658306e+003 -9.2262e-001 +2.9066e+000 -1.1026e+000 -1.8688e+000 -2.1453e-002 +2.0797e+000 -5.0010e+000 -4.3081e+000 +4.1893e+000 -7.9358e+000
86 +8.522402197e+001 +8.522402197e+001 +1.026894022e+003 +1.026894022e+003 +1.4929e+000 -6.2874e-001 +8.1748e+000 +3.3870e+000 -5.3032e-002 +5.1052e-001 -1.3123e+000 -3.7411e+000 +3.5305e+000 -6.2811e+000
102 +5.736957163e+001 +5.736957163e+001 +9.990395716e+002 +9.990395716e+002 +4.4902e-001 +4.0723e+000 +8.0355e+000 +4.9189e+000 -2.0921e+000 +8.4237e-001 -3.8631e+000 -4.0553e+000 +7.3404e+000 -1.2334e+001
115 +4.925483310e+001 +4.925483310e+001 +9.909248331e+002 +9.909248331e+002 +2.2058e+000 +4.9230e-001 +3.6859e+000 +4.6784e+000 -3.2930e+000 -1.7024e+000 -1.6671e+000 -9.4223e+000 +7.5065e+000 -6.8948e+000
140 +2.325947419e+001 +2.325947419e+001 +9.649294742e+002 +9.649294742e+002 +5.1165e+000 +6.4677e-002 +8.8286e+000 +5.5260e+000 -5.4756e+000 -3.1630e+000 -8.5342e+000 -6.5116e+000 +5.5465e+000 -6.7511e+000
207 +1.453130692e+001 +1.453130692e+001 +9.562013069e+002 +9.562013069e+002 -2.1417e+001 +4.2877e-001 +9.3613e-001 +5.4248e+000 -5.6557e+000 -5.3404e+000 -7.3770e+000 -5.2210e+000 +4.9043e+000 -9.5951e+000
249 +1.403960903e+001 +1.403960903e+001 +9.557096090e+002 +9.557096090e+002 +2.7222e-001 -3.9262e+000 +1.2799e+001 +6.3117e+000 -1.2578e+001 -2.9463e+000 -5.2130e+000 -6.7901e+000 +1.3950e+001 -9.1640e+000
250 +8.637489658e+000 +8.637489658e+000 +9.503074897e+002 +9.503074897e+002 -1.8961e+000 -1.2302e+000 +2.2611e+001 +1.7257e+001 -6.2537e+000 -5.4179e+000 -4.8568e+000 -1.1204e+001 +8.1566e+000 -5.3734e+000
261 +6.641051294e+000 +6.641051294e+000 +9.483110513e+002 +9.483110513e+002 -6.6344e+000 +1.4192e-001 +5.8827e+000 +8.8845e+000 -1.0508e+001 -1.7217e+001 -6.4709e+000 -1.0443e+001 +1.0933e+001 -6.5966e+000
295 +4.252507350e+000 +4.252507350e+000 +9.459225074e+002 +9.459225074e+002 -1.1111e+001 -3.4707e+000 +1.3957e+001 +6.3682e+000 -1.2807e+001 -7.0789e+000 -1.0206e+001 -1.0394e+001 +7.9886e+000 -4.7723e+000
314 +2.657262565e+000 +2.657262565e+000 +9.443272626e+002 +9.443272626e+002 -6.5794e+000 -2.9426e+000 +2.4742e+001 +1.9338e+001 -2.4431e+001 -9.1242e+000 -1.5255e+001 -7.8545e+000 +8.1061e+000 -8.3130e+000
324 +2.252956394e+000 +2.252956394e+000 +9.439229564e+002 +9.439229564e+002 -9.1942e+000 -1.3567e+001 +4.2133e+000 +4.5634e+000 -1.2027e+001 -9.1169e+000 -1.8435e+001 -1.0155e+001 +1.3107e+001 -9.8545e+000
353 +1.732343458e-001 +1.732343458e-001 +9.418432343e+002 +9.418432343e+002 -1.4784e+001 -4.8659e+000 +2.8734e+001 +1.5797e+001 -1.5505e+001 -8.6947e+000 -7.5933e+000 -5.5926e+000 +9.6167e+000 -7.8554e+000
411 +0.000000000e+000 +0.000000000e+000 +9.416700000e+002 +9.416700000e+002 -9.8137e+000 -5.3815e+000 +1.9970e+001 +2.6081e+001 -1.8875e+001 -3.5495e+001 -1.2849e+001 -1.1950e+001 +8.5423e+000 -1.0397e+001
555087 +1.#INF00000e+000 +0.000000000e+000 +1.#INF00000e+000 +9.416700000e+002 -1.0743e+292 -2.3880e+296 +3.3701e+307 +3.1855e+304 -1.2351e+300 -9.5346e+304 +4.3162e+307 -1.9038e+293 +5.6762e+301 -1.9995e+292
% function evaluation | noise-free fitness - Fopt (-3.745000000000e+001) | best noise-free fitness - Fopt | measured fitness | best measured fitness | x1 | x2...
1 +2.691329562e+002 +2.691329562e+002 +2.316829562e+002 +2.316829562e+002 +3.5720e-002 +6.1522e+000 +3.7028e+000 +5.7967e+000 +2.8696e-001 +4.0081e+000 -1.4558e+000 -3.1903e-001 -1.6017e-002 -7.3604e+000
2 +1.267595429e+002 +1.267595429e+002 +8.930954292e+001 +8.930954292e+001 -2.7466e+000 +5.0937e-001 +1.6623e+000 +4.3764e+000 -2.0747e+000 +8.3457e+000 +4.3154e+000 -9.0302e-002 +3.5151e+000 +1.4803e+000
42 +1.235390754e+002 +1.235390754e+002 +8.608907536e+001 +8.608907536e+001 -1.8249e+000 +3.1571e+000 +4.1170e+000 -3.0589e-001 -1.9733e+000 +7.2738e+000 -1.8672e+000 -3.3309e+000 +8.5242e-001 +2.9668e+000
62 +9.946796818e+001 +9.946796818e+001 +6.201796818e+001 +6.201796818e+001 +9.1055e-001 +2.1761e+000 +1.8004e+001 +5.1441e+000 -1.4467e-001 +3.3777e+000 -3.0042e+000 -2.7674e+000 +1.7038e+001 +5.2592e+000
67 +5.644861082e+001 +5.644861082e+001 +1.899861082e+001 +1.899861082e+001 +7.3928e-001 +9.3837e+000 +1.0838e+001 +2.3111e+000 -3.8854e+000 +4.4942e+000 +4.6374e+000 -5.8838e+000 +1.1468e+000 +7.4952e+000
111 +5.495299810e+001 +5.495299810e+001 +1.750299810e+001 +1.750299810e+001 +9.2173e-001 -4.6864e-001 +6.0317e+000 +1.5699e+000 -2.8735e-001 +7.1239e+000 +5.6997e+000 -2.2403e+000 +1.8927e+001 +2.9287e+001
114 +3.972888853e+001 +3.972888853e+001 +2.278888531e+000 +2.278888531e+000 -2.4572e+000 +3.9190e+000 +4.5377e+000 +2.5310e+000 -2.7600e+000 +5.2438e+000 +3.3526e+000 -6.4917e+000 +6.0600e+000 +1.2598e+001
152 +3.526790440e+001 +3.526790440e+001 -2.182095604e+000 -2.182095604e+000 +3.6632e+000 +3.6403e+000 +7.7224e+000 +4.5822e+000 -5.6610e+000 +6.5727e+000 +2.8674e+000 -9.6486e+000 +4.7892e+000 +8.9129e+000
156 +2.020307971e+001 +2.020307971e+001 -1.724692029e+001 -1.724692029e+001 +1.1464e+001 +5.5430e+000 +7.4072e+000 -9.9213e-001 -2.8288e+000 +6.3052e+000 +1.6698e+001 -4.0780e+000 +7.6118e+000 +1.3667e+001
199 +1.792579396e+001 +1.792579396e+001 -1.952420604e+001 -1.952420604e+001 +2.8694e+000 +4.2595e+000 +7.8214e+000 +1.8875e+000 -6.1716e+000 +5.9175e+000 +8.3098e+000 -8.2779e+000 +7.2310e+000 +6.3273e+000
218 +1.776127833e+001 +1.776127833e+001 -1.968872167e+001 -1.968872167e+001 +7.9641e+000 +6.1408e+000 -3.6697e-001 -9.1139e-001 -5.2996e+000 +5.8534e+000 +8.0757e+000 -6.3154e+000 +6.2039e+000 +1.3263e+001
246 +9.521760427e+000 +9.521760427e+000 -2.792823957e+001 -2.792823957e+001 +9.5590e+000 +1.3254e+001 +9.8395e+000 -7.9479e-001 -4.8340e+000 +6.2196e+000 +6.5004e+000 -1.2194e+001 +8.0598e+000 +1.8691e+001
351 +0.000000000e+000 +0.000000000e+000 -3.745000000e+001 -3.745000000e+001 +1.4261e+001 +6.2152e+000 +4.9094e+001 -6.3978e+000 -4.2129e+001 +6.0939e+000 +1.0010e+001 -1.3381e+001 +9.5390e+000 +2.3727e+001
556144 +1.#INF00000e+000 +0.000000000e+000 +1.#INF00000e+000 -3.745000000e+001 +7.3629e+296 +1.2194e+297 +5.3584e+295 +1.2640e+308 -1.5580e+291 +4.4496e+294 +5.7779e+293 -3.2062e+279 +1.1590e+297 +1.9382e+298
% function evaluation | noise-free fitness - Fopt (3.680300000000e+002) | best noise-free fitness - Fopt | measured fitness | best measured fitness | x1 | x2...
1 +1.711399413e+002 +1.711399413e+002 +5.391699413e+002 +5.391699413e+002 -1.8326e+000 +7.2369e+000 +6.7103e+000 -1.4524e+000 +9.0881e-002 -2.4706e-001 -4.9380e+000 +7.8373e-001 -1.0352e+001 +8.1259e-001
3 +1.475711181e+002 +1.475711181e+002 +5.156011181e+002 +5.156011181e+002 -3.3609e+000 +6.8814e+000 +6.8849e+000 +1.9409e+000 -2.9094e+000 +4.2969e+000 +1.1612e+000 +6.3774e+000 +1.9177e+000 +4.4975e+000
5 +1.440012809e+002 +1.440012809e+002 +5.120312809e+002 +5.120312809e+002 -4.2576e+000 +4.2148e+000 +2.7128e+000 +8.3013e+000 -2.7706e+000 +1.9894e+000 -3.3060e+000 +8.1818e+000 -1.2532e+000 +1.3212e+001
8 +1.002837514e+002 +1.002837514e+002 +4.683137514e+002 +4.683137514e+002 -6.8566e+000 +6.4821e+000 +5.1984e+000 -7.8020e-002 -4.1561e+000 +2.2622e+000 +3.3568e+000 +6.5830e-001 -4.4362e+000 +4.1617e+000
12 +9.677027410e+001 +9.677027410e+001 +4.648002741e+002 +4.648002741e+002 -5.1322e+000 +5.1704e+000 +4.9126e+000 -1.6806e-001 -3.5502e+000 +2.0730e+000 +2.3433e+000 +2.5947e+000 -4.8546e+000 +3.4251e+000
59 +6.628152205e+001 +6.628152205e+001 +4.343115221e+002 +4.343115221e+002 -8.7887e-001 +4.1760e+000 +1.4675e+001 +5.9271e-001 -5.9626e+000 -2.9767e-002 +7.0966e+000 +4.2007e+000 -4.4511e+000 +3.8644e+000
68 +5.413746901e+001 +5.413746901e+001 +4.221674690e+002 +4.221674690e+002 -3.2078e+000 -2.3336e-001 -8.2009e-001 -1.0152e+000 -4.2333e+000 +1.4305e+000 +5.4460e+000 +4.5577e+000 -9.4829e+000 +6.2527e+000
77 +4.406266582e+001 +4.406266582e+001 +4.120926658e+002 +4.120926658e+002 -1.1377e+000 +3.3591e+000 +2.3757e+000 -2.8413e+000 -8.4138e+000 -5.9701e+000 +6.6408e+000 +5.6267e+000 -2.3683e+000 +6.7425e+000
132 +3.427852658e+001 +3.427852658e+001 +4.023085266e+002 +4.023085266e+002 +4.5560e+000 -3.2784e+000 +2.9856e+001 -3.6423e+000 -7.3160e+000 -5.4957e-001 +4.2287e+000 +1.0157e+001 -8.4048e+000 +1.7383e+001
156 +3.320144963e+001 +3.320144963e+001 +4.012314496e+002 +4.012314496e+002 +5.8867e+000 +3.1265e+000 +1.0560e+001 -3.1772e+000 -8.0200e+000 -2.8041e+000 +6.0508e+000 +1.4830e+001 -6.6158e+000 +1.1349e+001
157 +2.054613961e+001 +2.054613961e+001 +3.885761396e+002 +3.885761396e+002 -4.7399e+000 +5.8563e+000 +1.7145e+001 -4.6109e+000 -1.1474e+001 -3.4901e+000 +1.2370e+001 +6.6667e+000 -6.4516e+000 +2.4241e+001
160 +1.966894678e+001 +1.966894678e+001 +3.876989468e+002 +3.876989468e+002 -1.4955e+001 +3.6767e+000 +1.6938e+001 -1.2079e+001 -5.1881e+000 -2.6203e+001 +1.0744e+001 +1.0675e+001 -3.9070e+000 +2.0220e+001
181 +1.947241882e+001 +1.947241882e+001 +3.875024188e+002 +3.875024188e+002 -9.4134e+000 +3.3797e+000 +1.3315e+001 -1.6021e+001 -1.7122e+001 -2.5932e+000 +6.9889e+000 +6.9189e+000 -1.5237e+001 +4.5991e+001
203 +1.228383448e+001 +1.228383448e+001 +3.803138345e+002 +3.803138345e+002 -6.4147e+000 +5.3814e-001 +9.2546e+000 -1.1949e+001 -7.7197e+000 -3.8700e+000 +4.7695e+000 +1.1051e+001 -1.2043e+001 +1.8123e+001
204 +9.189513424e+000 +9.189513424e+000 +3.772195134e+002 +3.772195134e+002 -3.5655e+000 +5.2899e-002 +4.2632e+000 -9.0127e+000 -6.4478e+000 -1.0691e+001 +2.0039e+001 +1.6322e+001 -9.2712e+000 +3.5473e+001
218 +0.000000000e+000 +0.000000000e+000 +3.680300000e+002 +3.680300000e+002 -6.8069e+000 -5.9795e+000 +2.2620e+001 -1.1182e+001 -1.1502e+001 -7.5206e+000 +8.6583e+000 +1.3071e+001 -8.6478e+000 +6.4778e+000
563242 +1.#INF00000e+000 +0.000000000e+000 +1.#INF00000e+000 +3.680300000e+002 -5.4447e+289 -1.5707e+295 +1.4924e+297 -4.8434e+305 -2.3671e+293 +6.2580e+307 +1.8888e+296 +1.6649e+306 -1.4886e+304 -4.5809e+294
% function evaluation | noise-free fitness - Fopt (1.426000000000e+001) | best noise-free fitness - Fopt | measured fitness | best measured fitness | x1 | x2...
1 +2.169695682e+002 +2.169695682e+002 +2.312295682e+002 +2.312295682e+002 -3.2728e+000 -4.0539e+000 -1.5696e+000 +4.6741e-001 +3.3226e+000 -7.9656e-001 -5.9413e+000 -5.1295e+000 -1.9244e+000 -2.8337e+000
2 +1.885702199e+002 +1.885702199e+002 +2.028302199e+002 +2.028302199e+002 -3.4313e+000 +9.2625e-001 -2.1596e+000 +1.4247e+000 +4.6555e+000 +9.3277e+000 -8.2201e+000 -7.8771e-002 +2.6294e+000 -2.8067e+000
5 +1.412018503e+002 +1.412018503e+002 +1.554618503e+002 +1.554618503e+002 -1.3973e+000 +1.2590e+000 +1.9956e-001 -5.5522e+000 +1.8928e+000 +4.6761e+000 -3.9471e+000 +2.5995e+000 +1.9541e+000 -2.4849e+000
7 +1.218112570e+002 +1.218112570e+002 +1.360712570e+002 +1.360712570e+002 -1.3208e-001 -2.2821e+000 +2.4172e+000 -6.6524e+000 +2.2303e+000 +8.9495e-001 -1.9840e+000 +3.9775e-001 +2.4075e+000 -5.1535e+000
16 +1.083245746e+002 +1.083245746e+002 +1.225845746e+002 +1.225845746e+002 -5.1117e+000 +2.1059e+000 -1.8157e+000 -4.9770e+000 +2.5173e+000 -3.0922e+000 -2.9780e+000 +2.2879e+001 -2.9592e-002 -4.3044e+000
21 +7.770144407e+001 +7.770144407e+001 +9.196144407e+001 +9.196144407e+001 -2.4440e+000 +6.8078e-001 +1.4074e+000 -3.5927e+000 +2.9562e+000 -7.6435e-001 -3.5879e+000 +5.1542e+000 +3.4838e+000 -5.3649e+000
88 +7.391383746e+001 +7.391383746e+001 +8.817383746e+001 +8.817383746e+001 +2.6399e+000 -1.4500e+000 -4.6793e-001 -7.1873e+000 -4.7532e+000 +1.6906e+000 -3.6618e+000 +6.4371e+000 +4.5478e+000 -3.0341e+000
90 +7.197343207e+001 +7.197343207e+001 +8.623343207e+001 +8.623343207e+001 -5.3018e-001 +9.0733e-001 -2.3908e+000 -6.8401e+000 -3.1036e+000 +1.3516e-001 -1.8959e+000 +4.0293e+000 +4.4697e+000 -4.9237e+000
107 +6.983557294e+001 +6.983557294e+001 +8.409557294e+001 +8.409557294e+001 -1.0291e+000 +2.8992e+000 -9.4708e-002 -8.7722e+000 +8.7920e+000 -1.3149e+000 -4.7902e+000 +9.1777e+000 +1.0869e+001 -6.8652e+000
108 +6.227017076e+001 +6.227017076e+001 +7.653017076e+001 +7.653017076e+001 +6.7611e-002 -2.5051e+000 -5.0040e-001 -5.4394e+000 +1.5515e+000 -4.1129e-001 -4.5618e+000 +4.7140e+000 +6.4810e+000 -5.4691e+000
112 +3.730603351e+001 +3.730603351e+001 +5.156603351e+001 +5.156603351e+001 +2.7505e+000 +3.4247e+000 +5.0079e+000 -5.5620e+000 -4.6778e+000 +1.0639e+000 -3.1396e+000 +4.7168e+000 +5.1519e+000 -6.4009e+000
156 +2.733516581e+001 +2.733516581e+001 +4.159516581e+001 +4.159516581e+001 -6.8081e+000 +1.8055e+001 +1.5280e+000 -9.4012e+000 -1.8956e+000 -5.5708e+000 -4.7636e+000 +1.0790e+001 +1.6903e+001 -8.8346e+000
180 +2.269005625e+001 +2.269005625e+001 +3.695005625e+001 +3.695005625e+001 +3.1052e+000 +3.8117e+000 +2.0353e+000 -4.1916e+000 -9.9875e+000 -1.8338e+000 -4.7426e+000 +5.7563e+000 +7.0301e+000 -5.7857e+000
201 +8.794162110e+000 +8.794162110e+000 +2.305416211e+001 +2.305416211e+001 +3.0344e+000 +1.5985e+001 +5.3202e+000 -1.4414e+001 -1.9014e+001 -3.0999e+000 -9.5674e+000 +1.2997e+001 +1.1005e+001 -7.2447e+000
276 +5.535444777e+000 +5.535444777e+000 +1.979544478e+001 +1.979544478e+001 +1.6201e+000 +5.1741e+000 +3.7216e+000 -1.0491e+001 -4.9917e+000 -6.6801e+000 -6.1994e+000 +9.0705e+000 +7.7017e+000 -7.9987e+000
323 +3.672157955e+000 +3.672157955e+000 +1.793215795e+001 +1.793215795e+001 +1.3655e+000 +1.5889e+001 +4.9774e+000 -1.2388e+001 -7.7075e+000 -7.6499e+000 -6.4058e+000 +8.1449e+000 +1.2139e+001 -8.3856e+000
362 +2.685729931e+000 +2.685729931e+000 +1.694572993e+001 +1.694572993e+001 +2.3143e+000 +1.2409e+001 +1.0771e+001 -6.2869e+000 -1.5604e+001 -8.2675e+000 -6.0417e+000 +8.3430e+000 +9.7167e+000 -8.3752e+000
407 +2.207154534e+000 +2.207154534e+000 +1.646715453e+001 +1.646715453e+001 +3.6764e+000 +1.6043e+001 +4.4703e+000 -1.5099e+001 -6.4172e+000 -7.5045e+000 -6.6152e+000 +6.0694e+000 +1.2451e+001 -9.6382e+000
422 +1.002960998e+000 +1.002960998e+000 +1.526296100e+001 +1.526296100e+001 +3.9970e+000 +1.2860e+001 +5.9272e+000 -1.0937e+001 -1.3500e+001 -6.3945e+000 -7.0883e+000 +1.5106e+001 +1.3400e+001 -7.0077e+000
445 +3.027972516e-002 +3.027972516e-002 +1.429027973e+001 +1.429027973e+001 +4.9697e+000 +1.2776e+001 +9.7942e+000 -1.0857e+001 -1.6205e+001 -7.9110e+000 -6.1495e+000 +1.1038e+001 +7.4999e+000 -1.2851e+001
482 +0.000000000e+000 +0.000000000e+000 +1.426000000e+001 +1.426000000e+001 +9.8180e+000 +1.2910e+001 +1.3382e+001 -1.2279e+001 -1.5331e+001 -8.6459e+000 -8.8126e+000 +1.0874e+001 +1.0072e+001 -1.2461e+001
564070 +1.#INF00000e+000 +0.000000000e+000 +1.#INF00000e+000 +1.426000000e+001 +9.6674e+307 +2.5811e+296 -3.0543e+304 +6.5405e+290 -1.5349e+307 -5.2859e+304 -1.1608e+298 +7.6055e+295 +1.3129e+307 +2.3296e+307
% function evaluation | noise-free fitness - Fopt (6.240000000000e+001) | best noise-free fitness - Fopt | measured fitness | best measured fitness | x1 | x2...
1 +1.672263746e+002 +1.672263746e+002 +2.296263746e+002 +2.296263746e+002 +2.0534e+000 +1.3388e+000 -1.2152e+000 -3.3422e+000 +1.2687e+000 -2.4085e+000 +7.7870e+000 +1.0839e+000 -4.1970e-001 -6.9309e-001
3 +1.127753141e+002 +1.127753141e+002 +1.751753141e+002 +1.751753141e+002 +6.3408e+000 -6.4363e+000 +1.9525e-001 +5.3490e+000 -2.0361e-001 -9.1429e+000 -2.9834e+000 +3.1086e+000 +1.4356e+000 -8.2048e+000
33 +1.033812128e+002 +1.033812128e+002 +1.657812128e+002 +1.657812128e+002 -8.6718e+000 -5.5496e-001 +2.8001e+000 +1.8395e+000 -4.4869e+000 -1.0241e+001 -1.0728e+000 +4.7039e+000 +3.8105e+000 -2.7887e+000
57 +1.000232936e+002 +1.000232936e+002 +1.624232936e+002 +1.624232936e+002 -1.5666e+000 +3.8137e-001 -1.2004e+000 -1.0790e+000 -2.5309e-002 -5.5785e+000 -1.7301e+000 +3.2053e+000 +6.8077e+000 -3.7783e+000
62 +9.695847098e+001 +9.695847098e+001 +1.593584710e+002 +1.593584710e+002 -2.7895e+000 +8.7774e-001 -3.9327e+000 +6.0328e+000 -3.5220e+000 -3.0124e+000 -3.6517e+000 -1.1291e-001 +8.2348e+000 -7.5847e+000
64 +8.491858696e+001 +8.491858696e+001 +1.473185870e+002 +1.473185870e+002 +1.8395e+000 +1.0705e+001 +8.4339e-001 -2.8771e+000 -6.9494e+000 -4.0253e+000 +9.6356e+000 +8.2920e+000 -1.6563e+000 -7.6892e+000
87 +4.171725876e+001 +4.171725876e+001 +1.041172588e+002 +1.041172588e+002 +2.3594e+000 +3.5172e+000 -9.7919e+000 +4.7653e+000 -1.2173e+000 -5.4798e+000 +4.3749e+000 +7.1620e+000 +1.0221e+001 -2.6771e+000
108 +3.571012287e+001 +3.571012287e+001 +9.811012287e+001 +9.811012287e+001 +3.8934e+000 +3.0207e+000 -7.9547e-001 +1.4420e+000 -5.3518e+000 -8.2002e+000 +1.4075e+000 +2.5479e+001 +4.9105e+000 -7.0648e+000
121 +1.681622079e+001 +1.681622079e+001 +7.921622079e+001 +7.921622079e+001 +7.3453e-001 +3.9212e+000 -2.2220e+000 +3.9510e+000 -3.4678e+000 -3.6566e+001 +9.0146e+000 +3.1352e+001 +5.4698e+000 -6.0341e+000
153 +1.070308899e+001 +1.070308899e+001 +7.310308899e+001 +7.310308899e+001 +5.8720e-001 +6.5735e-001 -6.8068e+000 +8.2313e+000 -6.3340e+000 -1.2863e+001 +4.8532e+000 +1.3286e+001 +9.1748e+000 -9.9070e+000
158 +8.736739650e+000 +8.736739650e+000 +7.113673965e+001 +7.113673965e+001 +1.2980e+001 +7.6510e+000 -3.6717e+000 +8.5869e+000 -1.2447e+001 -4.5243e+000 +3.9955e+000 +5.6392e+000 +4.9808e+000 -9.3555e+000
207 +6.721613484e+000 +6.721613484e+000 +6.912161348e+001 +6.912161348e+001 +5.6098e+000 +6.5097e-001 -4.3378e+000 +9.0227e+000 -8.3599e+000 -5.8490e+000 +1.2322e+001 +1.0402e+001 +1.1924e+001 -5.3043e+000
239 +1.131584362e+000 +1.131584362e+000 +6.353158436e+001 +6.353158436e+001 +3.8684e+000 +1.2899e+001 -7.2459e+000 +5.1665e+000 -1.0726e+001 -1.0657e+001 +9.9042e+000 +1.4207e+001 +9.3650e+000 -1.5165e+001
262 +5.701658371e-001 +5.701658371e-001 +6.297016584e+001 +6.297016584e+001 +7.9605e+000 +4.5585e+000 -2.0331e+001 +1.1227e+001 -9.0104e+000 -1.6901e+001 +6.8266e+000 +1.7444e+001 +1.4693e+001 -1.0117e+001
271 +0.000000000e+000 +0.000000000e+000 +6.240000000e+001 +6.240000000e+001 +1.0900e+001 +1.1172e+001 -8.5586e+000 +1.0843e+001 -1.0104e+001 -1.2870e+001 +7.1113e+000 +2.0517e+001 +1.0327e+001 -1.1989e+001
551595 +1.#INF00000e+000 +0.000000000e+000 +1.#INF00000e+000 +6.240000000e+001 +6.1521e+291 +7.7162e+297 -7.2418e+302 -7.5494e+295 -1.1771e+286 -1.8992e+295 -4.4928e+307 +9.7306e+288 +4.0285e+292 -1.7028e+279
% function evaluation | noise-free fitness - Fopt (1.145900000000e+002) | best noise-free fitness - Fopt | measured fitness | best measured fitness | x1 | x2...
1 +2.720686637e+002 +2.720686637e+002 +3.866586637e+002 +3.866586637e+002 -1.5214e+000 +9.8536e-001 +1.7485e+000 +1.8876e+000 -9.5437e-002 +6.0272e-001 -5.9637e+000 -2.5908e+000 -2.4144e+000 +3.6376e+000
2 +2.363524399e+002 +2.363524399e+002 +3.509424399e+002 +3.509424399e+002 +1.1987e+000 +1.3017e+000 -4.0395e+000 +9.9510e-001 +1.9351e+000 -1.2574e+000 -2.2871e+000 -3.3252e+000 -1.2880e+000 +3.6486e+000
5 +1.988785933e+002 +1.988785933e+002 +3.134685933e+002 +3.134685933e+002 +1.1522e+000 +1.3234e+000 -2.1067e+000 +3.9512e-001 +4.1508e+000 +1.9954e+000 -4.7112e-001 -9.3740e-001 +3.6947e+000 +9.3533e-001
7 +1.908345543e+002 +1.908345543e+002 +3.054245543e+002 +3.054245543e+002 -1.1298e+000 +8.8102e+000 -2.9802e+000 -7.2081e+000 -7.5732e+000 -2.1897e+000 -1.0507e+000 -9.2775e-001 +1.0828e+001 +2.6860e+000
47 +1.765231246e+002 +1.765231246e+002 +2.911131246e+002 +2.911131246e+002 -6.7139e-001 -3.5192e-001 -2.4045e+000 +5.4104e+000 +4.8885e+000 +3.6657e+000 -2.0324e+000 +2.0786e+000 +1.3673e+000 -8.9836e+000
51 +1.437141045e+002 +1.437141045e+002 +2.583041045e+002 +2.583041045e+002 +8.2385e+000 -3.2843e-001 -2.4874e+000 +2.3759e+000 -1.0750e+001 -6.5529e+000 +1.9190e+000 -8.3290e+000 +5.2311e+000 +5.0297e+000
63 +1.180898265e+002 +1.180898265e+002 +2.326798265e+002 +2.326798265e+002 -1.6133e+000 -2.5766e-001 -1.9085e+000 +1.8309e+000 +3.4668e+000 -1.3408e+000 -6.3335e+000 -3.7859e+000 +9.6296e+000 -6.1159e+000
89 +9.226343707e+001 +9.226343707e+001 +2.068534371e+002 +2.068534371e+002 +7.3522e-001 -1.1615e+000 -1.1154e+001 +1.6906e+000 -1.8079e+000 -2.6584e-001 +1.6339e+000 -5.1695e+000 +5.2994e+000 -1.7079e+000
149 +7.608987978e+001 +7.608987978e+001 +1.906798798e+002 +1.906798798e+002 -2.0012e+000 -2.1647e+000 -2.9694e+000 +5.6470e-001 -9.0671e+000 -2.7718e+000 +3.0061e-001 -5.9485e+000 +1.5560e+000 -9.2602e+000
152 +3.800842860e+001 +3.800842860e+001 +1.525984286e+002 +1.525984286e+002 +7.4215e-001 -2.5911e+000 -9.4970e+000 +3.9604e+000 -1.5244e+000 -1.8712e+000 +3.7074e+000 -1.4336e+001 +1.0365e+001 -6.6823e+000
208 +3.365988460e+001 +3.365988460e+001 +1.482498846e+002 +1.482498846e+002 -6.8512e+000 -1.7755e+000 -8.8516e+000 +5.3106e+000 -6.1279e+000 -4.9624e+000 -1.3255e+000 -1.8638e+001 +1.1134e+001 -8.1580e+000
218 +2.569268730e+001 +2.569268730e+001 +1.402826873e+002 +1.402826873e+002 -2.0783e+000 +2.3859e+000 -1.2150e+001 +2.6442e+000 -9.8982e+000 -2.7564e+000 +4.9799e+000 -1.4333e+001 +1.0769e+001 -6.1377e+000
237 +2.464189396e+001 +2.464189396e+001 +1.392318940e+002 +1.392318940e+002 -4.5443e+000 -9.0532e+000 -1.8641e+001 +7.6811e+000 -7.7593e+000 -5.6643e+000 -2.1076e-001 -1.0431e+001 +1.4371e+001 -7.5159e+000
259 +2.274435297e+001 +2.274435297e+001 +1.373343530e+002 +1.373343530e+002 +2.5389e+000 -5.5942e+000 -1.6182e+001 +1.0378e+001 +4.6456e-001 -7.0017e+000 +9.9943e+000 -2.0866e+001 +1.1611e+001 -7.0780e+000
266 +8.456763641e+000 +8.456763641e+000 +1.230467636e+002 +1.230467636e+002 -1.9622e+000 -4.4238e+000 -9.2562e+000 +1.8102e+001 -1.0812e+001 -8.1731e+000 +3.9928e+000 -8.9154e+000 +1.7510e+001 -6.4540e+000
307 +5.412074544e+000 +5.412074544e+000 +1.200020745e+002 +1.200020745e+002 -5.7617e+000 -2.9711e+001 -5.9787e+000 +3.4754e+000 -3.0445e+001 -7.2784e+000 +4.5417e+000 -1.9382e+001 +1.4366e+001 -9.8908e+000
352 +2.547426065e+000 +2.547426065e+000 +1.171374261e+002 +1.171374261e+002 -2.9949e+000 -1.1857e+001 -1.6973e+001 +4.7483e+000 -1.4318e+001 -6.7378e+000 +6.5437e+000 -1.5651e+001 +3.0914e+001 -1.0977e+001
370 +2.227029999e+000 +2.227029999e+000 +1.168170300e+002 +1.168170300e+002 -2.7730e+000 -1.6354e+001 -1.5186e+001 +9.9734e+000 -1.6425e+001 -6.6477e+000 +6.0406e+000 -2.2907e+001 +1.4266e+001 -1.4738e+001
416 +3.161842270e-001 +3.161842270e-001 +1.149061842e+002 +1.149061842e+002 -4.6838e+000 -1.2633e+001 -1.6563e+001 +8.2504e+000 -2.1294e+001 -6.1137e+000 +6.7447e+000 -1.5083e+001 +1.9449e+001 -1.2352e+001
425 +0.000000000e+000 +0.000000000e+000 +1.145900000e+002 +1.145900000e+002 -5.1737e+000 -1.5202e+001 -2.0120e+001 +8.1751e+000 -2.3102e+001 -9.1820e+000 +5.0658e+000 -5.8414e+000 +3.4692e+001 -1.0600e+001
556215 +1.#INF00000e+000 +0.000000000e+000 +1.#INF00000e+000 +1.145900000e+002 -1.1417e+301 -4.2652e+293 +5.0755e+302 +3.7728e+288 -1.4148e+296 -6.9351e+298 +8.6999e+300 -9.8421e+306 +1.3359e+306 +2.0951e+307
% function evaluation | noise-free fitness - Fopt (-3.698300000000e+002) | best noise-free fitness - Fopt | measured fitness | best measured fitness | x1 | x2...
1 +2.944309054e+002 +2.944309054e+002 -7.539909460e+001 -7.539909460e+001 -2.1174e+000 -6.3224e-001 -6.2015e+000 -1.5827e+000 +1.7342e+000 -2.0182e+000 +2.1213e+000 +6.9991e+000 +6.3252e+000 +6.8912e-001
2 +1.925788227e+002 +1.925788227e+002 -1.772511773e+002 -1.772511773e+002 -5.8587e+000 -3.6805e+000 -1.1509e+001 +8.8826e-001 -1.6935e+001 -8.5253e-001 -7.1432e+000 -1.1926e+000 +2.8362e+000 +4.3056e+000
9 +1.797404089e+002 +1.797404089e+002 -1.900895911e+002 -1.900895911e+002 -1.5275e+000 -3.0087e+000 -1.8766e+000 +1.1419e+001 -1.6477e+000 -2.1133e+000 -3.9284e+000 +1.4954e+000 -2.1509e+000 -6.7992e-002
12 +1.038956770e+002 +1.038956770e+002 -2.659343230e+002 -2.659343230e+002 -1.2862e+001 -2.5709e+000 -3.5147e+000 +3.2417e-001 +1.6503e+001 +1.6249e+001 -5.9867e+000 +6.1042e+000 -3.3594e+001 +3.5002e+000
59 +9.002818368e+001 +9.002818368e+001 -2.798018163e+002 -2.798018163e+002 -8.4110e-001 -1.2744e+001 -4.0433e+000 +1.0558e+000 -2.9460e+000 +6.3131e-001 -6.7761e+000 -5.0909e+000 -4.4640e+000 +3.9102e+000
74 +5.161800472e+001 +5.161800472e+001 -3.182119953e+002 -3.182119953e+002 -1.9789e+000 +8.0703e+000 -2.7486e+000 -1.0089e-001 +3.0388e+000 +3.8295e+000 -5.4702e+000 -5.3056e+000 -1.8760e+000 +5.1901e+000
105 +3.404651706e+001 +3.404651706e+001 -3.357834829e+002 -3.357834829e+002 -4.8282e+000 -6.1303e+000 -8.9626e+000 +4.9225e+000 +3.3718e+000 +1.7232e+000 -4.3481e+000 -8.4912e+000 -5.2175e+000 +9.2734e+000
131 +2.467103175e+001 +2.467103175e+001 -3.451589682e+002 -3.451589682e+002 -4.2725e+000 +8.8880e+000 -1.2194e+000 +3.6981e+000 +2.5153e+001 +3.2328e+000 -3.1728e+000 -8.7848e+000 -1.3386e+001 +5.5941e+000
163 +2.377563763e+001 +2.377563763e+001 -3.460543624e+002 -3.460543624e+002 -1.4162e+000 -3.6621e+000 -6.0895e+000 +4.5003e+000 +7.3003e+000 +2.7941e+000 -6.2968e+000 -6.0794e+000 -6.5248e+000 +7.1688e+000
169 +1.539690930e+001 +1.539690930e+001 -3.544330907e+002 -3.544330907e+002 -6.8197e-001 +3.9921e+000 -5.4130e+000 +4.6188e-001 +7.7540e+000 +9.4896e+000 -8.2761e+000 -7.7177e+000 -6.8068e+000 +1.1015e+001
187 +4.190418987e+000 +4.190418987e+000 -3.656395810e+002 -3.656395810e+002 -5.3567e+000 +3.3647e+000 -8.5397e+000 +9.6560e+000 +5.8744e+000 +1.1070e+001 -4.5522e+000 -1.1274e+001 -8.1482e+000 +5.8136e+000
202 +0.000000000e+000 +0.000000000e+000 -3.698300000e+002 -3.698300000e+002 -5.0557e+000 +1.0277e+001 -9.4225e+000 +1.8666e+001 +8.6163e+000 +6.7705e+000 -6.3243e+000 -7.7824e+000 -5.8798e+000 +1.5480e+001
558095 +1.#INF00000e+000 +0.000000000e+000 +1.#INF00000e+000 -3.698300000e+002 -1.9241e+305 +5.7710e+297 +1.3770e+296 +8.5561e+300 +5.1107e+287 +1.8772e+301 +9.3980e+307 -3.6665e+298 -2.0959e+295 +1.5897e+295
% function evaluation | noise-free fitness - Fopt (1.531800000000e+002) | best noise-free fitness - Fopt | measured fitness | best measured fitness | x1 | x2...
1 +2.004305230e+002 +2.004305230e+002 +3.536105230e+002 +3.536105230e+002 -3.8645e+000 -5.6121e+000 +9.7665e+000 -1.5259e+000 +1.6814e+000 -8.7458e+000 +1.0519e+000 +7.2879e+000 +1.0145e+000 +2.3435e+000
19 +1.958966950e+002 +1.958966950e+002 +3.490766950e+002 +3.490766950e+002 +7.5833e+000 -3.7835e+000 +6.6633e+000 -3.4827e+000 +5.9465e-001 -2.4386e+000 +4.8805e+000 -2.2061e+000 +3.0154e+000 +2.6514e+000
23 +1.796244916e+002 +1.796244916e+002 +3.328044916e+002 +3.328044916e+002 -5.4228e+000 -5.3215e+000 -1.5797e+000 -5.7849e+000 -1.5169e-001 -2.2752e+000 +4.5561e+000 -4.2438e-001 +1.7703e+000 +1.3139e+000
42 +1.535668550e+002 +1.535668550e+002 +3.067468550e+002 +3.067468550e+002 -4.9425e+000 -1.8002e+000 -1.1043e+001 -3.8401e+000 +1.1175e+000 -6.7983e+000 +4.5258e+000 +4.1655e+000 +3.0077e+000 +4.1635e+000
66 +1.265025611e+002 +1.265025611e+002 +2.796825611e+002 +2.796825611e+002 -4.8003e-001 +8.0663e-001 +4.9085e+000 -9.4729e-001 +4.0454e+000 -3.4724e+000 +6.5725e+000 +7.2504e+000 -3.7862e+000 +2.6752e+000
95 +8.857408574e+001 +8.857408574e+001 +2.417540857e+002 +2.417540857e+002 +4.8496e+000 -8.1525e+000 +4.5013e+000 -2.6690e+001 -6.1013e+000 +5.4439e+000 +1.3704e+001 +4.0343e+000 -1.0472e+000 +1.3820e+000
112 +8.693042408e+001 +8.693042408e+001 +2.401104241e+002 +2.401104241e+002 -4.1273e+000 -7.4656e+000 -3.9782e-001 -2.2492e+001 +1.6164e+000 -3.6741e+000 +4.2703e+000 +4.1972e+000 -3.4058e+000 +6.2276e+000
161 +3.962571562e+001 +3.962571562e+001 +1.928057156e+002 +1.928057156e+002 +1.6167e+001 -3.6495e+000 +5.3530e+000 -8.7925e+000 -7.5264e+000 +6.1174e+000 +4.2603e+000 +7.3938e+000 -1.0021e+001 +3.2822e+000
254 +2.872242404e+001 +2.872242404e+001 +1.819024240e+002 +1.819024240e+002 -2.6720e+000 -6.4618e+000 -2.2080e+000 -8.6818e+000 -1.8952e+000 +2.8424e+000 +9.2174e+000 +9.0996e+000 -6.9003e+000 +7.2002e+000
257 +2.262404791e+001 +2.262404791e+001 +1.758040479e+002 +1.758040479e+002 +8.0470e+000 -5.0569e+000 -8.6325e-001 -1.5043e+001 -3.9932e+000 +9.1075e+000 +5.8762e+000 +4.4047e+000 -3.7919e+000 +8.2397e+000
313 +1.884471201e+001 +1.884471201e+001 +1.720247120e+002 +1.720247120e+002 +4.9414e-001 -6.5451e+000 +1.6577e+000 -5.8355e+000 -3.8381e+000 +7.3844e+000 +9.3775e+000 +6.5645e+000 -5.5959e+000 +9.7808e+000
317 +4.494221793e+000 +4.494221793e+000 +1.576742218e+002 +1.576742218e+002 +1.0441e+001 -2.8385e+000 -7.8029e+000 -8.9179e+000 -5.7607e+000 +5.8359e+000 +6.5798e+000 +1.5013e+001 -4.7801e+000 +7.1203e+000
319 +4.298968760e+000 +4.298968760e+000 +1.574789688e+002 +1.574789688e+002 +1.2657e+001 -4.0867e+000 -7.3578e+000 -1.1941e+001 -3.8789e+000 +1.5913e+001 +1.4014e+001 +1.3032e+001 -5.8758e+000 +1.0877e+001
378 +9.895401378e-001 +9.895401378e-001 +1.541695401e+002 +1.541695401e+002 +9.1160e+000 -8.9158e+000 -1.5832e+001 -8.3117e+000 -5.1705e+000 +4.7247e+000 +1.1064e+001 +2.1766e+001 -1.8092e+001 +7.5129e+000
382 +3.841539608e-001 +3.841539608e-001 +1.535641540e+002 +1.535641540e+002 +5.9078e+000 -1.2286e+001 -6.4214e+000 -2.5215e+001 -4.8619e+000 +8.1627e+000 +2.7321e+001 +6.9873e+000 -5.2813e+000 +7.2375e+000
406 +0.000000000e+000 +0.000000000e+000 +1.531800000e+002 +1.531800000e+002 +5.4766e+000 -8.6717e+000 -1.0773e+001 -1.9277e+001 -7.2076e+000 +1.6917e+001 +1.1038e+001 +9.5040e+000 -8.9685e+000 +1.2646e+001
555316 +1.#INF00000e+000 +0.000000000e+000 +1.#INF00000e+000 +1.531800000e+002 +3.2280e+295 -4.7084e+286 -7.5000e+296 -3.5697e+292 -1.0651e+299 +1.1312e+297 +6.5187e+293 +2.8141e+289 +2.4714e+307 +1.7550e+283
% function evaluation | noise-free fitness - Fopt (-7.088000000000e+002) | best noise-free fitness - Fopt | measured fitness | best measured fitness | x1 | x2...
1 +1.620326139e+002 +1.620326139e+002 -5.467673861e+002 -5.467673861e+002 +6.0957e-001 -1.3234e+000 +5.5658e+000 +3.3590e+000 +2.2992e+000 +3.7524e+000 -2.6543e+000 -6.1881e-001 -8.5130e+000 +2.4348e+000
12 +1.557106853e+002 +1.557106853e+002 -5.530893147e+002 -5.530893147e+002 +5.2779e+000 +1.6984e+000 +2.2324e+000 -8.7664e-001 +8.5952e+000 +1.6209e+000 -3.0334e+000 -3.4787e+000 -4.3695e+000 +6.0704e-001
25 +1.360623421e+002 +1.360623421e+002 -5.727376579e+002 -5.727376579e+002 -8.5879e-001 -2.6839e+000 +4.6750e+000 +9.0422e+000 +6.0232e+000 +3.5705e+000 +2.2286e+000 -5.6816e-001 -4.7526e+000 +3.1903e+000
51 +1.083435108e+002 +1.083435108e+002 -6.004564892e+002 -6.004564892e+002 +6.3341e-002 -4.8347e+000 +3.6955e+000 +5.8209e+000 -1.3205e-001 +1.0033e+001 +2.9680e+000 -2.6004e+000 -6.1551e+000 +1.2793e+000
53 +8.318611605e+001 +8.318611605e+001 -6.256138840e+002 -6.256138840e+002 -2.9186e+000 -1.8480e+000 +5.1309e+000 +5.4137e+000 +6.7103e+000 +3.9268e+000 +9.3890e-001 +1.0658e+000 -4.6046e+000 -3.5098e+000
101 +7.862621098e+001 +7.862621098e+001 -6.301737890e+002 -6.301737890e+002 -3.4817e+000 -4.1344e+000 +3.8647e+000 -5.3076e+000 +8.1933e+000 +5.3468e+000 -1.4107e+000 -7.7817e+000 -7.7181e+000 -2.7867e+000
117 +4.422114722e+001 +4.422114722e+001 -6.645788528e+002 -6.645788528e+002 -7.3636e+000 +8.2298e+000 +1.0396e+001 -8.7432e-001 +1.1517e+001 +1.6053e+001 +7.1079e+000 -5.9677e+000 -3.1300e+000 -5.9282e+000
119 +3.850212742e+001 +3.850212742e+001 -6.702978726e+002 -6.702978726e+002 +8.5121e-001 -4.4763e+000 +6.0169e+000 +3.4953e+000 +7.1224e+000 +1.0301e+001 +9.7501e+000 -1.1188e+001 -5.0693e+000 -2.1267e+000
151 +1.131498419e+001 +1.131498419e+001 -6.974850158e+002 -6.974850158e+002 -1.7405e+001 -2.6973e+000 +4.1029e+000 +4.5229e+000 +4.8346e+000 +7.4498e+000 +4.5488e+000 -4.4559e+000 -8.0909e+000 -9.4273e+000
181 +8.775837142e+000 +8.775837142e+000 -7.000241629e+002 -7.000241629e+002 -7.1271e+000 -1.1784e+000 +2.1360e+001 +1.1091e+001 +9.2726e+000 +5.0342e+000 +1.5549e+001 -5.1821e+000 -9.1108e+000 -4.6160e+000
205 +4.492962968e+000 +4.492962968e+000 -7.043070370e+002 -7.043070370e+002 -9.0007e+000 -1.5213e+000 +5.3826e+000 +3.2359e+001 +6.8878e+000 +1.0022e+001 +2.5603e+001 -6.8759e+000 -7.7204e+000 -5.5924e+000
209 +2.742670346e+000 +2.742670346e+000 -7.060573297e+002 -7.060573297e+002 -6.3727e+000 -2.8764e+000 +1.3385e+001 +9.7702e+000 +9.9372e+000 +6.4134e+000 +1.4924e+001 -1.0146e+001 -7.8159e+000 -7.1221e+000
238 +9.887465890e-001 +9.887465890e-001 -7.078112534e+002 -7.078112534e+002 -4.1137e+000 -4.9207e+000 +6.3230e+000 +6.8208e+000 +1.1226e+001 +8.7575e+000 +7.3900e+000 -6.7510e+000 -7.0796e+000 -5.8797e+000
288 +0.000000000e+000 +0.000000000e+000 -7.088000000e+002 -7.088000000e+002 -5.7406e+000 -5.1914e+000 +8.3926e+000 +1.5865e+001 +1.2472e+001 +1.4324e+001 +1.3112e+001 -7.0100e+000 -1.0183e+001 -8.4021e+000
557053 +1.#INF00000e+000 +0.000000000e+000 +1.#INF00000e+000 -7.088000000e+002 +1.3227e+307 -1.4069e+293 +1.8433e+295 +1.4478e+286 +2.7428e+297 +1.8645e+286 -4.4701e+307 -3.0403e+300 -6.9023e+301 -1.8556e+291
% function evaluation | noise-free fitness - Fopt (8.793000000000e+001) | best noise-free fitness - Fopt | measured fitness | best measured fitness | x1 | x2...
1 +1.812420295e+002 +1.812420295e+002 +2.691720295e+002 +2.691720295e+002 -3.6153e-001 -2.0129e-001 +4.6201e+000 -5.4421e+000 -2.1278e+000 -1.0779e+000 +1.9280e+000 -3.3784e+000 -3.7811e+000 -5.5245e-001
2 +1.472314981e+002 +1.472314981e+002 +2.351614981e+002 +2.351614981e+002 +5.1169e-001 +3.5978e+000 +4.3138e+000 -5.1344e+000 -8.0548e-001 -4.3441e+000 -1.0954e-001 -6.2648e+000 -5.1270e+000 +1.9889e+000
6 +1.429351998e+002 +1.429351998e+002 +2.308651998e+002 +2.308651998e+002 +4.9316e+000 +1.7386e+000 -2.0400e+000 -1.2599e+000 -4.7209e-002 +4.3843e-001 -1.2697e+000 -5.5692e+000 -1.2281e+000 +1.8513e+000
7 +1.102898209e+002 +1.102898209e+002 +1.982198209e+002 +1.982198209e+002 +2.1124e+000 +1.0829e+000 +2.6454e+000 -1.6686e+000 -4.3641e+000 -2.2294e-001 -1.5487e+000 -5.2653e+000 -7.6763e+000 +5.0700e+000
42 +1.073245880e+002 +1.073245880e+002 +1.952545880e+002 +1.952545880e+002 -1.0185e+000 +1.8135e+000 -1.8319e+000 -1.3590e+000 -1.4871e-001 -5.7719e+000 -4.2207e-001 -6.0761e+000 -6.3890e+000 +1.5885e+001
65 +9.957151631e+001 +9.957151631e+001 +1.875015163e+002 +1.875015163e+002 +4.2240e+000 +2.2382e+000 +3.0413e-001 -1.1762e+000 +9.5509e+000 -4.5461e+000 +8.6662e+000 -2.6797e+000 -7.9417e+000 +2.5142e+000
70 +8.888272469e+001 +8.888272469e+001 +1.768127247e+002 +1.768127247e+002 -2.6645e+000 +7.4938e-001 -1.6415e+000 +4.5316e+000 -5.1404e-001 -2.1933e+000 +5.3079e-001 -1.0746e+001 -5.2333e+000 +4.2822e+000
77 +7.997531089e+001 +7.997531089e+001 +1.679053109e+002 +1.679053109e+002 +5.1130e+000 +7.3041e+000 +4.2100e+000 +4.5114e+000 -4.6917e+000 +2.8450e+001 +4.8170e+000 -3.3834e+000 -7.0919e+000 +2.3949e+000
103 +7.707880645e+001 +7.707880645e+001 +1.650088065e+002 +1.650088065e+002 +4.2511e-001 +2.1643e+000 +2.2199e+000 +2.4540e+000 -2.9615e+000 +8.4188e+000 -8.5201e-001 -9.7295e+000 -7.7978e+000 +4.8003e+000
104 +7.383322926e+001 +7.383322926e+001 +1.617632293e+002 +1.617632293e+002 +7.1544e+000 +1.7184e+000 +5.3979e-001 -3.7224e+000 +1.2404e+000 +5.2199e+000 -2.5445e-001 -6.2797e+000 -6.9721e+000 +4.3288e+000
110 +4.298174969e+001 +4.298174969e+001 +1.309117497e+002 +1.309117497e+002 +2.6634e+000 +3.0754e+000 +2.0679e+000 +6.8239e+000 +2.9300e+000 +3.3432e+000 +2.8037e+000 -7.2612e+000 -4.4239e+000 +9.9082e+000
118 +3.989381271e+001 +3.989381271e+001 +1.278238127e+002 +1.278238127e+002 +5.1301e+000 +8.7888e-001 +1.4828e+000 +9.4877e-001 +5.9678e+000 +7.6762e+000 +1.7621e+000 -8.2348e+000 -8.4088e+000 +7.8349e+000
151 +3.043092583e+001 +3.043092583e+001 +1.183609258e+002 +1.183609258e+002 +2.7932e+000 +3.9916e+000 -7.3996e+000 -2.1803e+000 +8.8425e-001 +6.2798e+000 +5.2874e+000 -6.4398e+000 -7.3710e+000 +6.5880e+000
176 +2.624436476e+001 +2.624436476e+001 +1.141743648e+002 +1.141743648e+002 +9.3947e+000 +5.2169e+000 -3.5362e-001 +7.8043e-002 +9.9809e+000 +1.1458e+001 +3.3002e+000 -6.2644e+000 -9.5537e+000 +8.6331e+000
224 +2.403344827e+001 +2.403344827e+001 +1.119634483e+002 +1.119634483e+002 +7.7602e+000 +1.9345e+000 +1.0630e-001 +5.9332e-001 +4.2588e+000 +1.2204e+001 +6.8964e+000 -1.1629e+001 -1.1788e+001 +8.4881e+000
225 +2.284418333e+001 +2.284418333e+001 +1.107741833e+002 +1.107741833e+002 +2.3090e+001 +2.0834e+000 -9.0234e+000 +3.6543e+000 +1.0604e+001 +4.8654e+000 +3.3822e+000 -3.6347e+000 -7.0609e+000 +8.0767e+000
238 +1.627321489e+001 +1.627321489e+001 +1.042032149e+002 +1.042032149e+002 +3.6976e+000 +5.1819e+000 -5.2716e+000 +1.1082e+001 +2.4623e+000 +2.7992e+000 +1.5783e+001 -1.7599e+001 -1.4752e+001 +6.6681e+000
239 +1.548285991e+001 +1.548285991e+001 +1.034128599e+002 +1.034128599e+002 +4.7719e+001 +3.8447e+000 -7.6611e+000 +4.4479e+000 +7.5084e+000 +1.4379e+000 +1.1388e+001 -1.1370e+001 -5.0840e+000 +6.3562e+000
259 +9.795138575e+000 +9.795138575e+000 +9.772513858e+001 +9.772513858e+001 +8.6573e+000 +6.5980e-002 -4.4555e+000 +3.8329e+000 +1.0143e+001 +8.7240e+000 +5.3839e+000 -1.5041e+001 -1.0396e+001 +7.0815e+000
261 +5.056631952e+000 +5.056631952e+000 +9.298663195e+001 +9.298663195e+001 +1.6004e+001 +7.3529e+000 -3.0437e+000 +4.1676e+000 +7.3709e+000 +9.2875e+000 +6.7003e+000 -1.1604e+001 -1.2666e+001 +7.2501e+000
290 +4.921602047e+000 +4.921602047e+000 +9.285160205e+001 +9.285160205e+001 +1.0595e+001 +9.9809e+000 -2.0496e+000 +5.8512e+000 +1.6769e+001 +5.2662e+000 +6.8924e+000 -2.0615e+001 -1.2120e+001 +1.6983e+001
298 +1.737529663e+000 +1.737529663e+000 +8.966752966e+001 +8.966752966e+001 +1.6108e+001 +4.2579e+000 -4.5330e+000 +8.7326e+000 +7.9112e+000 +8.9300e+000 +6.2054e+000 -1.0151e+001 -9.6635e+000 +8.4223e+000
300 +1.024195168e+000 +1.024195168e+000 +8.895419517e+001 +8.895419517e+001 +5.3141e+000 +5.9686e+000 -5.6487e+000 +4.5246e+000 +1.1951e+001 +1.1735e+001 +6.5301e+000 -1.2930e+001 -7.7696e+000 +3.4703e+001
328 +8.492556410e-001 +8.492556410e-001 +8.877925564e+001 +8.877925564e+001 +8.5167e+000 +4.3425e+000 -5.0206e+000 +1.8518e+001 +1.5000e+001 +6.0682e+000 +8.2769e+000 -1.2409e+001 -1.0288e+001 +1.1817e+001
358 +6.519349962e-001 +6.519349962e-001 +8.858193500e+001 +8.858193500e+001 +1.5671e+001 +5.8405e+000 -4.6092e+000 +6.6372e+000 +6.3817e+000 +1.1175e+001 +9.6636e+000 -1.5109e+001 -8.2396e+000 +5.4764e+000
360 +4.619836013e-001 +4.619836013e-001 +8.839198360e+001 +8.839198360e+001 +1.1370e+001 +4.6423e+000 -1.0445e+001 +7.6660e+000 +3.6258e+001 +1.1831e+001 +8.1702e+000 -1.4347e+001 -7.1765e+000 +1.1935e+001
362 +0.000000000e+000 +0.000000000e+000 +8.793000000e+001 +8.793000000e+001 +2.0231e+001 +5.2294e+000 -6.1632e+000 +7.9683e+000 +1.6058e+001 +8.6956e+000 +5.8586e+000 -2.0063e+001 -1.1521e+001 +1.6797e+001
560696 +1.#INF00000e+000 +0.000000000e+000 +1.#INF00000e+000 +8.793000000e+001 +3.7927e+300 -6.0945e+291 -1.2511e+308 +6.2874e+298 +9.3488e+294 +3.2995e+301 +7.3505e+301 -1.2736e+299 -3.0052e+307 -5.3927e+307
% function evaluation | noise-free fitness - Fopt (3.370000000000e+001) | best noise-free fitness - Fopt | measured fitness | best measured fitness | x1 | x2...
1 +2.207343110e+002 +2.207343110e+002 +2.544343110e+002 +2.544343110e+002 +4.1512e+000 +4.0716e+000 -1.1827e+000 -3.5577e+000 +6.6451e+000 -4.0778e+000 +6.7994e-001 +4.9364e+000 +2.0312e+000 +1.0633e+000
2 +1.096034154e+002 +1.096034154e+002 +1.433034154e+002 +1.433034154e+002 -9.8411e+000 +4.1188e+000 -4.5084e+000 -2.5845e+000 +4.6753e+000 -6.6871e+000 -6.7476e+000 +7.9567e+000 -3.1377e+000 +4.2037e+000
68 +1.056386311e+002 +1.056386311e+002 +1.393386311e+002 +1.393386311e+002 +5.3377e+000 +2.6173e+000 -7.8935e-001 -2.5691e+000 +3.6608e-003 -3.7862e+000 -1.3877e+000 +4.3446e+000 -5.1363e+000 +4.7302e+000
78 +9.625943975e+001 +9.625943975e+001 +1.299594397e+002 +1.299594397e+002 +5.2106e+000 +8.0075e-001 -7.3726e-001 +5.5675e-001 +1.6240e+000 +2.8880e+000 +8.2804e-001 +7.3494e+000 -9.3221e+000 +3.9131e+000
95 +8.883960356e+001 +8.883960356e+001 +1.225396036e+002 +1.225396036e+002 +8.6902e-001 +5.7038e-001 -1.3406e-002 +2.4313e+000 -2.7916e-002 -2.5220e+000 -1.4615e-001 +6.8027e+000 -7.5928e+000 +2.0329e+001
105 +6.545509335e+001 +6.545509335e+001 +9.915509335e+001 +9.915509335e+001 +2.8860e+000 +2.2185e+000 +9.4127e-001 +1.9837e+000 -7.5925e+000 +4.0874e+000 +1.3951e+000 +4.2319e+000 -1.7433e+001 +8.5181e+000
147 +2.655373369e+001 +2.655373369e+001 +6.025373369e+001 +6.025373369e+001 +4.0743e-001 +1.6592e+000 -2.7538e+000 -1.0733e+000 -1.7778e+001 +1.0540e+001 -1.4259e+001 +8.8015e+000 -1.1530e+001 +9.0870e+000
167 +2.509044728e+001 +2.509044728e+001 +5.879044728e+001 +5.879044728e+001 +3.2449e+000 +5.9107e+000 -2.5282e+000 +4.4120e+000 -1.0597e+001 +3.4139e+000 -7.0902e+000 +4.0399e+000 -8.1586e+000 +9.5140e+000
202 +4.404845757e+000 +4.404845757e+000 +3.810484576e+001 +3.810484576e+001 -7.1858e+000 +2.5481e+000 -5.2528e+000 +5.2128e+000 -1.5779e+001 +4.6555e+000 -5.3749e+000 +5.0035e+000 -8.5501e+000 +1.6368e+001
252 +3.201312841e+000 +3.201312841e+000 +3.690131284e+001 +3.690131284e+001 -5.6222e+000 +2.9347e+000 -4.6800e+000 +7.6740e+000 -1.3481e+001 +1.3493e+001 -2.6501e+001 +9.0704e+000 -1.1097e+001 +1.7809e+001
296 +2.744248820e+000 +2.744248820e+000 +3.644424882e+001 +3.644424882e+001 -1.3191e+001 +3.0504e+000 -6.2844e+000 +8.3366e+000 -1.2472e+001 +4.9370e+000 -8.3819e+000 +1.4839e+001 -9.7982e+000 +2.5740e+001
320 +2.167239523e+000 +2.167239523e+000 +3.586723952e+001 +3.586723952e+001 -5.0329e+000 +3.3220e+000 -6.7453e+000 +7.4969e+000 -2.0463e+001 +1.4371e+001 -2.1819e+001 +1.1002e+001 -1.2480e+001 +2.5290e+001
376 +0.000000000e+000 +0.000000000e+000 +3.370000000e+001 +3.370000000e+001 -6.0696e+000 +9.2595e+000 -5.5941e+000 +9.1473e+000 -8.7623e+000 +1.2699e+001 -1.5027e+001 +6.9622e+000 -5.9504e+000 +1.6164e+001
546798 +1.#INF00000e+000 +0.000000000e+000 +1.#INF00000e+000 +3.370000000e+001 -1.3033e+294 +3.9003e+298 -9.6298e+306 +1.7681e+304 -9.8136e+301 +1.4189e+291 -7.5858e+306 -3.2702e+307 -4.2041e+290 +4.8979e+292
% function evaluation | noise-free fitness - Fopt (-1.618300000000e+002) | best noise-free fitness - Fopt | measured fitness | best measured fitness | x1 | x2...
1 +2.471627696e+002 +2.471627696e+002 +8.533276958e+001 +8.533276958e+001 +3.0233e+000 +4.6695e+000 -2.7947e+000 -3.0820e+000 -6.2210e-001 +2.2603e+000 -2.5474e+000 -1.4546e+000 +5.0091e+000 -4.5277e+000
2 +2.268800158e+002 +2.268800158e+002 +6.505001583e+001 +6.505001583e+001 +1.4890e+000 +4.0498e-001 +3.5446e-001 -7.7616e-001 +8.6473e+000 +2.7985e+000 -9.3491e-001 -4.4578e+000 +5.3412e+000 -3.6326e+000
4 +2.238425147e+002 +2.238425147e+002 +6.201251469e+001 +6.201251469e+001 +2.3592e+000 -9.4490e-001 -5.8455e-001 -1.6672e+000 +2.3186e+000 +2.8429e+000 +1.4254e+000 -8.1230e-001 +1.0459e+000 -2.7306e+000
6 +2.011951814e+002 +2.011951814e+002 +3.936518142e+001 +3.936518142e+001 +1.7845e+000 -4.0728e-001 -2.5220e+000 -2.1860e+000 +3.4843e+000 +3.6660e+000 +2.4543e+000 -1.8769e+000 +4.1283e+000 +5.7798e-001
21 +1.945695603e+002 +1.945695603e+002 +3.273956035e+001 +3.273956035e+001 +3.6439e-001 +5.3438e+000 -2.1624e+000 +6.1803e-001 +2.0859e+000 +1.1781e+000 -9.5032e-001 +4.9315e+000 -1.8662e+000 +2.0744e-001
25 +1.815874367e+002 +1.815874367e+002 +1.975743668e+001 +1.975743668e+001 -5.6561e+000 -2.5174e+000 +6.5515e+000 -6.5658e+000 -2.1606e-001 +2.8985e+000 -1.8352e+000 -2.0034e+000 -1.2228e-001 -1.0122e+000
52 +1.223137811e+002 +1.223137811e+002 -3.951621889e+001 -3.951621889e+001 -4.1459e-001 +1.4335e+000 -3.0284e+000 -5.8613e+000 +6.0392e+000 +3.1158e+000 -7.6841e-001 -2.0302e+000 -5.4537e+000 -1.5617e+000
65 +9.265088589e+001 +9.265088589e+001 -6.917911411e+001 -6.917911411e+001 -6.5727e-001 -1.3131e+000 +1.3683e+000 -1.0101e+000 +2.5727e+000 +2.4658e+000 -4.1451e+000 -5.6182e+000 -1.2159e+000 +3.8193e+000
72 +6.610666350e+001 +6.610666350e+001 -9.572333650e+001 -9.572333650e+001 -1.6587e-001 +3.2592e+000 -8.6898e+000 -4.2077e-001 +8.3114e+000 -2.3424e+000 -3.3228e+001 -1.2015e+000 -1.0944e+001 +6.8908e+000
113 +5.296259558e+001 +5.296259558e+001 -1.088674044e+002 -1.088674044e+002 -1.7764e+000 +2.8288e+000 -4.3468e+000 -1.7824e+001 +2.6365e+000 +1.0338e+000 -4.6319e+000 -1.1123e+000 -5.7936e+000 +5.3451e+000
147 +4.682820833e+001 +4.682820833e+001 -1.150017917e+002 -1.150017917e+002 -5.4214e+000 +6.6021e-001 +1.9393e+000 -3.2839e+000 +2.9933e+000 +5.0543e+000 -1.0472e+001 -1.6026e+000 -6.2953e+000 +1.2077e+001
163 +1.686184078e+001 +1.686184078e+001 -1.449681592e+002 -1.449681592e+002 -3.1341e+001 +1.7050e+000 +2.5572e+000 -1.0400e+001 +6.5246e+000 +6.0113e+000 -2.4173e+001 -1.3972e+001 -7.1862e+000 +1.8899e+001
239 +4.462432019e+000 +4.462432019e+000 -1.573675680e+002 -1.573675680e+002 -5.3757e-001 +1.2276e+001 -6.3734e+000 -8.1552e+000 +1.1017e+001 +1.5611e+001 -1.7030e+001 -9.2041e+000 -9.8774e+000 +3.2671e+001
246 +2.171267865e+000 +2.171267865e+000 -1.596587321e+002 -1.596587321e+002 -8.3777e+000 +1.0099e+001 -7.9795e+000 -1.4129e+001 +4.2863e+000 +1.1681e+001 -4.9601e+000 -9.3465e+000 -6.4461e+000 +1.5459e+001
304 +0.000000000e+000 +0.000000000e+000 -1.618300000e+002 -1.618300000e+002 -7.2466e+000 +8.6444e+000 -6.6714e+000 -5.8275e+000 +1.6233e+001 +1.0063e+001 -1.7959e+001 -6.1567e+000 -1.2150e+001 +3.1517e+001
558759 +1.#INF00000e+000 +0.000000000e+000 +1.#INF00000e+000 -1.618300000e+002 -1.3600e+295 +2.9069e+292 -4.8441e+299 -2.8098e+298 +7.9637e+303 +8.3094e+306 +4.6353e+307 -8.8815e+291 -1.4290e+298 +1.9307e+295
