% function evaluation | noise-free fitness - Fopt (-5.465000000000e+002) | best noise-free fitness - Fopt | measured fitness | best measured fitness | x1 | x2...
1 +3.066569675e+005 +3.066569675e+005 +3.061104675e+005 +3.061104675e+005 +5.1558e+000 -1.9054e+000 +9.8518e-001 -3.6735e+000 +1.2157e+001 +1.3090e+000 -3.1060e+000 -4.0494e+000 +4.1414e+000 -5.3510e-001
3 +1.992261895e+005 +1.992261895e+005 +1.986796895e+005 +1.986796895e+005 +2.4506e+000 -5.1676e-001 +2.9209e+000 -2.5275e+000 +1.0841e+000 +3.5434e+000 +3.3731e+000 +7.4219e-001 +5.5768e+000 +8.0021e-001
4 +1.875782509e+005 +1.875782509e+005 +1.870317509e+005 +1.870317509e+005 +4.6739e+000 -1.7749e+000 +2.5145e+000 -1.0875e+000 +7.3125e+000 +3.5296e+000 -4.3887e+000 -5.5980e+000 +2.9400e+000 +3.3221e+000
7 +1.834205920e+005 +1.834205920e+005 +1.828740920e+005 +1.828740920e+005 +3.5726e+000 -3.7281e+000 -7.7869e-001 -4.4481e+000 +9.8159e+000 +3.6065e+000 +1.8626e+000 +4.3583e-001 +4.1819e+000 +1.8283e+000
9 +8.924788769e+004 +8.924788769e+004 +8.870138769e+004 +8.870138769e+004 +6.3410e+000 -1.1111e+000 +1.9780e+000 -2.6055e+000 +5.5864e+000 +2.4709e+000 -4.6315e-001 -3.5502e+000 +7.3335e-001 +3.8031e-001
26 +6.460153887e+004 +6.460153887e+004 +6.405503887e+004 +6.405503887e+004 +7.0410e+000 +1.6278e+000 +1.9218e-001 -1.7143e+000 +1.6561e+000 +3.4052e+000 -2.7016e+000 +6.1376e-001 -5.6300e-001 +5.8356e+000
29 +6.298711110e+004 +6.298711110e+004 +6.244061110e+004 +6.244061110e+004 +4.1036e+000 +1.1656e-001 +2.1521e+000 -3.2651e+000 +4.9098e+000 +3.6553e+000 -4.5523e+000 -2.3969e+000 +4.5681e-001 -8.6065e-001
59 +5.621155259e+004 +5.621155259e+004 +5.566505259e+004 +5.566505259e+004 +3.9516e+000 -6.4544e+000 +3.0506e+000 +3.3626e-002 +3.6967e+000 +3.9364e+000 -4.5441e+000 -1.8638e+000 -1.5744e+000 -1.1400e+000
76 +1.783022890e+004 +1.783022890e+004 +1.728372890e+004 +1.728372890e+004 +5.2691e+000 +1.0127e+000 +1.5213e+000 -3.0685e+000 +4.0865e+000 +3.4716e+000 -3.3030e+000 +1.7949e+000 -6.0712e-001 +1.6176e+000
129 +1.646933262e+004 +1.646933262e+004 +1.592283262e+004 +1.592283262e+004 +1.7201e+000 -1.7850e+000 +3.2273e+000 -3.7744e+000 +2.6414e+000 +1.1454e+000 -4.5719e+000 -1.1532e+000 -2.2891e+000 -7.2513e-001
163 +9.195605505e+003 +9.195605505e+003 +8.649105505e+003 +8.649105505e+003 +8.0689e-001 +1.9222e-001 +1.6709e+000 -3.5442e+000 -3.2844e+000 -3.6864e+000 -2.9640e+000 -3.7047e-001 -2.9262e+000 +2.0399e+000
170 +5.903779562e+003 +5.903779562e+003 +5.357279562e+003 +5.357279562e+003 +8.5325e-001 -2.6743e+000 +1.9510e+000 -3.3129e+000 +1.6794e+000 +1.0552e+000 -2.6386e+000 -5.6903e-001 -6.8220e-001 +3.1872e+000
254 +1.958591247e+003 +1.958591247e+003 +1.412091247e+003 +1.412091247e+003 +2.1828e+000 -1.6023e+000 +2.4570e+000 -3.6131e+000 -1.2634e-001 -1.2391e+000 -1.7864e+000 +2.6057e+000 -1.3868e+000 +1.1745e+000
255 +6.128146836e+002 +6.128146836e+002 +6.631468360e+001 +6.631468360e+001 +3.7331e+000 +3.3173e-001 +1.0570e+000 -1.6579e+000 -1.4273e-001 -3.9628e-001 -2.5277e+000 +1.2671e-001 -1.1475e+000 +1.5970e+000
306 +3.405288303e+002 +3.405288303e+002 -2.059711697e+002 -2.059711697e+002 +6.7795e-001 -1.1095e+000 +1.3289e+000 -3.1925e+000 +1.3593e+000 -3.8707e-001 -4.7560e-001 +7.4775e-001 -1.0092e+000 +1.3782e+000
310 +4.132988751e+000 +4.132988751e+000 -5.423670112e+002 -5.423670112e+002 +7.9854e-001 +2.3841e-001 +2.8019e+000 -7.8984e-001 +1.9091e+000 +2.6924e-001 -7.8563e-001 +7.4438e-001 -1.1280e+000 +2.3620e+000
462 +3.916837932e+000 +3.916837932e+000 -5.425831621e+002 -5.425831621e+002 -8.6913e-001 -7.4003e-001 +3.0604e+000 -6.4914e-001 +9.6114e-001 -2.8256e-001 -1.6117e+000 +9.2434e-001 -1.0039e+000 +1.2679e+000
512 +3.195391390e+000 +3.195391390e+000 -5.433046086e+002 -5.433046086e+002 -7.3460e-001 +1.1848e+000 +1.3113e+000 -2.3337e+000 +8.5973e-001 -5.2543e-001 -1.9582e+000 +7.8301e-001 -1.8129e+000 +1.0446e+000
1248 +2.785206209e+000 +2.785206209e+000 -5.437147938e+002 -5.437147938e+002 -1.6633e-001 +1.4509e+000 +1.8235e-001 -1.6428e-001 +3.7310e-001 -6.6899e-001 -1.3478e+000 +2.3813e+000 -2.0327e+000 +1.6377e+000
1493 +2.708852748e+000 +2.708852748e+000 -5.437911473e+002 -5.437911473e+002 -2.3387e-001 +7.1764e-001 +1.6075e+000 -1.5001e+000 +1.6137e+000 -5.1592e-001 -6.9254e-001 +2.5101e+000 -2.0036e+000 +2.0713e+000
3557 +2.636947998e+000 +2.636947998e+000 -5.438630520e+002 -5.438630520e+002 -3.5400e-001 +2.4399e+000 +1.1294e+000 -2.3357e+000 +7.3035e-001 -1.7954e+000 -5.6526e-001 +1.9890e+000 -1.5192e+000 +1.6976e+000
7125 +2.488557092e+000 +2.488557092e+000 -5.440114429e+002 -5.440114429e+002 -1.8855e+000 +2.0887e+000 +1.9897e+000 -1.9737e+000 +4.4245e-001 -1.8316e+000 -4.5893e-001 +2.4392e+000 -1.2821e+000 +1.7148e+000
10215 +2.406689108e+000 +2.406689108e+000 -5.440933109e+002 -5.440933109e+002 -1.2082e+000 +1.4454e+000 +2.2184e+000 +4.0312e-001 +1.3854e+000 -2.3440e+000 -4.2726e-001 +2.1023e+000 -1.5997e+000 +1.9024e+000
19205 +2.195096761e+000 +2.195096761e+000 -5.443049032e+002 -5.443049032e+002 +1.2416e+000 +3.0193e+000 +8.3281e-001 -2.4755e+000 +1.3908e+000 -1.6161e+000 -5.0691e-001 +9.8760e-001 -1.4165e+000 +2.3094e+000
65509 +2.102629308e+000 +2.102629308e+000 -5.443973707e+002 -5.443973707e+002 -1.0648e+000 -2.6251e-002 +1.1751e+000 -2.3320e+000 +1.9166e+000 -7.3470e-001 -2.4183e+000 +2.0600e+000 -1.7142e+000 +1.2989e+000
194334 +2.009051496e+000 +2.009051496e+000 -5.444909485e+002 -5.444909485e+002 -1.0411e+000 +1.3904e+000 -4.4487e-001 -1.6827e+000 +2.2629e+000 -1.9851e+000 -9.2913e-001 +2.3946e+000 -1.6235e+000 +2.2792e+000
194699 +1.739219883e+000 +1.739219883e+000 -5.447607801e+002 -5.447607801e+002 -1.0327e+000 +1.3988e+000 -5.0959e-001 -2.8986e+000 +1.8019e+000 -1.6626e+000 -9.3652e-001 +2.3737e+000 -1.6315e+000 +2.2465e+000
% function evaluation | noise-free fitness - Fopt (1.000000000000e+003) | best noise-free fitness - Fopt | measured fitness | best measured fitness | x1 | x2...
1 +6.177023370e+005 +6.177023370e+005 +6.187023370e+005 +6.187023370e+005 +4.5535e+000 +2.4752e+000 -2.7625e+000 -1.0723e+001 -4.8324e+000 +6.4061e+000 +1.4466e+000 +1.8639e+000 -1.5708e+000 -1.3503e+001
2 +3.132454741e+005 +3.132454741e+005 +3.142454741e+005 +3.142454741e+005 +2.3873e+000 +1.8484e+000 -9.2627e+000 -2.8698e+000 -1.4237e+001 -4.3005e+000 +2.8448e+000 +1.8168e+000 +4.3826e+000 -1.3409e+000
3 +1.923469211e+005 +1.923469211e+005 +1.933469211e+005 +1.933469211e+005 -1.4145e+000 +5.3578e-001 -3.7608e+000 -5.1788e+000 -5.7497e+000 -2.0946e+000 +1.3043e+000 +3.0981e+000 -8.1206e+000 +3.8653e+000
4 +3.280317881e+004 +3.280317881e+004 +3.380317881e+004 +3.380317881e+004 +1.4206e+000 +5.4753e-001 -3.3100e+000 -6.6223e+000 -3.7018e+000 +4.2664e-001 -1.0429e+000 +2.1138e+000 -4.8459e-001 +3.5056e-001
10 +2.069689843e+004 +2.069689843e+004 +2.169689843e+004 +2.169689843e+004 +1.4298e+000 +2.0383e+000 -9.0513e-001 -2.5663e+000 -1.7862e+000 +1.1912e+000 -8.6534e-002 +5.3815e+000 -2.1407e+000 -3.0501e+000
63 +1.761782479e+004 +1.761782479e+004 +1.861782479e+004 +1.861782479e+004 +5.2634e-001 -1.0472e+000 -2.7905e+000 -6.2199e+000 +4.0619e-001 +2.6267e+000 +3.5300e-001 +4.1129e+000 +4.5502e-002 -2.6721e+000
78 +4.262778888e+003 +4.262778888e+003 +5.262778888e+003 +5.262778888e+003 +1.2255e+000 +2.2454e+000 -2.5376e+000 -3.5518e+000 -3.4456e+000 -1.8948e-001 -2.5095e+000 +1.8654e+000 -1.4016e-001 -1.8734e+000
140 +3.383383122e+003 +3.383383122e+003 +4.383383122e+003 +4.383383122e+003 +6.3670e-001 +2.4445e+000 -3.3765e+000 -3.2395e+000 -2.9016e+000 +8.8139e-002 -9.2456e-001 +3.0631e+000 -2.0699e+000 -5.7220e-001
154 +1.995946800e+003 +1.995946800e+003 +2.995946800e+003 +2.995946800e+003 -2.9030e-001 +2.0389e+000 -4.5187e-001 -2.0564e+000 -3.0738e+000 +1.1374e+000 -4.8854e-001 +4.2089e-001 -3.3351e-001 -7.6869e-001
203 +9.269586319e+002 +9.269586319e+002 +1.926958632e+003 +1.926958632e+003 -2.6829e+000 +7.9889e-001 -1.9049e+000 -2.5236e+000 -2.8287e+000 +8.4570e-001 +2.4187e-001 +2.8055e+000 -3.3401e-001 -1.3349e+000
207 +3.338822328e+002 +3.338822328e+002 +1.333882233e+003 +1.333882233e+003 +2.1767e+000 +1.6652e-001 -1.7311e+000 -9.9993e-001 -3.1627e+000 +1.8144e+000 -3.5178e-001 +1.4601e+000 -7.7232e-001 -1.5195e+000
261 +1.046551864e+002 +1.046551864e+002 +1.104655186e+003 +1.104655186e+003 -1.0806e+000 +1.2884e+000 -2.6644e+000 -1.4672e+000 -2.7974e+000 +5.2396e-001 -1.1703e+000 +6.3008e-001 -1.3383e+000 -1.3615e+000
290 +4.537856677e+001 +4.537856677e+001 +1.045378567e+003 +1.045378567e+003 -1.1586e+000 +5.4960e-001 -2.7124e+000 +2.8388e-001 -2.5810e+000 -5.6316e-001 -1.8084e+000 +2.4329e+000 -1.5029e+000 -1.2836e+000
303 +4.762272364e+000 +4.762272364e+000 +1.004762272e+003 +1.004762272e+003 +8.2768e-001 -1.1630e+000 -7.1007e-001 -2.1462e+000 -1.3445e+000 +1.9791e+000 -1.2891e+000 +7.0746e-001 -1.0682e+000 -9.6849e-001
343 +4.246269847e+000 +4.246269847e+000 +1.004246270e+003 +1.004246270e+003 +1.3396e+000 +4.6463e-001 -1.6237e+000 -1.3185e+000 -2.0777e+000 +8.1561e-001 -4.3031e-001 +2.3902e+000 -1.0207e+000 -1.7344e+000
349 +3.909395851e+000 +3.909395851e+000 +1.003909396e+003 +1.003909396e+003 -3.8186e-001 -2.2241e-001 -1.4372e+000 -1.7916e+000 -2.3203e+000 +4.8886e-001 -8.1519e-001 +2.4602e+000 -9.6069e-001 -1.7875e+000
364 +3.581793121e+000 +3.581793121e+000 +1.003581793e+003 +1.003581793e+003 +1.3722e+000 -3.2146e-001 -1.0377e+000 -1.1312e+000 -2.0433e+000 +8.7395e-001 -6.5858e-001 +1.9887e+000 -9.1547e-001 -1.7445e+000
468 +3.283835536e+000 +3.283835536e+000 +1.003283836e+003 +1.003283836e+003 +6.4940e-001 +3.3135e-001 -9.7657e-001 +1.6657e-001 -2.2653e+000 +2.7554e-001 -8.9847e-001 +1.9846e+000 -1.6772e+000 -1.3495e+000
564 +3.221156157e+000 +3.221156157e+000 +1.003221156e+003 +1.003221156e+003 -4.6068e-001 -7.3477e-001 -1.4974e+000 -2.3932e+000 -2.0126e+000 +1.7493e+000 -1.1243e+000 +1.8739e+000 -1.4441e+000 -1.3939e+000
942 +3.033392827e+000 +3.033392827e+000 +1.003033393e+003 +1.003033393e+003 +1.5756e+000 +1.0919e-003 -5.0768e-002 -1.1857e+000 -2.3167e+000 +2.0975e-001 -1.3567e+000 +1.6623e+000 -1.5738e+000 -1.6887e+000
1343 +2.933008182e+000 +2.933008182e+000 +1.002933008e+003 +1.002933008e+003 -3.7159e-001 -6.2997e-001 -2.5676e-001 -1.0600e+000 -2.3154e+000 +1.0428e+000 -1.9183e+000 +7.3139e-001 -1.2131e+000 -1.4856e+000
1806 +2.858351229e+000 +2.858351229e+000 +1.002858351e+003 +1.002858351e+003 -9.1215e-001 +1.1285e-002 -2.6447e+000 -1.9892e-001 -1.9196e+000 +6.9560e-001 -1.3500e+000 +1.4280e+000 -2.2693e+000 -1.5673e+000
4925 +2.751751823e+000 +2.751751823e+000 +1.002751752e+003 +1.002751752e+003 -8.9452e-001 -4.4579e-002 -1.3410e+000 -2.2013e+000 -1.3849e+000 +1.3161e+000 -1.2002e+000 +1.4359e+000 -9.9905e-001 -2.4023e+000
6132 +2.500336833e+000 +2.500336833e+000 +1.002500337e+003 +1.002500337e+003 -2.2130e+000 -2.6692e-001 -2.6290e+000 -2.0276e+000 -1.5754e+000 +1.5938e+000 -1.8144e+000 +1.4952e+000 -1.8241e+000 -7.3290e-001
24627 +2.307276670e+000 +2.307276670e+000 +1.002307277e+003 +1.002307277e+003 -1.9848e+000 +1.2251e+000 +3.7007e-001 -2.8974e+000 -1.0189e+000 +9.8500e-001 -7.4195e-001 +1.9543e+000 -2.0705e+000 -2.0970e+000
25884 +2.283544037e+000 +2.283544037e+000 +1.002283544e+003 +1.002283544e+003 +5.3475e-001 +2.6829e+000 -1.2890e-001 -2.5156e-001 +1.6132e-001 +7.1507e-001 -7.8187e-001 +1.3285e+000 -1.9420e+000 -2.1387e+000
30715 +2.233279827e+000 +2.233279827e+000 +1.002233280e+003 +1.002233280e+003 -1.0210e+000 -8.5501e-001 -1.0259e+000 -5.1026e-001 -2.4630e+000 +1.8213e-001 -1.5005e+000 +8.2097e-001 -1.9995e+000 -2.1510e+000
45419 +2.059427372e+000 +2.059427372e+000 +1.002059427e+003 +1.002059427e+003 -2.1592e+000 +3.2828e-001 +2.9062e-001 -1.3383e+000 -9.7542e-001 +2.3000e+000 -2.0738e+000 +9.6074e-001 -2.3251e+000 -2.0617e+000
122089 +1.989216730e+000 +1.989216730e+000 +1.001989217e+003 +1.001989217e+003 -1.0757e+000 +2.3262e+000 -1.9535e+000 -2.0399e+000 -5.1737e-001 +5.3765e-001 -1.9830e+000 +2.1844e+000 -1.2381e+000 -1.9268e+000
131494 +1.890685903e+000 +1.890685903e+000 +1.001890686e+003 +1.001890686e+003 -2.0735e+000 +2.9636e-001 -2.6361e+000 -1.2829e+000 -1.6277e+000 +4.1233e-001 -2.0039e+000 +2.1022e+000 -1.3658e+000 -2.2992e+000
133075 +1.797702317e+000 +1.797702317e+000 +1.001797702e+003 +1.001797702e+003 +2.1288e-001 -4.9430e-001 -1.2777e+000 -2.3385e+000 -1.4794e+000 +3.3850e-001 -2.0078e+000 +2.1376e+000 -2.1090e+000 -9.7912e-001
133582 +1.743643304e+000 +1.743643304e+000 +1.001743643e+003 +1.001743643e+003 -1.8283e-001 -4.4233e-001 -1.1886e+000 -2.3635e+000 -1.3998e+000 +4.1719e-001 -2.0041e+000 +2.1221e+000 -2.1158e+000 -2.0988e+000
134739 +1.712351297e+000 +1.712351297e+000 +1.001712351e+003 +1.001712351e+003 +5.6605e-001 -3.5562e-001 -8.5879e-001 -2.3132e+000 -1.3680e+000 +3.3792e-001 -2.0498e+000 +2.1397e+000 -2.1072e+000 -2.1369e+000
135211 +1.618655776e+000 +1.618655776e+000 +1.001618656e+003 +1.001618656e+003 +5.8857e-001 -4.4796e-001 -1.3925e+000 -2.2893e+000 -1.4204e+000 +3.5721e-001 -2.0625e+000 +2.1204e+000 -1.7222e+000 -2.2248e+000
135385 +1.572278839e+000 +1.572278839e+000 +1.001572279e+003 +1.001572279e+003 +5.7657e-001 -4.3335e-001 -1.3596e+000 -2.3156e+000 -1.4188e+000 +3.6827e-001 -2.0409e+000 +2.1227e+000 -1.7129e+000 -2.1931e+000
136085 +1.548075162e+000 +1.548075162e+000 +1.001548075e+003 +1.001548075e+003 +6.0098e-001 -4.1806e-001 -1.3693e+000 -2.2843e+000 -1.4219e+000 +3.6283e-001 -2.0374e+000 +2.1216e+000 -1.7099e+000 -2.2025e+000
% function evaluation | noise-free fitness - Fopt (2.083800000000e+002) | best noise-free fitness - Fopt | measured fitness | best measured fitness | x1 | x2...
1 +2.972266702e+005 +2.972266702e+005 +2.974350502e+005 +2.974350502e+005 +2.6591e-001 -4.5719e+000 +4.0634e+000 +1.2365e-001 +5.6176e+000 -3.6893e+000 +2.3864e+000 -4.7030e+000 +1.1971e+000 -5.2912e+000
3 +1.104982061e+005 +1.104982061e+005 +1.107065861e+005 +1.107065861e+005 +4.9102e+000 -2.2748e+000 +5.4619e+000 +2.3447e+000 +6.8298e+000 -1.3625e+000 +1.2694e-001 -1.4580e+000 -2.6116e+000 -3.5861e+000
26 +4.227615571e+004 +4.227615571e+004 +4.248453571e+004 +4.248453571e+004 +9.9187e-001 -4.3464e+000 -5.3251e-001 +4.6806e-001 +5.4025e+000 -1.3677e+000 +4.3914e+000 -2.7148e+000 -3.0783e+000 -1.3689e+000
62 +2.030969821e+004 +2.030969821e+004 +2.051807821e+004 +2.051807821e+004 -1.0059e+000 -3.8742e+000 +7.3026e-001 +1.7836e+000 +5.0724e+000 -7.6097e-001 +6.1388e-002 +2.1423e+000 -3.9669e+000 +1.0975e+000
165 +8.389645187e+003 +8.389645187e+003 +8.598025187e+003 +8.598025187e+003 -3.8583e+000 -4.7801e+000 +3.6606e+000 +1.1196e+000 +2.8532e+000 -7.8188e-001 +4.2659e+000 -9.7147e-001 -2.4295e+000 +1.9905e-001
230 +6.531106614e+003 +6.531106614e+003 +6.739486614e+003 +6.739486614e+003 +6.9711e-001 -4.5010e+000 +3.1843e+000 +8.6608e-001 +3.3763e+000 +5.0368e-001 +3.1926e+000 -6.7576e-002 -2.0922e+000 +9.0080e-001
296 +3.644097280e+003 +3.644097280e+003 +3.852477280e+003 +3.852477280e+003 -4.5044e+000 -3.7659e+000 +1.2080e+000 -1.1724e-001 +3.4295e+000 -1.4583e+000 +1.9639e+000 +4.0063e-001 -2.2467e+000 +5.3804e-001
352 +1.005348424e+003 +1.005348424e+003 +1.213728424e+003 +1.213728424e+003 -9.5160e-001 -1.3241e+000 +1.7000e+000 -5.7590e-001 +3.4216e+000 +2.2350e-001 +3.4205e+000 +6.5061e-002 -1.7564e+000 +1.2691e+000
455 +5.863034539e+002 +5.863034539e+002 +7.946834539e+002 +7.946834539e+002 +1.0168e+000 -1.8474e+000 +7.5940e-001 +3.8309e-001 -6.9752e-002 +6.8707e-001 +2.1864e+000 +1.2842e+000 -2.7845e+000 +1.8643e+000
474 +2.128669941e+002 +2.128669941e+002 +4.212469941e+002 +4.212469941e+002 -2.5282e+000 -6.0720e-001 +2.8368e+000 +4.6420e-001 +1.9617e+000 -3.4664e-001 +2.5156e+000 +4.4326e-001 -1.5423e+000 +5.6350e-001
477 +9.328922460e+001 +9.328922460e+001 +3.016692246e+002 +3.016692246e+002 +2.0407e-001 -6.8720e-001 +2.4594e+000 +1.2396e-001 +1.0325e+000 -3.0615e-001 +2.7272e+000 +1.6703e+000 -2.1137e+000 +1.8159e+000
558 +3.422936231e+000 +3.422936231e+000 +2.118029362e+002 +2.118029362e+002 -7.1725e-001 -7.9409e-001 +8.3344e-002 -6.1734e-002 +1.8963e+000 +1.7174e+000 +4.8636e-001 +1.2503e+000 -1.9106e+000 +1.3185e+000
608 +2.975490059e+000 +2.975490059e+000 +2.113554901e+002 +2.113554901e+002 -2.0232e+000 +1.9426e+000 +2.1440e+000 -2.0489e-001 +2.1228e+000 +7.2234e-001 +2.0242e+000 +9.9045e-001 -1.8653e+000 +1.1289e+000
1632 +2.333886184e+000 +2.333886184e+000 +2.107138862e+002 +2.107138862e+002 +5.6940e-001 +2.7373e+000 +1.9272e+000 -2.3178e-001 +2.5935e+000 +4.8633e-002 +1.2626e+000 +1.2685e+000 -1.3515e+000 +1.3823e+000
21693 +1.911678182e+000 +1.911678182e+000 +2.102916782e+002 +2.102916782e+002 -2.0128e+000 +2.2609e+000 +1.2463e+000 -2.4237e-001 +4.9689e-001 +1.9947e+000 +2.1667e+000 +1.6495e+000 -1.3142e+000 +1.9623e+000
39963 +1.840454337e+000 +1.840454337e+000 +2.102204543e+002 +2.102204543e+002 -2.1118e+000 +1.1834e+000 -5.5002e-001 +3.5071e-001 +2.5373e+000 +1.4536e+000 +1.8605e+000 +1.7327e+000 -9.1565e-001 +1.1955e+000
46370 +1.536340567e+000 +1.536340567e+000 +2.099163406e+002 +2.099163406e+002 -2.1155e+000 +1.2207e+000 -3.6382e-001 +1.9593e+000 +2.0628e+000 +2.0830e+000 +2.0287e+000 +1.5931e+000 -9.7955e-001 +2.3920e+000
64794 +1.509342937e+000 +1.509342937e+000 +2.098893429e+002 +2.098893429e+002 -2.0814e+000 +2.0491e+000 +1.3115e+000 +2.2724e+000 +1.3989e+000 +1.7283e+000 +1.7185e+000 +1.7745e+000 -8.8883e-001 +2.0512e+000
% function evaluation | noise-free fitness - Fopt (-1.449600000000e+002) | best noise-free fitness - Fopt | measured fitness | best measured fitness | x1 | x2...
1 +1.264997713e+006 +1.264997713e+006 +1.264852753e+006 +1.264852753e+006 -1.5283e+001 +4.3916e+000 -2.5094e+000 +3.2849e+000 +8.8268e+000 -7.9388e+000 +5.8379e+000 -1.4509e+001 +9.2564e-001 +6.4355e+000
2 +4.392946109e+005 +4.392946109e+005 +4.391496509e+005 +4.391496509e+005 -6.3583e+000 +6.0014e+000 +1.5477e+000 +4.8587e+000 +5.1435e+000 -4.0699e+000 +7.4758e-001 -3.7531e+000 +2.5514e+000 +1.0372e+001
3 +3.581994143e+005 +3.581994143e+005 +3.580544543e+005 +3.580544543e+005 -5.9348e+000 +3.3555e+000 +1.2473e+000 +9.1934e+000 -2.1752e-001 -2.0879e+000 -6.9701e-001 -7.4553e+000 +2.3026e+000 +6.2687e+000
4 +3.324474619e+005 +3.324474619e+005 +3.323025019e+005 +3.323025019e+005 -1.4257e+000 +3.8715e+000 -2.2362e+000 +2.8700e-001 -4.5965e-001 -4.1250e+000 +4.0010e+000 -6.3831e+000 +9.1749e-001 +6.5783e+000
8 +2.618311971e+005 +2.618311971e+005 +2.616862371e+005 +2.616862371e+005 -6.0283e+000 +6.7830e+000 +1.9540e-001 +1.9567e+000 +3.2513e+000 -3.6237e+000 -2.8189e+000 -6.7629e+000 +2.6658e+000 +4.1208e+000
11 +2.321199938e+005 +2.321199938e+005 +2.319750338e+005 +2.319750338e+005 -3.0905e+000 +2.3092e+000 -8.2545e+000 +2.0762e+000 +1.4546e+000 -1.7888e-001 +3.4162e+000 -4.5742e+000 +2.8811e+000 +4.0365e-004
13 +1.358510993e+005 +1.358510993e+005 +1.357061393e+005 +1.357061393e+005 -6.6148e+000 +2.0350e+000 +3.7207e+000 +6.2728e+000 -3.3468e+000 -6.5723e+000 -1.3334e+000 -1.8458e+000 -5.8601e-001 -1.0198e+000
27 +8.900713227e+004 +8.900713227e+004 +8.886217227e+004 +8.886217227e+004 -4.0318e+000 +5.1901e-001 -1.9162e+000 +2.7943e+000 -8.6017e-001 -3.5923e+000 +1.8210e+000 +8.4401e-001 +1.8104e+000 +5.7975e+000
52 +8.647290372e+004 +8.647290372e+004 +8.632794372e+004 +8.632794372e+004 -4.4862e+000 +3.2992e+000 -1.6543e+000 +1.9803e+000 -2.9300e-001 +5.5041e+000 +4.7896e+000 -1.6689e+000 +2.4207e-001 +3.9179e+000
56 +2.571851314e+004 +2.571851314e+004 +2.557355314e+004 +2.557355314e+004 -6.1404e+000 +4.6500e+000 -1.8982e+000 -5.7580e-002 -3.1831e+000 -2.0746e+000 +1.4825e+000 +1.4656e+000 +5.3094e-001 +3.0193e+000
104 +1.578732319e+004 +1.578732319e+004 +1.564236319e+004 +1.564236319e+004 -1.6515e+000 -2.8717e-001 -5.2940e+000 +3.0040e+000 -7.8330e-001 +2.6247e+000 +2.2899e+000 +1.8920e+000 -1.2485e+000 +3.1950e+000
165 +4.555674287e+003 +4.555674287e+003 +4.410714287e+003 +4.410714287e+003 -4.4925e+000 +3.0897e+000 -4.0844e+000 +1.9479e+000 +7.7142e-001 +1.3267e-001 -9.7299e-001 +3.2097e+000 -7.3537e-001 +2.0812e+000
315 +2.042876767e+003 +2.042876767e+003 +1.897916767e+003 +1.897916767e+003 +2.4905e+000 +2.2710e+000 -2.2000e+000 -2.2320e-001 +1.2086e-001 -4.7212e-001 -1.2699e+000 +1.1928e+000 -1.5779e+000 +2.5881e+000
360 +3.590740442e+002 +3.590740442e+002 +2.141140442e+002 +2.141140442e+002 -6.0578e-001 +1.9191e+000 -1.0454e+000 -2.7452e-001 -5.5618e-002 -2.6271e-001 -1.1273e+000 +1.9767e+000 -1.2774e+000 +1.8211e+000
364 +3.278627815e+002 +3.278627815e+002 +1.829027815e+002 +1.829027815e+002 -2.2371e+000 +1.2099e+000 +1.3263e+000 -2.7542e-001 -2.8352e+000 -1.3163e-001 -8.3016e-001 +2.0321e+000 -4.8854e-001 +1.2690e+000
424 +1.989885314e+002 +1.989885314e+002 +5.402853141e+001 +5.402853141e+001 -2.8292e+000 +1.7087e+000 +1.4063e-001 -1.6145e-001 -7.6233e-001 +2.7939e-002 -2.0205e-001 +2.3377e+000 -7.9746e-001 +2.0342e+000
454 +1.127827434e+002 +1.127827434e+002 -3.217725659e+001 -3.217725659e+001 -2.6174e+000 +5.3254e-001 -1.1596e+000 -1.3036e+000 -1.8682e+000 +1.2001e-001 -1.1140e+000 +1.9198e+000 -3.1403e-001 +1.8850e+000
508 +5.285446408e+001 +5.285446408e+001 -9.210553592e+001 -9.210553592e+001 -2.0429e+000 -5.5037e-001 -1.8769e+000 -1.7737e-001 +2.0237e-001 +9.6055e-001 -7.7602e-001 +2.0385e+000 -6.6714e-001 +8.9758e-001
513 +3.836929495e+000 +3.836929495e+000 -1.411230705e+002 -1.411230705e+002 -2.2387e+000 -3.3848e-002 -1.7336e+000 -8.8872e-001 -9.2294e-001 +1.0844e+000 -3.8119e-001 +2.1469e+000 -1.0437e+000 +1.2469e+000
583 +3.426732862e+000 +3.426732862e+000 -1.415332671e+002 -1.415332671e+002 -1.7128e+000 -6.0560e-001 -5.2189e-001 -5.9137e-001 -3.4482e-001 +7.1656e-001 -1.6571e+000 +2.1067e+000 -7.3520e-001 +1.8121e+000
627 +3.106515168e+000 +3.106515168e+000 -1.418534848e+002 -1.418534848e+002 -2.1229e+000 +1.0010e+000 -2.7864e+000 +2.2457e-001 -1.1184e+000 +7.5122e-001 -3.8798e-001 +1.7246e+000 -9.1047e-001 +2.4584e+000
683 +2.983303272e+000 +2.983303272e+000 -1.419766967e+002 -1.419766967e+002 -8.7131e-001 +1.2354e-001 -1.8317e+000 +4.7061e-001 -5.4803e-001 +1.2433e+000 -1.1961e+000 +2.3053e+000 -1.0613e+000 +2.0103e+000
4201 +1.988973184e+000 +1.988973184e+000 -1.429710268e+002 -1.429710268e+002 +1.6041e+000 -3.0678e+000 -8.1302e-001 -2.4135e+000 -1.5366e+000 +1.5833e+000 -2.1982e+000 +1.9677e+000 -2.2010e+000 +2.0731e+000
285007 +1.787119305e+000 +1.787119305e+000 -1.431728807e+002 -1.431728807e+002 -1.0164e+000 -2.3714e+000 -2.1264e+000 -1.4349e+000 -6.0403e-001 +5.4072e-001 -8.4288e-001 +1.0001e+000 -1.6349e+000 +2.2018e+000
287797 +1.747576351e+000 +1.747576351e+000 -1.432124236e+002 -1.432124236e+002 -9.8703e-001 -1.4172e+000 +4.9423e-001 -9.1951e-001 -7.7378e-001 +5.2234e-001 -8.2541e-001 +9.4795e-001 -2.0009e+000 +2.1431e+000
288178 +1.735914943e+000 +1.735914943e+000 -1.432240851e+002 -1.432240851e+002 -1.0074e+000 -1.4413e+000 +5.3375e-001 -8.7491e-001 -7.8645e-001 +5.2517e-001 -8.2173e-001 +9.4708e-001 -1.9966e+000 +2.1378e+000
% function evaluation | noise-free fitness - Fopt (-6.300000000000e+000) | best noise-free fitness - Fopt | measured fitness | best measured fitness | x1 | x2...
1 +3.271940686e+005 +3.271940686e+005 +3.271877686e+005 +3.271877686e+005 -1.8617e+000 +2.0845e+000 -7.7570e+000 +5.0549e+000 +5.9754e-001 +3.5779e+000 -6.6805e+000 -3.7276e+000 -3.0934e+000 -3.6686e+000
2 +1.932823935e+005 +1.932823935e+005 +1.932760935e+005 +1.932760935e+005 -3.3700e+000 +2.3395e+000 -6.1256e+000 -3.1255e+000 -7.4542e-001 +1.4226e+000 -3.0220e+000 -6.2041e+000 -5.4832e+000 -1.4387e+000
3 +1.880966515e+005 +1.880966515e+005 +1.880903515e+005 +1.880903515e+005 +8.1672e-001 -4.7767e-001 -2.1599e+000 -4.4919e+000 -3.5076e-001 +2.3988e+000 -3.4563e+000 -8.2192e+000 -2.3253e+000 -2.5784e+000
9 +1.853036660e+005 +1.853036660e+005 +1.852973660e+005 +1.852973660e+005 +1.6392e+000 +1.7469e+000 -4.2680e+000 -1.7714e-001 +2.7918e+000 +2.5624e+000 -1.6686e+000 -4.5598e+000 -4.2904e+000 -2.4345e+000
13 +1.619804659e+005 +1.619804659e+005 +1.619741659e+005 +1.619741659e+005 +2.3535e+000 +3.7720e+000 -4.0256e+000 -7.5416e-001 -7.5520e+000 +1.2730e+000 -1.7903e+000 -7.8827e-001 -3.4804e+000 +7.7703e+000
15 +7.948469944e+004 +7.948469944e+004 +7.947839944e+004 +7.947839944e+004 -5.7266e-001 +3.3620e+000 -3.0843e+000 -1.2944e+000 -4.8515e-001 +2.2703e+000 -2.5338e+000 -3.4348e+000 -2.3592e+000 -7.9922e-001
56 +7.896893721e+004 +7.896893721e+004 +7.896263721e+004 +7.896263721e+004 -1.4056e+000 +3.4044e+000 -1.6523e+000 +5.3230e+000 -4.4488e+000 +1.5779e+000 -3.0817e+000 -2.8154e+000 -2.8134e+000 +3.7726e+000
88 +6.316735443e+004 +6.316735443e+004 +6.316105443e+004 +6.316105443e+004 -2.2822e+000 +4.1950e+000 -1.4471e+000 +5.4865e+000 -4.2958e+000 +2.1085e+000 -3.3924e+000 -1.9430e+000 -4.2331e-001 +3.1017e+000
100 +2.795549316e+004 +2.795549316e+004 +2.794919316e+004 +2.794919316e+004 +1.3280e-001 +4.8851e+000 -4.0272e+000 -8.1942e-001 -1.3668e+000 +8.7131e-001 -1.3835e+000 -4.8386e+000 -1.6278e+000 +2.8090e+000
137 +2.441531125e+004 +2.441531125e+004 +2.440901125e+004 +2.440901125e+004 +1.6690e+000 +2.5376e+000 -3.2608e+000 +9.0555e-001 -2.0996e+000 +2.4492e+000 -6.2839e-001 -2.0492e+000 -1.5107e+000 +2.9316e+000
160 +1.101404987e+004 +1.101404987e+004 +1.100774987e+004 +1.100774987e+004 +9.4244e-001 +3.3492e+000 -5.9201e+000 -1.6953e+000 -4.6650e-001 -3.5095e+000 -1.2504e+000 -5.1545e-001 -2.0894e-001 +1.4763e+000
175 +8.506665192e+003 +8.506665192e+003 +8.500365192e+003 +8.500365192e+003 +6.5217e+000 +1.0083e-001 -4.1506e+000 -1.6639e+000 -1.8563e+000 +4.5101e-001 +7.7610e-001 -3.2524e+000 +8.3085e-001 +2.2414e+000
235 +2.462978655e+003 +2.462978655e+003 +2.456678655e+003 +2.456678655e+003 -2.2618e+000 -4.8804e-001 -1.0091e+000 +3.4709e-001 -2.9699e+000 -2.0400e+000 -1.1295e+000 -2.9903e+000 +2.2201e+000 +1.2485e+000
301 +6.069036750e+002 +6.069036750e+002 +6.006036750e+002 +6.006036750e+002 +1.2651e+000 +1.5144e+000 -3.3306e+000 +7.0194e-001 -1.4541e+000 -2.0451e+000 -1.7756e-001 -3.2683e+000 -2.9028e-002 +1.5413e+000
329 +1.302030103e+002 +1.302030103e+002 +1.239030103e+002 +1.239030103e+002 +1.9892e+000 +1.3160e+000 -1.7303e+000 +2.7850e+000 -8.0117e-001 -1.1839e+000 +2.2135e+000 -2.3654e+000 +4.7861e-001 +1.2828e+000
382 +4.031241069e+000 +4.031241069e+000 -2.268758931e+000 -2.268758931e+000 +1.8928e+000 +5.9039e-001 -1.8374e-001 +1.5615e-001 -9.8031e-001 -1.9395e+000 +5.9149e-002 -2.4758e+000 +5.7808e-001 +1.5851e+000
425 +3.240726821e+000 +3.240726821e+000 -3.059273179e+000 -3.059273179e+000 +1.0563e-001 +4.9015e-001 -1.4686e+000 +1.4322e+000 -1.1770e+000 -1.5790e+000 +1.4014e-001 -2.6060e+000 +6.5527e-001 +1.5483e+000
816 +2.834958282e+000 +2.834958282e+000 -3.465041718e+000 -3.465041718e+000 +7.7424e-001 +5.4203e-001 -1.3148e+000 +5.2139e-001 -3.5804e-001 -2.3852e+000 +2.0585e+000 -2.1261e+000 +4.6897e-001 +1.9859e+000
2799 +2.355958384e+000 +2.355958384e+000 -3.944041616e+000 -3.944041616e+000 -6.0520e-001 -1.5556e+000 -2.3632e+000 +2.1191e+000 -1.5246e+000 -8.4743e-001 +6.9770e-001 -1.0199e+000 +1.6111e+000 +2.2392e+000
93705 +2.325027250e+000 +2.325027250e+000 -3.974972750e+000 -3.974972750e+000 +4.8194e-002 -2.5938e+000 -1.8091e+000 +1.4261e+000 -1.6953e+000 -3.3615e-001 +1.7085e+000 -1.1718e+000 +2.3242e+000 +1.6959e+000
97960 +2.288900958e+000 +2.288900958e+000 -4.011099042e+000 -4.011099042e+000 +1.1805e+000 -9.5983e-003 -6.3740e-001 +2.5258e+000 -2.0763e+000 -2.0354e-001 +2.4798e+000 -1.4662e+000 +2.2592e+000 +1.6706e+000
99099 +1.881039815e+000 +1.881039815e+000 -4.418960185e+000 -4.418960185e+000 +2.0998e+000 -6.4275e-001 -1.7327e+000 +1.3946e+000 -2.2979e+000 -1.2074e-001 +2.1276e+000 -1.3167e+000 +2.2606e+000 +2.0937e+000
100470 +1.622495341e+000 +1.622495341e+000 -4.677504659e+000 -4.677504659e+000 +2.1035e+000 -2.0293e+000 -1.2018e+000 +1.1170e+000 -2.3446e+000 -9.6440e-002 +2.0731e+000 -1.3103e+000 +2.3527e+000 +2.0710e+000
101974 +1.586769668e+000 +1.586769668e+000 -4.713230332e+000 -4.713230332e+000 +1.0284e+000 -2.4032e+000 +7.1181e-001 +9.7773e-001 -2.4103e+000 -1.8273e-001 +2.0763e+000 -1.1767e+000 +2.2880e+000 +2.0604e+000
104995 +1.568501170e+000 +1.568501170e+000 -4.731498830e+000 -4.731498830e+000 -3.5762e-002 -2.5381e+000 -1.9576e+000 +9.4784e-001 -2.3994e+000 -1.2741e-001 +2.0876e+000 -1.3702e+000 +2.2724e+000 +2.0680e+000
105179 +1.422567195e+000 +1.422567195e+000 -4.877432805e+000 -4.877432805e+000 -1.4428e+000 -2.8828e+000 +8.2104e-001 +9.6047e-001 -2.3856e+000 -1.2732e-001 +2.0750e+000 -1.3469e+000 +2.3050e+000 +2.0614e+000
% function evaluation | noise-free fitness - Fopt (2.796000000000e+001) | best noise-free fitness - Fopt | measured fitness | best measured fitness | x1 | x2...
1 +9.140385067e+005 +9.140385067e+005 +9.140664667e+005 +9.140664667e+005 +8.3425e+000 +9.4852e+000 -2.3360e-001 +2.9512e+000 +2.2994e+000 +5.3837e+000 +3.5520e+000 +8.6434e-001 +8.3118e+000 +8.3650e+000
2 +3.452080649e+005 +3.452080649e+005 +3.452360249e+005 +3.452360249e+005 -4.6367e-001 -1.0242e+001 +4.0893e+000 +1.9347e-002 -8.6385e+000 +4.2050e+000 +1.4056e+000 +1.7034e+000 +6.2155e+000 +1.4976e+000
3 +2.215921213e+005 +2.215921213e+005 +2.216200813e+005 +2.216200813e+005 -5.3697e+000 -1.5519e+000 +9.9119e-001 +2.1407e+000 -5.9854e+000 +3.0768e+000 +2.8396e+000 +2.8727e+000 +5.4300e-003 +5.4448e+000
5 +7.947609927e+004 +7.947609927e+004 +7.950405927e+004 +7.950405927e+004 +2.4040e+000 -3.1139e-001 +3.3788e+000 +2.1800e+000 -5.5426e+000 +4.3117e+000 +3.5476e+000 -8.8095e-001 -4.3661e+000 +3.4342e+000
31 +5.206111829e+004 +5.206111829e+004 +5.208907829e+004 +5.208907829e+004 +1.6300e+000 +1.0517e+000 +4.7569e+000 +2.7170e+000 -3.5073e+000 +3.5428e+000 -1.1794e+000 -4.9238e-001 +1.9327e-001 +1.0216e+000
35 +3.188609932e+004 +3.188609932e+004 +3.191405932e+004 +3.191405932e+004 +1.5543e+000 -1.7227e-001 +3.1905e+000 +4.6794e+000 -4.8686e+000 +3.1087e+000 +1.3159e+000 +1.2756e+000 -2.4057e+000 +8.4617e-001
64 +2.488870480e+004 +2.488870480e+004 +2.491666480e+004 +2.491666480e+004 +1.8471e+000 -5.6128e+000 +2.0228e+000 +7.9223e-001 -4.0359e+000 -1.6217e+000 -4.7461e-001 +1.0280e+000 -1.8108e-001 -1.6141e+000
69 +2.411607603e+004 +2.411607603e+004 +2.414403603e+004 +2.414403603e+004 +1.3107e+000 -3.6462e-002 +3.2456e+000 +3.5193e+000 -7.5718e+000 +1.6567e+000 +5.4922e-001 -6.8214e-001 -3.6437e+000 -1.5547e+000
102 +2.314903791e+004 +2.314903791e+004 +2.317699791e+004 +2.317699791e+004 +1.9845e+000 -3.0272e+000 +4.5400e+000 +2.2400e+000 -2.8787e+000 -1.9878e+000 +2.4956e+000 +5.7857e-001 +1.8700e-001 +6.1736e-001
104 +2.112130982e+004 +2.112130982e+004 +2.114926982e+004 +2.114926982e+004 +1.1776e+000 -1.5714e+000 +3.4334e+000 +2.3397e+000 -5.3378e+000 +2.2788e+000 +4.0831e+000 -4.9655e-001 -2.6537e-001 +6.5020e-001
108 +1.544430880e+004 +1.544430880e+004 +1.547226880e+004 +1.547226880e+004 +3.2624e+000 -1.9211e+000 +2.4387e+000 -6.9200e-001 -4.4471e+000 +2.8655e+000 +4.1656e+000 -6.0826e-002 -1.6044e+000 +3.0462e-001
124 +1.491988775e+004 +1.491988775e+004 +1.494784775e+004 +1.494784775e+004 +2.5350e+000 -1.7421e+000 +7.0454e+000 +9.3569e-001 -3.6371e+000 +1.6656e+000 +2.3994e+000 -4.2795e-001 +8.9517e-002 -3.2677e+000
127 +1.171003891e+004 +1.171003891e+004 +1.173799891e+004 +1.173799891e+004 +3.1254e+000 -2.1909e+000 +3.5941e+000 +4.2708e+000 -2.3078e+000 -4.9416e-001 +3.2932e+000 -8.5482e-001 -3.1710e+000 -2.5521e+000
166 +6.532901032e+003 +6.532901032e+003 +6.560861032e+003 +6.560861032e+003 +4.7900e+000 -6.8984e-001 +3.9832e+000 +1.2161e+000 -3.0759e+000 -3.5663e+000 +1.7821e+000 +1.9329e-001 -2.3651e+000 -1.1648e+000
171 +5.626315743e+003 +5.626315743e+003 +5.654275743e+003 +5.654275743e+003 +3.3970e+000 -1.1563e+000 +3.3272e+000 +3.5893e+000 -3.7649e+000 +1.1435e+000 +2.1626e+000 +2.4007e-001 -1.7060e+000 -6.6614e-001
175 +6.841344647e+002 +6.841344647e+002 +7.120944647e+002 +7.120944647e+002 +2.2839e+000 +1.5198e+000 +3.3678e+000 +8.4304e-001 -1.7306e+000 -1.2276e+000 +2.6703e+000 -8.2466e-001 -2.4892e+000 -3.3322e-001
353 +6.343210934e+002 +6.343210934e+002 +6.622810934e+002 +6.622810934e+002 +2.7908e-001 +1.6280e-001 +3.7748e+000 -1.2360e+000 -2.3751e+000 -1.0737e+000 +2.2641e+000 +3.5918e-002 -1.0639e+000 -1.8093e+000
396 +4.947063880e+002 +4.947063880e+002 +5.226663880e+002 +5.226663880e+002 +3.1959e+000 -1.2791e+000 +3.4963e+000 +7.4589e-001 -2.7699e+000 -9.2045e-001 +2.6807e+000 +5.2048e-003 -2.4433e+000 -1.8761e+000
414 +3.366769073e+002 +3.366769073e+002 +3.646369073e+002 +3.646369073e+002 +1.5934e+000 -1.2705e+000 +3.9270e+000 -1.1033e-001 -1.5476e+000 -6.3478e-001 +2.1865e+000 -2.4005e-001 -1.9112e+000 -1.4197e+000
437 +2.165752000e+002 +2.165752000e+002 +2.445352000e+002 +2.445352000e+002 +4.8274e-002 -9.9913e-001 +5.9266e-001 -5.9140e-001 -3.1523e+000 -1.7415e+000 +2.1336e+000 -1.7124e-001 -1.7360e+000 -8.0147e-001
467 +8.325357013e+001 +8.325357013e+001 +1.112135701e+002 +1.112135701e+002 +1.2517e+000 +1.7253e-001 +3.2272e+000 +9.0346e-001 -3.1458e+000 +4.1385e-001 +1.2523e+000 -2.1203e+000 -1.7482e+000 -1.7680e+000
476 +3.874511451e+000 +3.874511451e+000 +3.183451145e+001 +3.183451145e+001 +1.5534e+000 -6.7191e-001 +2.4979e+000 +6.3269e-001 -2.1303e+000 -2.9337e-001 +2.6285e+000 -1.2306e+000 -9.3425e-001 -1.3919e+000
671 +3.435554546e+000 +3.435554546e+000 +3.139555455e+001 +3.139555455e+001 +1.4617e+000 +1.4607e-001 +1.7872e+000 -7.4732e-001 -1.6656e+000 -3.9934e-001 +2.0494e+000 -1.5176e+000 -1.6478e+000 -1.0177e+000
714 +3.332427510e+000 +3.332427510e+000 +3.129242751e+001 +3.129242751e+001 -9.7619e-001 -5.8239e-001 +2.7495e+000 -4.8419e-001 -1.9872e+000 -1.9439e+000 +2.2001e+000 -1.0888e+000 -1.6569e+000 -1.4847e+000
721 +3.173798839e+000 +3.173798839e+000 +3.113379884e+001 +3.113379884e+001 +8.4936e-001 -3.2730e-001 +2.0330e+000 +3.2462e-001 -1.3198e+000 -1.6181e+000 +2.2284e+000 -7.5967e-001 -1.5181e+000 -1.8946e+000
767 +3.018697402e+000 +3.018697402e+000 +3.097869740e+001 +3.097869740e+001 -1.9850e-001 +6.9350e-002 +2.5026e+000 -1.0934e+000 -2.1847e+000 -2.0231e+000 +1.5132e+000 -9.1314e-001 -2.0036e+000 -2.1805e+000
1243 +2.926500902e+000 +2.926500902e+000 +3.088650090e+001 +3.088650090e+001 +7.5881e-001 -1.2213e+000 +2.6839e-001 -1.6437e-001 -1.2565e+000 -4.6527e-001 +1.3579e+000 -1.1687e+000 -1.8488e+000 -2.2033e+000
2720 +2.859779184e+000 +2.859779184e+000 +3.081977918e+001 +3.081977918e+001 -5.9801e-002 +1.5002e+000 -4.9515e-001 -2.8626e+000 -1.1827e+000 -1.1689e+000 +1.9763e+000 -1.6954e+000 -2.1679e+000 -8.8625e-001
7296 +2.672967185e+000 +2.672967185e+000 +3.063296719e+001 +3.063296719e+001 +1.4165e+000 +4.8632e-001 -1.0457e+000 -2.2931e+000 -2.0825e+000 -2.1120e+000 +1.4658e+000 -1.9145e+000 -1.8277e+000 -1.0650e+000
7449 +2.613039306e+000 +2.613039306e+000 +3.057303931e+001 +3.057303931e+001 +6.3567e-001 +7.7739e-001 -1.2160e-001 -2.6235e+000 -1.9366e+000 -2.1088e+000 +8.4769e-001 -1.0332e+000 -1.1513e+000 -1.6775e+000
44472 +2.566122190e+000 +2.566122190e+000 +3.052612219e+001 +3.052612219e+001 +3.8106e-002 +3.6114e-001 +2.4023e+000 -1.3092e+000 -2.3349e-001 -6.1865e-001 +1.4780e+000 -2.2002e+000 -2.0706e+000 -1.6849e+000
62870 +2.446346213e+000 +2.446346213e+000 +3.040634621e+001 +3.040634621e+001 -2.0799e+000 -8.5377e-001 +1.6568e-001 -8.1863e-001 -1.7363e+000 -2.1843e+000 +8.0262e-001 -1.0076e+000 -1.9174e+000 -1.8603e+000
62965 +1.880853032e+000 +1.880853032e+000 +2.984085303e+001 +2.984085303e+001 -2.1472e+000 +6.2052e-001 -2.8447e-001 -3.2182e-001 -1.9212e+000 -2.2111e+000 +2.1038e+000 -1.1834e+000 -1.9544e+000 -1.7917e+000
75556 +1.693159618e+000 +1.693159618e+000 +2.965315962e+001 +2.965315962e+001 +1.2640e-001 +2.7200e+000 +2.2030e+000 -1.2230e+000 -2.2818e+000 -2.0917e+000 +2.1378e+000 -2.1191e+000 -2.0571e+000 -1.2270e+000
78642 +1.497197449e+000 +1.497197449e+000 +2.945719745e+001 +2.945719745e+001 +1.4572e+000 +7.3740e-003 +1.7712e+000 -1.3806e+000 -2.3578e+000 -2.1042e+000 +2.1555e+000 -2.0385e+000 -2.1093e+000 -1.7903e+000
116998 +1.421931523e+000 +1.421931523e+000 +2.938193152e+001 +2.938193152e+001 -9.8302e-001 +2.3380e+000 +1.1504e+000 -4.5607e-001 -2.4949e+000 -2.0117e+000 +9.6826e-001 -2.3247e+000 -2.0413e+000 -2.0891e+000
118620 +1.207618597e+000 +1.207618597e+000 +2.916761860e+001 +2.916761860e+001 -9.4315e-001 +2.3866e+000 +1.1872e+000 -5.1921e-001 -2.4577e+000 -1.9911e+000 +1.2778e+000 -2.3009e+000 -2.0420e+000 -2.1274e+000
118717 +1.173144370e+000 +1.173144370e+000 +2.913314437e+001 +2.913314437e+001 -1.0899e+000 +2.3547e+000 +1.2162e+000 -4.9028e-001 -2.4665e+000 -2.0052e+000 +1.2756e+000 -2.3093e+000 -2.0478e+000 -2.1066e+000
118891 +1.147478913e+000 +1.147478913e+000 +2.910747891e+001 +2.910747891e+001 -1.0214e+000 +2.3420e+000 +1.2244e+000 -4.9436e-001 -2.4824e+000 -2.0109e+000 +1.2984e+000 -2.3137e+000 -2.0461e+000 -2.0951e+000
119781 +1.033514569e+000 +1.033514569e+000 +2.899351457e+001 +2.899351457e+001 -1.1096e+000 +2.3620e+000 +1.2061e+000 -4.9390e-001 -2.4935e+000 -2.0029e+000 +1.6423e+000 -2.2401e+000 -2.0593e+000 -2.1316e+000
% function evaluation | noise-free fitness - Fopt (-6.338000000000e+001) | best noise-free fitness - Fopt | measured fitness | best measured fitness | x1 | x2...
1 +3.562687894e+005 +3.562687894e+005 +3.562054094e+005 +3.562054094e+005 -6.8541e-001 +3.3622e+000 +2.6979e+000 +2.0993e-001 -2.2769e+000 +2.8793e+000 +5.4839e+000 -6.9558e+000 -3.9194e+000 +5.8400e+000
2 +2.446139496e+005 +2.446139496e+005 +2.445505696e+005 +2.445505696e+005 -8.5242e+000 +3.1019e+000 +6.8819e+000 -3.0281e+000 +9.8414e-001 +5.0014e+000 -3.9187e+000 -5.8863e+000 +8.8985e-001 -2.4220e+000
3 +8.676953387e+004 +8.676953387e+004 +8.670615387e+004 +8.670615387e+004 -6.3094e+000 +3.8874e+000 +8.2012e+000 -1.8013e+000 -1.9609e+000 +4.2314e+000 -5.5121e+000 -1.4549e+000 -5.5249e+000 +2.7519e+000
8 +8.240111787e+004 +8.240111787e+004 +8.233773787e+004 +8.233773787e+004 -8.6960e-001 +2.2019e+000 +1.1091e+000 +3.9336e+000 +1.4985e+000 +4.2138e+000 -3.5188e+000 -3.2612e+000 -5.4883e+000 +2.9679e-001
22 +7.783887531e+004 +7.783887531e+004 +7.777549531e+004 +7.777549531e+004 -1.2646e+000 +4.8134e+000 +8.9351e-001 -2.2080e+000 +1.1051e+000 +2.9238e+000 -3.7575e+000 -4.9176e+000 -4.9807e+000 +2.3973e+000
27 +3.154152161e+004 +3.154152161e+004 +3.147814161e+004 +3.147814161e+004 -6.0132e-001 +1.9024e+000 +1.8654e+000 +1.4128e+000 -2.9189e+000 +4.4974e-001 -2.4139e+000 -1.1333e+000 -5.6804e+000 +2.5722e+000
61 +3.053622418e+004 +3.053622418e+004 +3.047284418e+004 +3.047284418e+004 -3.0154e+000 +2.1343e+000 +1.2657e+000 -2.2836e-001 -5.0322e-001 +2.5575e+000 -5.4026e+000 -2.0630e+000 -4.3233e+000 +2.7886e+000
94 +2.500794197e+004 +2.500794197e+004 +2.494456197e+004 +2.494456197e+004 -3.8664e+000 +4.6691e+000 +2.2753e+000 -1.0987e+000 -1.9050e+000 +8.4312e-001 -3.1385e+000 -2.3657e+000 -5.1875e+000 +9.2800e-001
137 +1.906321905e+004 +1.906321905e+004 +1.899983905e+004 +1.899983905e+004 +4.0510e-001 +3.5012e+000 +6.8851e-001 +1.9123e+000 +7.0522e-001 +2.8211e+000 -3.8743e+000 +2.2089e+000 -2.0792e+000 +2.7387e+000
141 +1.618640837e+004 +1.618640837e+004 +1.612302837e+004 +1.612302837e+004 -4.1266e+000 +1.8181e+000 +1.5185e+000 +8.9827e-002 -1.2599e+000 +2.4319e+000 -5.1857e+000 +1.7787e+000 +1.4821e-001 +1.5939e+000
153 +6.433657030e+003 +6.433657030e+003 +6.370277030e+003 +6.370277030e+003 +1.4165e+000 +2.7358e+000 +1.8850e+000 -1.0589e+000 -1.4158e+000 +1.3819e+000 -4.3479e+000 -3.7296e-001 -3.5881e+000 +1.9106e+000
315 +5.898250664e+003 +5.898250664e+003 +5.834870664e+003 +5.834870664e+003 -7.3193e-001 +1.2572e+000 +1.8946e+000 -2.6168e+000 -8.3238e-001 +8.6537e-001 -4.5602e+000 -8.2688e-001 -2.6414e+000 +7.5275e-001
326 +3.259622747e+003 +3.259622747e+003 +3.196242747e+003 +3.196242747e+003 +4.5017e+000 -6.1744e-001 +2.4000e+000 -3.6185e+000 -1.1298e+000 +1.7681e-001 -3.1331e+000 +1.5564e+000 -7.5684e-001 +1.2855e+000
347 +1.254404580e+003 +1.254404580e+003 +1.191024580e+003 +1.191024580e+003 +1.7116e-001 -1.9016e+000 -9.6467e-001 -1.0442e+000 -1.3336e+000 +9.2569e-001 -3.2443e+000 +1.4693e-001 -2.0995e+000 +1.0888e+000
395 +5.869051617e+002 +5.869051617e+002 +5.235251617e+002 +5.235251617e+002 -2.4660e+000 -1.7683e+000 +2.1853e+000 -2.3289e+000 -8.3206e-001 +2.1249e-001 -2.6573e+000 +2.3806e-001 -2.8285e+000 +1.6100e+000
423 +7.168721303e+001 +7.168721303e+001 +8.307213034e+000 +8.307213034e+000 -2.1589e+000 -4.0284e-001 +1.4011e+000 -3.4936e-001 +3.4272e-001 -1.2821e+000 -4.5483e-002 +2.0353e+000 -2.3436e+000 +1.5281e+000
503 +2.261876730e+001 +2.261876730e+001 -4.076123270e+001 -4.076123270e+001 +3.7986e-001 -7.0259e-001 +2.8697e+000 +1.1459e+000 -2.2233e-002 -2.1443e-001 -7.7892e-001 +5.6004e-001 -1.7587e+000 +2.1504e+000
563 +3.079846054e+000 +3.079846054e+000 -6.030015395e+001 -6.030015395e+001 -2.7510e-001 -6.8474e-001 +1.6429e+000 +2.8660e-001 -5.8501e-001 -4.7467e-001 -2.4100e+000 +4.6254e-001 -1.5778e+000 +1.8854e+000
1194 +2.810323938e+000 +2.810323938e+000 -6.056967606e+001 -6.056967606e+001 -3.0037e-001 +4.3842e-001 -3.7035e-001 -1.8616e+000 -1.4516e+000 -2.2130e+000 -2.1080e+000 +1.2640e+000 -1.7142e+000 +1.8725e+000
1344 +2.725894219e+000 +2.725894219e+000 -6.065410578e+001 -6.065410578e+001 +7.8157e-001 +1.4347e+000 +1.4465e+000 -1.4499e+000 -2.2244e+000 -2.1171e+000 -2.1533e+000 +1.1906e+000 -1.2622e+000 +1.8683e+000
1987 +2.627915289e+000 +2.627915289e+000 -6.075208471e+001 -6.075208471e+001 -4.1983e-001 +1.3916e+000 +1.4283e+000 -2.3322e+000 -1.4450e+000 -1.7624e+000 -2.1446e+000 +1.3227e+000 -1.5090e+000 +2.2450e+000
2632 +2.562594777e+000 +2.562594777e+000 -6.081740522e+001 -6.081740522e+001 +1.1708e+000 +1.6364e+000 +1.3512e+000 -7.4685e-001 -2.5660e+000 -1.9731e+000 -2.2026e+000 +1.6253e+000 -1.3965e+000 +2.2278e+000
2815 +2.390320110e+000 +2.390320110e+000 -6.098967989e+001 -6.098967989e+001 +9.9782e-001 +1.2568e+000 +2.3125e+000 -5.8907e-001 -3.6074e-001 -1.9736e+000 -2.2092e+000 +1.3428e+000 -1.4375e+000 +2.3085e+000
3339 +2.295082151e+000 +2.295082151e+000 -6.108491785e+001 -6.108491785e+001 +9.3627e-001 +1.4553e+000 +1.2783e+000 -2.3210e+000 +9.8945e-002 -1.5620e+000 -2.1626e+000 +1.0613e+000 -1.4098e+000 +2.2983e+000
3662 +2.274680577e+000 +2.274680577e+000 -6.110531942e+001 -6.110531942e+001 +1.0633e+000 +1.5118e+000 +2.0600e+000 -1.4301e+000 -1.6448e+000 -1.6679e+000 -2.1975e+000 +5.7622e-001 -1.4356e+000 +2.2075e+000
4362 +2.193297642e+000 +2.193297642e+000 -6.118670236e+001 -6.118670236e+001 +1.0646e+000 +1.4023e+000 +8.9607e-001 -2.3864e+000 -7.2925e-001 -1.8682e+000 -2.1569e+000 +1.1520e+000 -1.3630e+000 +2.2606e+000
4704 +2.158820096e+000 +2.158820096e+000 -6.122117990e+001 -6.122117990e+001 +1.0006e+000 +1.5056e+000 +2.3569e+000 -2.1357e+000 -7.5978e-001 -1.8069e+000 -2.1414e+000 +1.3451e+000 -1.3644e+000 +2.3180e+000
4789 +2.034041777e+000 +2.034041777e+000 -6.134595822e+001 -6.134595822e+001 +9.0098e-001 +1.4752e+000 +2.2777e+000 -2.1500e+000 -9.1572e-001 -1.8509e+000 -2.2196e+000 +1.1539e+000 -1.3381e+000 +2.2977e+000
5987 +1.986657359e+000 +1.986657359e+000 -6.139334264e+001 -6.139334264e+001 +1.0910e+000 +1.3820e+000 +1.4376e+000 -1.4614e+000 -7.1158e-001 -1.9047e+000 -2.1200e+000 +2.1015e+000 -1.3186e+000 +2.3035e+000
6244 +1.939807366e+000 +1.939807366e+000 -6.144019263e+001 -6.144019263e+001 +1.0349e+000 +1.3794e+000 +1.3940e+000 -1.4509e+000 -6.4051e-001 -1.9022e+000 -2.1560e+000 +2.0998e+000 -1.2708e+000 +2.3033e+000
9444 +1.859833036e+000 +1.859833036e+000 -6.152016696e+001 -6.152016696e+001 +1.0027e+000 +1.4656e+000 +1.4190e+000 -2.3106e+000 -7.4107e-001 -1.9047e+000 -2.1465e+000 +1.6292e+000 -1.2497e+000 +2.3339e+000
10059 +1.810182359e+000 +1.810182359e+000 -6.156981764e+001 -6.156981764e+001 +1.0212e+000 +1.4202e+000 +1.4085e+000 -2.2399e+000 -4.2054e-001 -1.8812e+000 -2.1762e+000 +1.6241e+000 -1.2346e+000 +2.3257e+000
10778 +1.778156345e+000 +1.778156345e+000 -6.160184365e+001 -6.160184365e+001 +1.0213e+000 +1.4276e+000 +1.4309e+000 -2.2701e+000 -7.2460e-001 -1.8787e+000 -2.1586e+000 +1.6444e+000 -1.2368e+000 +2.3229e+000
% function evaluation | noise-free fitness - Fopt (-1.337200000000e+002) | best noise-free fitness - Fopt | measured fitness | best measured fitness | x1 | x2...
1 +1.390595674e+004 +1.390595674e+004 +1.377223674e+004 +1.377223674e+004 -3.3752e+000 -9.1939e-001 +1.6329e+000 +1.8541e+000 +2.0751e+000 -2.6829e+000 +3.4808e-001 +2.1571e+000 -1.1797e+000 +4.1910e+000
77 +1.144488129e+004 +1.144488129e+004 +1.131116129e+004 +1.131116129e+004 -2.0476e+000 +2.9578e+000 +3.6646e+000 -2.0809e+000 +4.0660e+000 +3.0838e-001 -2.1551e+000 -1.3437e-001 -6.7819e-001 +1.3004e+000
105 +3.954532003e+003 +3.954532003e+003 +3.820812003e+003 +3.820812003e+003 -2.3166e+000 -1.9467e+000 +3.7507e+000 -2.7953e+000 +3.3627e+000 -2.8930e+000 -1.8008e+000 +1.0047e+000 +5.1868e-001 +2.9400e+000
158 +3.613720000e+003 +3.613720000e+003 +3.480000000e+003 +3.480000000e+003 -2.5787e+000 +1.2876e+000 +3.3993e+000 -6.6119e-001 +2.4808e+000 -2.0428e+000 -5.7309e-001 +8.1208e-002 +5.1215e-002 +2.6820e+000
160 +3.262223986e+003 +3.262223986e+003 +3.128503986e+003 +3.128503986e+003 -5.0467e-001 -5.4699e-001 +3.4822e+000 -1.1048e+000 +4.4325e+000 -2.6813e+000 -3.8184e-001 +9.6414e-001 +1.3092e+000 +2.0576e+000
171 +6.226951724e+002 +6.226951724e+002 +4.889751724e+002 +4.889751724e+002 +2.1473e+000 -1.6221e+000 +2.7082e+000 +5.4279e-001 +3.3467e+000 -1.8447e+000 -4.4415e-001 +3.7384e-001 +7.8300e-001 +2.2796e+000
276 +4.227141325e+000 +4.227141325e+000 -1.294928587e+002 -1.294928587e+002 -2.0532e+000 -1.1446e-001 +8.4949e-001 -6.8782e-001 +1.8857e+000 -1.1897e+000 -2.2164e+000 +8.0940e-001 +1.4459e+000 +1.8651e+000
505 +3.506241245e+000 +3.506241245e+000 -1.302137588e+002 -1.302137588e+002 -4.3205e-002 +1.6129e-001 +1.7844e+000 +1.0795e-001 +2.7069e+000 -1.3543e-001 -1.8831e+000 +1.3002e+000 +1.3212e+000 +1.4376e+000
519 +3.432288949e+000 +3.432288949e+000 -1.302877111e+002 -1.302877111e+002 -4.1274e-001 -1.2834e+000 +4.7816e-001 +1.8997e+000 +2.1124e+000 -3.3446e-001 -8.4120e-001 +1.5720e+000 +1.2731e+000 +1.6237e+000
622 +3.314073803e+000 +3.314073803e+000 -1.304059262e+002 -1.304059262e+002 +1.0751e+000 +4.4693e-001 +1.0161e+000 -2.5239e-001 +2.7723e+000 -4.0616e-001 -1.0262e+000 +1.2885e+000 +1.0612e+000 +1.9976e+000
653 +3.104670583e+000 +3.104670583e+000 -1.306153294e+002 -1.306153294e+002 +4.4796e-001 +2.7153e-001 +1.6381e+000 -1.5218e-001 +2.5862e+000 -1.7955e-001 -9.3821e-001 +1.1038e+000 +1.1195e+000 +1.6472e+000
705 +3.040112164e+000 +3.040112164e+000 -1.306798878e+002 -1.306798878e+002 -2.8445e-001 +5.1289e-001 +1.5001e+000 -1.8840e-001 +2.6888e+000 +2.9064e-002 -1.0472e+000 +1.5732e+000 +1.2577e+000 +2.0244e+000
903 +2.845086230e+000 +2.845086230e+000 -1.308749138e+002 -1.308749138e+002 -1.3557e-001 -5.9935e-001 +7.0788e-001 -6.1019e-002 +2.7048e+000 -1.7683e-002 -1.2947e+000 +1.1076e+000 +1.7052e+000 +1.5634e+000
1585 +2.804454220e+000 +2.804454220e+000 -1.309155458e+002 -1.309155458e+002 +4.2372e-001 +9.4413e-002 +3.8810e-001 +1.6888e-001 +2.5770e+000 -5.9303e-001 -1.9372e+000 +1.5014e+000 +2.2469e+000 +1.6557e+000
1758 +2.619464633e+000 +2.619464633e+000 -1.311005354e+002 -1.311005354e+002 +5.4220e-001 +1.4898e+000 +4.6817e-001 +1.5515e-001 +2.5098e+000 -9.4121e-001 -2.4331e+000 +1.5474e+000 +1.9111e+000 +2.1932e+000
1948 +2.529637309e+000 +2.529637309e+000 -1.311903627e+002 -1.311903627e+002 -9.2202e-002 +2.6418e+000 +4.6024e-001 +1.2014e-001 +2.5832e+000 +7.4957e-002 -1.7969e+000 +2.1703e+000 +1.4523e+000 +1.4255e+000
2532 +2.497136992e+000 +2.497136992e+000 -1.312228630e+002 -1.312228630e+002 +1.8960e+000 +1.2900e+000 -2.7821e-001 +1.9210e-001 +2.5622e+000 -9.0153e-001 -1.1806e+000 +1.8863e+000 +2.2163e+000 +1.5373e+000
2624 +2.334875020e+000 +2.334875020e+000 -1.313851250e+002 -1.313851250e+002 +3.3343e-001 +1.2302e+000 -4.7342e-001 +3.0482e-001 +2.5871e+000 -1.8513e+000 -4.9294e-001 +2.5085e+000 +1.2947e+000 +1.4125e+000
2808 +2.249903754e+000 +2.249903754e+000 -1.314700962e+002 -1.314700962e+002 +1.9030e+000 +1.2556e+000 -2.3278e-001 +2.0357e-001 +2.6042e+000 -1.2229e-001 -9.4610e-001 +1.4777e+000 +1.4522e+000 +1.1181e+000
4718 +2.148379401e+000 +2.148379401e+000 -1.315716206e+002 -1.315716206e+002 +1.0485e+000 +1.3165e+000 -4.5296e-001 +2.5256e-001 +2.5746e+000 -2.0407e+000 -1.2368e+000 +1.5243e+000 +1.8879e+000 +2.0867e+000
5263 +1.758603081e+000 +1.758603081e+000 -1.319613969e+002 -1.319613969e+002 +2.1176e+000 +1.2904e+000 -4.4732e-001 +2.1151e-001 +2.5288e+000 -2.0661e+000 -2.0363e+000 +1.6300e+000 +1.7777e+000 +1.8140e+000
11141 +1.561741583e+000 +1.561741583e+000 -1.321582584e+002 -1.321582584e+002 +9.6231e-001 +1.4604e+000 -5.1761e-001 +3.7677e-001 +2.5101e+000 -2.7551e-002 -1.0143e+000 +9.1251e-001 +1.0555e+000 +2.3960e+000
13605 +1.510671691e+000 +1.510671691e+000 -1.322093283e+002 -1.322093283e+002 +1.0486e+000 +1.3654e+000 -4.9254e-001 +3.1008e-001 +2.5438e+000 +2.7697e-002 -9.6745e-001 +1.9671e+000 +8.3313e-001 +2.4113e+000
25905 +1.435549855e+000 +1.435549855e+000 -1.322844501e+002 -1.322844501e+002 +1.0829e+000 +2.3459e+000 -8.3975e-001 +3.9257e-001 +2.4330e+000 -1.4555e+000 -2.2539e+000 +1.6537e+000 +2.2043e+000 +1.2170e+000
26961 +1.412373356e+000 +1.412373356e+000 -1.323076266e+002 -1.323076266e+002 +9.9489e-001 +2.3810e+000 -7.6379e-001 +3.8293e-001 +2.5314e+000 -1.4259e+000 -1.7726e+000 +1.7414e+000 +2.1950e+000 +1.2213e+000
% function evaluation | noise-free fitness - Fopt (-4.039900000000e+002) | best noise-free fitness - Fopt | measured fitness | best measured fitness | x1 | x2...
1 +2.047486755e+005 +2.047486755e+005 +2.043446855e+005 +2.043446855e+005 +2.6782e+000 +2.7093e+000 -4.5192e+000 +4.8819e-002 -1.9264e+000 +7.9359e+000 +2.4736e+000 +6.7320e-001 -4.3665e-001 -2.0550e+000
2 +1.664964759e+005 +1.664964759e+005 +1.660924859e+005 +1.660924859e+005 +3.7742e+000 -2.6684e+000 -5.6485e+000 +3.5406e+000 -1.0463e+000 +1.5934e+000 +4.6697e+000 +3.7408e+000 +1.4804e+000 -1.2285e+000
5 +1.306890605e+005 +1.306890605e+005 +1.302850705e+005 +1.302850705e+005 -2.4543e-001 +5.0952e+000 -5.4065e+000 +3.0995e+000 +1.4412e-001 +4.6307e-001 -3.2785e-002 +2.9908e+000 +3.6156e+000 -3.8120e+000
13 +9.632506025e+004 +9.632506025e+004 +9.592107025e+004 +9.592107025e+004 +3.2733e+000 +3.1099e+000 -3.3110e+000 -1.4876e+000 -1.3577e-001 -4.8492e-002 +1.8872e+000 +1.1505e-001 +4.5262e+000 -3.9028e+000
18 +7.262091164e+004 +7.262091164e+004 +7.221692164e+004 +7.221692164e+004 +2.4518e+000 +6.4278e+000 -5.7328e+000 +5.8081e+000 +2.1954e-001 +1.3887e+000 +2.4623e-001 -2.6209e+000 +3.3382e+000 -2.0412e+000
25 +5.100981686e+004 +5.100981686e+004 +5.060582686e+004 +5.060582686e+004 +3.7981e+000 +4.3837e+000 -2.6016e+000 +4.3332e+000 -1.7051e+000 +3.1039e+000 +1.4487e+000 -2.4124e+000 +4.5092e+000 -3.6540e-002
76 +3.744435427e+004 +3.744435427e+004 +3.704036427e+004 +3.704036427e+004 +4.5068e+000 +3.1377e+000 -5.9958e+000 +6.2667e+000 -5.0353e-001 -2.2695e+000 +1.3974e+000 -1.6413e+000 +3.7691e+000 -1.0555e-001
102 +3.216183167e+004 +3.216183167e+004 +3.175784167e+004 +3.175784167e+004 +1.6124e+000 +3.6141e+000 -4.3534e+000 +6.8772e+000 -3.4842e-001 -4.6100e-001 -4.1367e-001 -3.6597e+000 +2.6595e+000 -7.7407e-001
127 +2.777015339e+004 +2.777015339e+004 +2.736616339e+004 +2.736616339e+004 +5.1465e+000 +2.1675e+000 -2.5520e+000 +2.8839e+000 +4.2741e+000 -2.3575e-001 -8.8360e-001 -2.4086e+000 +3.7026e+000 +5.5983e-001
134 +1.974723698e+004 +1.974723698e+004 +1.934324698e+004 +1.934324698e+004 +3.3056e+000 +2.1808e+000 +2.4913e-001 +2.0035e+000 +8.7844e-001 -3.8167e+000 +1.5332e+000 -3.9631e+000 +3.9204e+000 -2.5501e-001
155 +1.482747225e+004 +1.482747225e+004 +1.442348225e+004 +1.442348225e+004 +1.3591e+000 +2.0801e+000 -4.4036e+000 +4.6182e+000 +1.2012e+000 +2.4921e-001 -2.6097e+000 -3.1783e-001 +3.6798e+000 +5.4741e-001
177 +1.286170415e+004 +1.286170415e+004 +1.245771415e+004 +1.245771415e+004 +9.6049e-002 +2.5875e+000 -1.6155e+000 -3.1875e-001 +5.6736e-001 -7.7245e-001 +5.0370e-001 -1.2851e+000 +4.0413e+000 -4.7641e-001
203 +1.059018543e+004 +1.059018543e+004 +1.018619543e+004 +1.018619543e+004 +2.0294e+000 +3.1649e+000 -2.1435e+000 +1.2628e+000 -9.0881e-001 -2.5878e+000 +1.0140e+000 -3.3500e+000 +3.1233e+000 +2.5139e+000
228 +6.301522669e+003 +6.301522669e+003 +5.897532669e+003 +5.897532669e+003 +2.9829e+000 +3.3378e+000 -1.9625e+000 +2.8631e+000 +2.1135e+000 -3.4981e+000 +4.9512e-001 -2.4568e+000 +2.4448e+000 +4.1920e-002
243 +5.699822103e+003 +5.699822103e+003 +5.295832103e+003 +5.295832103e+003 +2.2911e+000 +3.6175e+000 +1.8792e-001 +2.7115e+000 +3.9375e-001 -1.1828e+000 -2.3477e-001 -1.2882e+000 +3.5900e+000 -3.8678e-003
257 +2.914772343e+003 +2.914772343e+003 +2.510782343e+003 +2.510782343e+003 +1.0675e+000 +3.5556e+000 +7.6651e-001 -3.3890e-001 -5.0843e-001 -1.0465e+000 -1.8073e+000 -4.9152e-002 +3.3106e+000 +2.6856e-001
299 +9.667570288e+002 +9.667570288e+002 +5.627670288e+002 +5.627670288e+002 +1.2018e+000 +2.4985e+000 -1.2666e+000 +3.2751e+000 +3.8402e-001 -2.1125e+000 -9.4460e-001 -4.8053e-001 +2.7552e+000 +1.7528e+000
302 +6.942391097e+002 +6.942391097e+002 +2.902491097e+002 +2.902491097e+002 +3.4121e+000 +4.8369e-001 -5.8245e-001 -8.0268e-001 -2.0139e+000 -1.5714e+000 +2.1772e-001 -1.0025e+000 +8.5694e-001 +1.7381e+000
352 +4.584600316e+001 +4.584600316e+001 -3.581439968e+002 -3.581439968e+002 +2.6912e+000 +2.2572e+000 -5.1819e-001 +1.1977e+000 -7.5851e-001 -1.5048e+000 -1.7093e+000 -7.5394e-001 +2.3750e+000 +1.1987e+000
487 +1.115477451e+001 +1.115477451e+001 -3.928352255e+002 -3.928352255e+002 +2.0651e+000 +1.6723e+000 +1.1541e+000 +7.0086e-001 +3.8724e-001 -1.3294e+000 -1.0350e+000 -1.7589e+000 +2.1013e+000 +1.5151e+000
518 +3.983392619e+000 +3.983392619e+000 -4.000066074e+002 -4.000066074e+002 +2.3858e+000 +1.4654e+000 +8.1491e-001 +2.3035e+000 -7.5095e-001 -1.0716e+000 -1.4492e+000 -2.2325e+000 +1.5733e+000 +9.4022e-001
551 +3.774864671e+000 +3.774864671e+000 -4.002151353e+002 -4.002151353e+002 +2.3125e+000 -4.5718e-002 +1.0679e+000 +2.3675e+000 -6.7713e-001 -1.0697e+000 -1.2433e+000 -2.1158e+000 +1.9518e+000 +1.0538e+000
566 +3.580608840e+000 +3.580608840e+000 -4.004093912e+002 -4.004093912e+002 +2.2741e+000 -7.1558e-001 +5.4846e-002 +1.1115e+000 -2.3456e-001 -1.4931e+000 -7.0848e-001 -2.4773e+000 +1.4303e+000 +1.0450e+000
622 +3.526623273e+000 +3.526623273e+000 -4.004633767e+002 -4.004633767e+002 +2.0599e+000 +1.3052e+000 +9.3436e-001 +2.1844e+000 -4.2813e-001 -1.4676e+000 -1.3692e+000 -1.8157e+000 +1.6391e+000 +7.8582e-001
640 +2.897128073e+000 +2.897128073e+000 -4.010928719e+002 -4.010928719e+002 +1.9162e+000 +1.1611e+000 +1.6806e-001 +1.4934e+000 +2.0294e-001 -7.5254e-001 -1.5200e+000 -2.3009e+000 +1.6679e+000 +1.1255e+000
836 +2.666627807e+000 +2.666627807e+000 -4.013233722e+002 -4.013233722e+002 +2.2594e+000 -2.1897e+000 +3.1968e-001 +1.9715e+000 -5.8316e-001 -2.0128e+000 -2.1927e+000 -2.1457e+000 +1.7981e+000 +1.0185e+000
1586 +2.499760725e+000 +2.499760725e+000 -4.014902393e+002 -4.014902393e+002 +2.1102e+000 -8.8925e-001 +5.1487e-001 +2.4964e+000 -1.3681e+000 -2.2703e+000 -1.5238e+000 -1.7846e+000 +1.5697e+000 +1.4420e+000
1805 +2.378482766e+000 +2.378482766e+000 -4.016115172e+002 -4.016115172e+002 +2.1137e+000 -1.1509e+000 +4.5930e-002 +2.5876e+000 -1.3630e+000 -1.6909e+000 -2.1722e+000 -9.0322e-001 +1.7736e+000 +1.6386e+000
2698 +2.330241721e+000 +2.330241721e+000 -4.016597583e+002 -4.016597583e+002 +1.9815e+000 -1.0315e+000 +2.4361e-001 +2.6016e+000 -6.0822e-001 -1.8500e+000 -1.6429e+000 -7.3572e-001 +1.1407e+000 +1.9206e+000
4159 +2.141739901e+000 +2.141739901e+000 -4.018482601e+002 -4.018482601e+002 +2.1013e+000 -1.1287e+000 +3.1156e-001 +2.5320e+000 -1.2186e+000 -1.7546e+000 -4.8625e-001 -1.5967e+000 +9.4359e-001 +1.1879e+000
4934 +2.118835702e+000 +2.118835702e+000 -4.018711643e+002 -4.018711643e+002 +2.0735e+000 -1.4856e-001 +3.8636e-001 +2.4989e+000 -3.8872e-001 -2.0470e+000 -2.1124e+000 -1.4237e+000 +9.9364e-001 +2.4376e+000
5302 +2.069218393e+000 +2.069218393e+000 -4.019207816e+002 -4.019207816e+002 +2.0908e+000 -2.0441e+000 +7.3958e-003 +2.5665e+000 +1.5050e-001 -2.0835e+000 -9.1448e-001 -1.9546e+000 +9.2510e-001 +1.6819e+000
6208 +1.911064810e+000 +1.911064810e+000 -4.020789352e+002 -4.020789352e+002 +2.0654e+000 -2.2332e+000 +1.9973e-001 +2.5478e+000 +1.5543e-001 -1.6583e+000 -2.2170e+000 -1.3866e+000 +9.5928e-001 +2.0669e+000
6624 +1.900017460e+000 +1.900017460e+000 -4.020899825e+002 -4.020899825e+002 +2.1202e+000 -5.4564e-001 +4.1404e-001 +2.5211e+000 +2.6422e-001 -2.1678e+000 -2.1834e+000 -1.2234e+000 +1.0102e+000 +2.3841e+000
9647 +1.686949603e+000 +1.686949603e+000 -4.023030504e+002 -4.023030504e+002 +2.0388e+000 +1.9548e+000 +3.9934e-001 +2.4724e+000 +1.4625e-001 -2.6243e+000 -1.9624e+000 -1.4043e+000 +9.8500e-001 +2.2942e+000
% function evaluation | noise-free fitness - Fopt (1.000000000000e+003) | best noise-free fitness - Fopt | measured fitness | best measured fitness | x1 | x2...
1 +5.096151723e+005 +5.096151723e+005 +5.106151723e+005 +5.106151723e+005 -1.2417e+000 +4.1595e+000 -7.6837e-001 +1.6425e-001 -2.1948e+000 +1.2558e-001 +4.8752e-001 -1.9899e+000 -5.1636e-002 +1.3985e+001
2 +1.870824150e+005 +1.870824150e+005 +1.880824150e+005 +1.880824150e+005 -1.4553e+001 +2.7074e+000 +1.6358e+000 -2.0870e+000 -4.7850e+000 +3.6868e+000 -4.8159e+000 -2.4942e-001 -2.9051e+000 +4.8821e+000
4 +1.248145412e+005 +1.248145412e+005 +1.258145412e+005 +1.258145412e+005 +1.2281e+000 +1.2881e+000 +2.8805e+000 -7.5243e-002 -3.5489e+000 -2.2049e+000 +2.4045e+000 -1.3889e+000 -2.3502e+000 -2.3222e+000
6 +7.123400174e+004 +7.123400174e+004 +7.223400174e+004 +7.223400174e+004 -9.4485e-001 +2.0771e+000 +3.5237e+000 +2.4032e+000 -1.8141e+000 -4.4516e+000 +4.4452e+000 -1.3344e+000 -2.0473e+000 +3.9588e-001
15 +3.892810793e+004 +3.892810793e+004 +3.992810793e+004 +3.992810793e+004 -9.8812e-001 +3.2247e+000 +2.5363e+000 +1.0446e+000 -6.2358e+000 +1.4068e+000 -1.1594e-001 -2.0983e+000 +8.1558e-001 +7.6435e-001
22 +8.252220598e+002 +8.252220598e+002 +1.825222060e+003 +1.825222060e+003 +2.1541e+000 +2.0059e+000 +1.8282e+000 +8.5252e-001 +1.4009e+000 -3.9654e-001 +3.0238e+000 -2.3344e+000 +3.5606e-002 +1.6767e+000
209 +5.479243296e+002 +5.479243296e+002 +1.547924330e+003 +1.547924330e+003 -2.0831e+000 +2.2478e+000 +1.1764e+000 +7.1746e-001 +3.2137e-001 -1.8980e-001 +7.5396e-002 -1.2757e+000 +7.7264e-001 +1.9326e+000
229 +3.086221573e+002 +3.086221573e+002 +1.308622157e+003 +1.308622157e+003 -4.2197e-001 +1.8857e+000 +1.3467e-001 +3.8550e-001 +2.1535e-001 +2.5112e+000 +1.9015e+000 -1.1766e+000 +4.9623e-001 +8.2817e-001
259 +3.012444673e+002 +3.012444673e+002 +1.301244467e+003 +1.301244467e+003 +6.0102e-002 +1.9506e+000 +1.5362e+000 +7.2197e-001 +1.5157e-001 -1.9651e-001 +8.9399e-001 -1.2184e+000 +1.1499e+000 +2.6277e+000
264 +3.455901868e+001 +3.455901868e+001 +1.034559019e+003 +1.034559019e+003 -6.2661e-001 +1.7760e+000 +9.7922e-001 -5.8633e-002 +1.4220e+000 +2.5678e-001 +9.7191e-001 -3.9492e-001 +1.0265e+000 +1.7507e+000
276 +5.428134459e+000 +5.428134459e+000 +1.005428134e+003 +1.005428134e+003 -9.5745e-001 +1.9566e+000 +1.1256e+000 +2.4509e-001 +2.0139e+000 -3.2782e-001 +9.8493e-001 -1.0755e+000 +1.2340e+000 +1.6796e+000
311 +4.431129014e+000 +4.431129014e+000 +1.004431129e+003 +1.004431129e+003 -9.9062e-001 -2.8898e-001 +7.7393e-001 +4.9665e-002 +1.1352e+000 +7.6435e-001 +9.7140e-001 -1.3094e+000 +9.8370e-001 +1.4873e+000
312 +4.104129234e+000 +4.104129234e+000 +1.004104129e+003 +1.004104129e+003 -9.9985e-001 +1.5556e+000 +5.7586e-001 -2.2575e-001 +1.0512e+000 +1.2600e+000 +1.0435e+000 -1.4175e+000 +1.0484e+000 +1.6387e+000
353 +4.013538620e+000 +4.013538620e+000 +1.004013539e+003 +1.004013539e+003 -1.7289e+000 +1.9366e+000 +1.1636e+000 +6.3163e-001 +1.2759e+000 +1.0221e+000 +1.1464e+000 -1.5735e+000 +9.6095e-001 +1.3142e+000
373 +3.839177844e+000 +3.839177844e+000 +1.003839178e+003 +1.003839178e+003 -1.7853e-001 +1.7904e+000 -5.1659e-001 +5.0905e-001 +2.5833e+000 +8.0486e-001 +8.5969e-001 -1.4156e+000 +1.1295e+000 +1.6366e+000
382 +3.295855402e+000 +3.295855402e+000 +1.003295855e+003 +1.003295855e+003 -1.3540e+000 +1.4835e+000 +8.7439e-001 +3.0667e-001 +1.9113e+000 +1.6083e+000 +1.1965e+000 -7.8515e-001 +1.0717e+000 +1.8324e+000
621 +3.213141430e+000 +3.213141430e+000 +1.003213141e+003 +1.003213141e+003 -7.6753e-001 +1.0670e+000 +4.1345e-001 +4.3398e-001 +1.9314e+000 +2.1537e+000 +1.1506e+000 -1.7949e+000 +1.4526e+000 +1.4277e+000
779 +3.162219844e+000 +3.162219844e+000 +1.003162220e+003 +1.003162220e+003 -7.3069e-001 +1.7730e+000 -1.4009e-001 +6.5534e-001 +1.2774e+000 +8.2922e-001 +1.1521e+000 -2.3496e+000 +1.2952e+000 +1.7605e+000
2945 +2.969495349e+000 +2.969495349e+000 +1.002969495e+003 +1.002969495e+003 +1.7827e+000 +2.1353e+000 -1.1889e+000 +7.8863e-001 +1.1880e+000 +1.7656e+000 +2.1178e+000 -2.1687e-001 +2.0352e+000 +1.2935e+000
4280 +2.735811354e+000 +2.735811354e+000 +1.002735811e+003 +1.002735811e+003 +1.9900e+000 +1.3789e+000 -1.2769e+000 +1.0335e+000 +2.3231e+000 +1.4972e+000 +5.3166e-001 -1.3122e+000 +1.9476e+000 +1.2973e+000
7528 +2.526189667e+000 +2.526189667e+000 +1.002526190e+003 +1.002526190e+003 +3.0161e-001 +2.5973e+000 -1.9125e+000 +3.6966e-001 +9.2667e-001 +1.5940e+000 +1.3680e+000 -2.3164e+000 +1.6646e+000 +1.9128e+000
7976 +2.295038355e+000 +2.295038355e+000 +1.002295038e+003 +1.002295038e+003 -2.2322e-001 +2.7389e+000 +7.4603e-001 +3.1987e-001 +9.2246e-001 +1.7593e+000 +4.3487e-001 -1.7936e+000 +2.1362e+000 +1.7456e+000
34703 +2.210510211e+000 +2.210510211e+000 +1.002210510e+003 +1.002210510e+003 +4.0388e-001 -5.8909e-001 -2.6992e+000 +1.6655e+000 +2.2301e+000 +3.0791e-001 +2.5012e+000 -1.5447e+000 +2.2509e+000 +1.6716e+000
37889 +1.954239962e+000 +1.954239962e+000 +1.001954240e+003 +1.001954240e+003 -6.9811e-001 -4.5694e-001 -2.9000e+000 +1.9498e+000 +2.2205e+000 +5.9160e-001 +2.5211e+000 -5.6981e-001 +2.0841e+000 +1.3879e+000
51798 +1.936598451e+000 +1.936598451e+000 +1.001936598e+003 +1.001936598e+003 +2.1592e-001 -5.8829e-001 -1.9340e+000 +2.7407e-001 +1.9787e+000 +2.9241e-001 +2.5500e+000 -8.7340e-001 +1.1110e+000 +2.3663e+000
52301 +1.839518653e+000 +1.839518653e+000 +1.001839519e+003 +1.001839519e+003 +3.5852e-001 -5.8563e-001 -1.8834e+000 +2.3579e-001 +1.9049e+000 +2.5195e-001 +2.5680e+000 -8.7365e-001 +1.1226e+000 +2.3508e+000
53786 +1.804614434e+000 +1.804614434e+000 +1.001804614e+003 +1.001804614e+003 +3.5272e-001 -6.2981e-001 -1.9319e+000 +3.0626e-001 +1.9112e+000 +2.7003e-001 +2.6000e+000 -8.5910e-001 +1.1297e+000 +2.3374e+000
54292 +1.776631771e+000 +1.776631771e+000 +1.001776632e+003 +1.001776632e+003 +3.4258e-001 -6.1173e-001 -1.9234e+000 +3.1167e-001 +1.8998e+000 +2.4626e-001 +2.5544e+000 -8.6692e-001 +1.1222e+000 +2.3674e+000
56137 +1.737750644e+000 +1.737750644e+000 +1.001737751e+003 +1.001737751e+003 +3.2609e-001 -6.3493e-001 -1.9504e+000 +2.8443e-001 +1.9107e+000 +2.4542e-001 +2.5694e+000 -8.7718e-001 +1.1140e+000 +2.3531e+000
% function evaluation | noise-free fitness - Fopt (1.005700000000e+002) | best noise-free fitness - Fopt | measured fitness | best measured fitness | x1 | x2...
1 +1.460015175e+005 +1.460015175e+005 +1.461020875e+005 +1.461020875e+005 +3.3017e+000 +5.6864e+000 +4.3087e-001 +5.8333e+000 +5.5184e+000 -1.8343e+000 -6.9363e-001 -2.6562e+000 +5.3583e+000 -3.9352e-002
4 +9.038188899e+004 +9.038188899e+004 +9.048245899e+004 +9.048245899e+004 -7.0620e-001 +4.1416e+000 -2.3598e+000 -5.2185e-001 +6.6101e-001 -3.4585e+000 -2.6250e+000 -2.1933e+000 +3.1772e+000 -1.3291e-001
5 +4.042025613e+004 +4.042025613e+004 +4.052082613e+004 +4.052082613e+004 +6.5126e+000 -1.6701e+000 -9.8662e-001 +1.5562e+000 -2.4746e+000 -1.0327e+000 -2.2152e+000 -4.5136e-001 +3.8643e+000 +9.3487e-001
31 +1.595138936e+004 +1.595138936e+004 +1.605195936e+004 +1.605195936e+004 +3.5981e-002 +2.9787e+000 +7.5786e-001 -1.0690e+000 +8.4230e-001 +8.1417e-001 -6.5714e-001 -1.3773e+000 +1.0509e+000 -1.3392e+000
43 +1.584329030e+004 +1.584329030e+004 +1.594386030e+004 +1.594386030e+004 +2.2358e+000 +1.7886e+000 +2.1046e+000 +3.4777e+000 +1.1518e-001 +4.7996e-001 +2.1982e-001 +7.5152e-001 +4.1059e+000 +6.6779e-001
54 +5.641672803e+003 +5.641672803e+003 +5.742242803e+003 +5.742242803e+003 -1.2025e+000 +2.7683e+000 -7.1191e-001 -4.1964e+000 +1.0192e+000 +2.0859e+000 +3.5558e-001 +5.0370e-002 +3.5867e+000 -8.3996e-001
138 +4.610271815e+003 +4.610271815e+003 +4.710841815e+003 +4.710841815e+003 +3.4512e+000 -7.9088e-002 +1.8653e+000 -4.5747e-001 -1.3404e+000 -6.8804e-001 -4.5341e-001 +9.1721e-001 +3.2339e+000 -4.0473e-001
166 +4.528292402e+003 +4.528292402e+003 +4.628862402e+003 +4.628862402e+003 +3.2540e-001 +1.0305e+000 +1.9448e+000 -7.8997e-001 -5.2485e-001 -6.5313e-002 +7.7347e-001 +2.5297e-001 +3.8849e+000 -1.5649e+000
175 +3.101463789e+003 +3.101463789e+003 +3.202033789e+003 +3.202033789e+003 +1.0649e+000 +3.1256e+000 +8.8607e-001 -1.6772e+000 -3.2036e+000 -1.5563e+000 +1.4890e+000 +1.9675e-001 +1.2322e+000 -1.9781e+000
194 +1.638392655e+003 +1.638392655e+003 +1.738962655e+003 +1.738962655e+003 +3.0311e+000 +1.1992e+000 +2.0750e+000 -1.5262e+000 -4.7705e-001 +1.5605e+000 -4.7176e-001 +7.1483e-001 +2.7274e+000 -4.7255e-002
195 +1.523883133e+003 +1.523883133e+003 +1.624453133e+003 +1.624453133e+003 -1.7174e+000 +1.7141e+000 -4.6222e-001 -1.4919e+000 +9.2055e-002 -6.5984e-001 +1.8601e+000 +5.6710e-002 +2.5758e+000 -5.2622e-001
208 +1.055745050e+003 +1.055745050e+003 +1.156315050e+003 +1.156315050e+003 +8.8021e-001 +1.4942e+000 +5.4604e-001 -1.1675e+000 -1.0444e+000 +9.9697e-001 -1.5028e-001 +2.3500e-001 +2.8088e+000 -1.2125e+000
233 +5.354407788e+002 +5.354407788e+002 +6.360107788e+002 +6.360107788e+002 +9.6243e-001 +1.7681e+000 -6.0978e-001 -5.6817e-001 -3.1455e+000 -5.4209e-002 +1.5480e+000 +1.7796e+000 +2.6508e+000 -8.9765e-001
366 +1.924218296e+002 +1.924218296e+002 +2.929918296e+002 +2.929918296e+002 -1.9364e+000 +1.2882e+000 -2.5280e-001 -1.0393e+000 -2.0846e+000 +2.6464e-001 +2.1674e-001 +5.6249e-001 +2.0418e+000 -1.2245e+000
367 +3.651570023e+001 +3.651570023e+001 +1.370857002e+002 +1.370857002e+002 -2.7857e+000 -2.4073e+000 +4.2876e-001 -1.9254e+000 -7.8190e-001 +7.3766e-001 +6.4153e-001 +8.5946e-001 +1.8062e+000 -7.7710e-001
404 +4.646254151e+000 +4.646254151e+000 +1.052162542e+002 +1.052162542e+002 -7.8057e-001 +9.2963e-001 +1.0343e+000 -9.9162e-002 -1.0652e+000 +4.3629e-001 +1.7129e+000 +7.7088e-001 +2.2499e+000 -7.7277e-001
414 +4.099240382e+000 +4.099240382e+000 +1.046692404e+002 +1.046692404e+002 +1.2759e+000 -4.8103e-001 +8.7603e-001 -2.7985e-002 -1.8907e+000 -7.5810e-002 +2.3078e+000 +1.1617e+000 +1.6534e+000 -2.2269e+000
511 +3.270039324e+000 +3.270039324e+000 +1.038400393e+002 +1.038400393e+002 +2.4454e+000 -1.0119e+000 +1.0861e+000 -3.7980e-001 -1.0976e+000 +8.6877e-001 +2.4132e+000 +1.3037e+000 +1.8295e+000 -2.1254e+000
820 +2.966777877e+000 +2.966777877e+000 +1.035367779e+002 +1.035367779e+002 -5.3373e-001 -3.1282e-001 +4.6199e-001 -1.2199e+000 -2.0304e+000 +1.5617e+000 +1.7085e+000 +1.0939e+000 +2.3836e+000 -9.1839e-001
1680 +2.728672057e+000 +2.728672057e+000 +1.032986721e+002 +1.032986721e+002 -7.0684e-001 +2.6989e-001 +4.0322e-001 -1.5868e-001 -1.4404e+000 +2.2428e+000 +1.5389e+000 +1.3330e+000 +2.2820e+000 -1.3992e+000
5002 +2.629480385e+000 +2.629480385e+000 +1.031994804e+002 +1.031994804e+002 -1.4036e+000 -1.3407e+000 -4.7150e-001 -1.3917e+000 -1.2922e+000 +2.8202e-001 +2.6149e+000 +1.4737e+000 +2.1668e+000 -2.0614e+000
22877 +2.435499091e+000 +2.435499091e+000 +1.030054991e+002 +1.030054991e+002 +2.1964e+000 -1.1269e+000 +1.6090e+000 -8.6789e-001 -1.8057e+000 +1.1836e+000 +6.0833e-001 +1.7473e+000 +8.9007e-001 -1.2430e+000
48768 +2.352805317e+000 +2.352805317e+000 +1.029228053e+002 +1.029228053e+002 +1.0694e+000 -1.4804e-001 -2.0142e-001 -2.6116e+000 -1.3485e+000 +9.3990e-001 +1.9006e+000 +1.7093e+000 +1.6056e+000 -2.2053e+000
70713 +2.259115635e+000 +2.259115635e+000 +1.028291156e+002 +1.028291156e+002 +1.1106e+000 -2.3052e+000 +9.4268e-001 -2.4256e+000 -4.3138e-001 +1.1262e+000 +1.2482e+000 +2.2644e+000 +2.0902e+000 -1.7587e+000
71965 +2.143808470e+000 +2.143808470e+000 +1.027138085e+002 +1.027138085e+002 +9.7996e-001 +8.8794e-001 -1.0031e-001 -2.6533e+000 -1.0905e+000 +1.7517e+000 +1.7930e+000 +2.1699e+000 +2.0773e+000 -1.7542e+000
73044 +2.019103161e+000 +2.019103161e+000 +1.025891032e+002 +1.025891032e+002 +9.6518e-001 -9.0020e-002 +1.7214e+000 -2.1950e+000 -1.4288e+000 +2.2073e+000 +1.7184e+000 +2.2277e+000 +2.1025e+000 -1.0225e+000
79080 +1.977455648e+000 +1.977455648e+000 +1.025474556e+002 +1.025474556e+002 +1.0566e+000 -1.3513e+000 +2.1973e+000 -6.7961e-001 -4.2126e-001 +6.5937e-001 +1.8165e+000 +2.1615e+000 +2.0600e+000 -2.1101e+000
80123 +1.925286784e+000 +1.925286784e+000 +1.024952868e+002 +1.024952868e+002 +1.0974e+000 -2.5125e+000 +1.9051e+000 -2.9734e-001 -3.3587e-001 +1.5098e+000 +1.8793e+000 +2.1724e+000 +2.1139e+000 -2.1095e+000
80304 +1.838589409e+000 +1.838589409e+000 +1.024085894e+002 +1.024085894e+002 +1.0180e+000 -8.9372e-001 +1.5685e+000 -1.1464e+000 -1.7725e-001 +7.0210e-001 +1.9569e+000 +2.1414e+000 +2.1070e+000 -2.1399e+000
80592 +1.695537303e+000 +1.695537303e+000 +1.022655373e+002 +1.022655373e+002 +1.0133e+000 -1.2412e+000 +1.4574e+000 -3.5293e-001 -3.4313e-001 +6.1856e-001 +1.9634e+000 +2.1768e+000 +2.1115e+000 -2.1051e+000
81302 +1.632737691e+000 +1.632737691e+000 +1.022027377e+002 +1.022027377e+002 +1.0345e+000 -1.3346e+000 +1.5098e+000 -8.7240e-001 -2.7486e-001 +6.5260e-001 +1.9879e+000 +2.1378e+000 +2.1034e+000 -2.1098e+000
82074 +1.620089655e+000 +1.620089655e+000 +1.021900897e+002 +1.021900897e+002 +1.0268e+000 -8.0584e-001 +1.5678e+000 -9.9630e-001 -2.2463e-001 +6.6253e-001 +1.9560e+000 +2.1327e+000 +2.0952e+000 -2.1078e+000
% function evaluation | noise-free fitness - Fopt (1.149000000000e+001) | best noise-free fitness - Fopt | measured fitness | best measured fitness | x1 | x2...
1 +5.167486635e+004 +5.167486635e+004 +5.168635635e+004 +5.168635635e+004 -4.4871e-001 -2.4046e+000 +9.8604e-001 +4.5512e+000 +1.3598e+000 +2.0350e+000 +3.1075e+000 +1.6199e+000 -6.1327e+000 -1.0110e-001
3 +4.666478320e+004 +4.666478320e+004 +4.667627320e+004 +4.667627320e+004 +1.1920e+000 -1.9520e+000 +1.3610e+000 +5.6593e+000 +1.2458e+000 +3.4679e+000 -8.4148e-001 +1.5780e+000 -1.3378e+000 +1.1482e+000
5 +2.360933645e+004 +2.360933645e+004 +2.362082645e+004 +2.362082645e+004 +5.6093e+000 -1.1123e+000 +2.9900e+000 +4.3637e+000 +1.0439e+000 +2.6062e+000 -5.1979e-001 +2.0384e+000 -1.8606e+000 -1.6447e-001
46 +1.478657920e+004 +1.478657920e+004 +1.479806920e+004 +1.479806920e+004 +2.8956e+000 -3.0753e+000 +1.8277e+000 +3.5320e+000 +1.4206e+000 +9.3810e-003 +6.8010e-003 +2.3303e+000 -2.4749e+000 +1.1544e+000
74 +1.182317083e+004 +1.182317083e+004 +1.183466083e+004 +1.183466083e+004 +1.6447e+000 -7.7555e-001 +3.7438e-001 +4.1631e+000 -2.2756e-001 -1.3132e+000 -1.1881e+000 +1.5103e+000 -3.0660e+000 +8.0046e-001
131 +1.133355946e+004 +1.133355946e+004 +1.134504946e+004 +1.134504946e+004 +2.6008e+000 -2.6387e+000 +1.4382e+000 +6.0030e+000 -2.7434e+000 +3.6999e-001 +3.3774e-001 +1.0760e+000 -2.2845e+000 -5.7809e-001
165 +5.440542838e+003 +5.440542838e+003 +5.452032838e+003 +5.452032838e+003 +1.6716e+000 -4.1526e+000 +6.2799e-001 +2.7467e+000 +1.3090e+000 -1.7363e-001 +2.4732e+000 -2.3570e-001 -3.6316e+000 -1.8875e+000
206 +3.332294378e+003 +3.332294378e+003 +3.343784378e+003 +3.343784378e+003 +3.0702e+000 -1.6133e+000 +6.9117e-001 +3.2665e+000 +1.4324e+000 +1.1730e+000 +7.1007e-001 +1.8694e+000 -3.0359e+000 -1.8361e+000
219 +1.661099131e+003 +1.661099131e+003 +1.672589131e+003 +1.672589131e+003 -8.6022e-001 -2.7744e+000 +7.2986e-001 +3.5068e+000 -1.2616e+000 -1.7597e+000 +1.7528e+000 +8.7245e-001 -2.3927e+000 -9.6685e-001
225 +2.339428718e+002 +2.339428718e+002 +2.454328718e+002 +2.454328718e+002 +2.0284e+000 -2.2801e+000 +5.1537e-001 +2.0612e+000 +1.1491e+000 -4.2473e-001 +5.3237e-001 +2.3018e+000 -2.4188e+000 -1.6128e+000
275 +3.312828483e+001 +3.312828483e+001 +4.461828483e+001 +4.461828483e+001 +5.9194e-001 -1.8009e+000 +3.9025e-001 +3.0325e+000 +6.9389e-001 -4.0986e-001 +1.0202e+000 +1.8079e+000 -2.0656e+000 -1.2892e+000
354 +4.700689085e+000 +4.700689085e+000 +1.619068909e+001 +1.619068909e+001 +1.3456e+000 -1.4208e+000 +2.4754e-001 +2.7687e+000 +6.1152e-001 -1.7592e-001 +1.3909e+000 +1.1440e+000 -1.9589e+000 -1.3071e+000
365 +4.292781459e+000 +4.292781459e+000 +1.578278146e+001 +1.578278146e+001 +7.8060e-001 +1.1146e+000 -5.0241e-001 +1.3615e+000 +7.6168e-001 -9.7648e-001 +1.3292e+000 +6.6689e-001 -2.1102e+000 -1.5781e+000
456 +3.677609025e+000 +3.677609025e+000 +1.516760902e+001 +1.516760902e+001 +1.2191e+000 -8.7329e-002 -6.8420e-002 +1.9245e+000 +1.0708e+000 -7.5968e-001 +6.2813e-001 +1.6477e+000 -2.1623e+000 -1.5369e+000
503 +3.447364907e+000 +3.447364907e+000 +1.493736491e+001 +1.493736491e+001 -5.1209e-001 -5.1374e-001 +1.2143e-001 +1.0289e+000 +2.2532e-001 -3.8061e-001 +9.5979e-001 +8.1112e-001 -2.0535e+000 -1.2982e+000
567 +3.125374770e+000 +3.125374770e+000 +1.461537477e+001 +1.461537477e+001 +8.3839e-001 +1.5036e+000 +1.2608e+000 +2.1292e+000 +5.6015e-001 -5.7173e-001 +2.4077e+000 +1.1991e+000 -1.8089e+000 -1.8635e+000
1078 +3.040611151e+000 +3.040611151e+000 +1.453061115e+001 +1.453061115e+001 +3.5903e-001 +6.7229e-001 +2.6285e-001 +7.3617e-001 +3.6180e-001 -6.5550e-001 +2.4698e+000 +7.8464e-001 -1.7854e+000 -1.4476e+000
1535 +2.845608068e+000 +2.845608068e+000 +1.433560807e+001 +1.433560807e+001 +3.2832e-001 +1.5376e+000 +4.8290e-001 +8.8929e-001 +3.2587e-001 -1.6317e+000 +2.2664e+000 +5.3945e-001 -1.6569e+000 -1.2680e+000
2300 +2.703414326e+000 +2.703414326e+000 +1.419341433e+001 +1.419341433e+001 +9.2299e-001 +4.1825e-001 +3.7532e-001 +2.6627e+000 +3.0553e-001 -7.0647e-001 +1.6675e+000 +7.8536e-001 -1.3004e+000 -1.1497e+000
2479 +2.417211319e+000 +2.417211319e+000 +1.390721132e+001 +1.390721132e+001 +2.0939e+000 +2.4052e-001 +2.3781e-001 +2.5361e+000 +4.2066e-001 -4.3533e-001 +1.3037e+000 +2.2320e+000 -2.0736e+000 -1.7499e+000
10753 +2.368043142e+000 +2.368043142e+000 +1.385804314e+001 +1.385804314e+001 -1.4358e+000 +7.0097e-001 +4.8718e-001 +2.8660e-001 +8.7882e-001 -1.7661e+000 +2.1553e+000 +1.3688e+000 -1.2804e+000 -1.1735e+000
20311 +2.315034781e+000 +2.315034781e+000 +1.380503478e+001 +1.380503478e+001 +2.0898e+000 -1.0537e+000 -1.3409e+000 +1.0370e+000 +1.2452e+000 -1.7290e+000 +2.2236e+000 +1.9107e+000 -2.1249e+000 -9.8348e-001
39785 +2.288783826e+000 +2.288783826e+000 +1.377878383e+001 +1.377878383e+001 +2.3000e-001 +2.7320e+000 -1.7757e+000 +2.1139e+000 -1.2527e-001 -1.7279e+000 +2.1209e+000 +1.6503e+000 -1.8413e+000 -1.6181e+000
40979 +2.205252917e+000 +2.205252917e+000 +1.369525292e+001 +1.369525292e+001 +2.3104e+000 +1.8377e+000 -1.2566e+000 +1.5601e+000 +2.0442e-001 -2.0111e+000 +2.2066e+000 +1.6482e+000 -1.8038e+000 -1.0381e+000
42427 +2.094481270e+000 +2.094481270e+000 +1.358448127e+001 +1.358448127e+001 +1.9792e-001 +1.7923e+000 -2.1477e+000 +1.2980e+000 +1.6139e-001 -2.0024e+000 +2.1514e+000 +1.6510e+000 -1.8318e+000 -2.0989e+000
43471 +2.018128095e+000 +2.018128095e+000 +1.350812809e+001 +1.350812809e+001 +1.0863e+000 +2.2747e+000 -1.0588e+000 +9.1452e-001 +2.6057e-001 -1.9980e+000 +2.1241e+000 +1.6345e+000 -1.8309e+000 -1.0272e+000
43520 +1.988866568e+000 +1.988866568e+000 +1.347886657e+001 +1.347886657e+001 +1.8938e+000 +2.0724e+000 -1.3030e+000 +4.9517e-001 +1.8713e-001 -2.0495e+000 +2.1451e+000 +1.6046e+000 -1.8144e+000 -2.1955e+000
43732 +1.937458998e+000 +1.937458998e+000 +1.342745900e+001 +1.342745900e+001 +9.5200e-001 +2.4690e+000 -9.9820e-001 +1.2232e+000 +2.1117e-001 -1.9749e+000 +2.1583e+000 +1.6559e+000 -1.8291e+000 -2.1944e+000
43871 +1.810256493e+000 +1.810256493e+000 +1.330025649e+001 +1.330025649e+001 +1.0841e+000 +2.4776e+000 -1.1503e+000 +8.3118e-001 +2.3094e-001 -1.9718e+000 +2.1197e+000 +1.6800e+000 -1.7980e+000 -2.2065e+000
45230 +1.648340947e+000 +1.648340947e+000 +1.313834095e+001 +1.313834095e+001 +1.0632e+000 +2.3130e+000 -1.1326e+000 +1.1486e+000 +1.7635e-001 -2.0330e+000 +2.1217e+000 +1.6606e+000 -1.8188e+000 -2.1727e+000
53418 +1.614311955e+000 +1.614311955e+000 +1.310431196e+001 +1.310431196e+001 +1.0120e+000 +2.3399e+000 -2.0711e+000 +1.3680e+000 +1.0714e-001 -2.0280e+000 +2.1364e+000 +1.6705e+000 -1.3376e+000 -2.2475e+000
63564 +1.572037720e+000 +1.572037720e+000 +1.306203772e+001 +1.306203772e+001 +1.0549e+000 +2.3787e+000 -1.9269e+000 +1.3615e+000 +7.9396e-002 -2.0239e+000 +2.0984e+000 +1.6493e+000 -1.6039e+000 -2.2064e+000
68902 +1.541453540e+000 +1.541453540e+000 +1.303145354e+001 +1.303145354e+001 +1.0495e+000 +2.3228e+000 -2.1300e+000 +1.2327e+000 +2.3474e-001 -2.0428e+000 +2.1191e+000 +1.6563e+000 -1.8213e+000 -2.1801e+000
69107 +1.495339751e+000 +1.495339751e+000 +1.298533975e+001 +1.298533975e+001 +1.0043e+000 +2.4586e+000 -2.0832e+000 +9.0430e-001 +3.0278e-001 -1.9631e+000 +2.1332e+000 +1.6605e+000 -1.8155e+000 -2.1713e+000
% function evaluation | noise-free fitness - Fopt (7.731000000000e+001) | best noise-free fitness - Fopt | measured fitness | best measured fitness | x1 | x2...
1 +1.837717795e+005 +1.837717795e+005 +1.838490895e+005 +1.838490895e+005 +7.8402e-001 +8.0481e-001 +5.3633e-001 -1.0715e+000 -5.5599e+000 +2.4885e+000 +7.0865e-001 -2.4304e+000 -7.2924e-001 -3.8632e+000
19 +1.353729852e+005 +1.353729852e+005 +1.354502952e+005 +1.354502952e+005 -9.7029e-001 +2.0259e-002 +2.9381e+000 -9.4182e-001 -4.8798e+000 +1.8928e+000 +4.4456e+000 +9.3100e-001 -3.7548e+000 -7.5634e-001
26 +9.990164679e+004 +9.990164679e+004 +9.997895679e+004 +9.997895679e+004 -1.1779e+001 +7.6987e+000 -8.5634e-001 -7.8747e-001 -3.4707e+000 +3.2842e+000 +3.4490e+000 -3.1822e+000 +1.7669e+000 -1.4594e+000
37 +9.418069588e+004 +9.418069588e+004 +9.425800588e+004 +9.425800588e+004 -6.3637e+000 -2.2260e+000 +4.8303e-001 -2.2151e+000 -1.9968e-001 +3.6170e+000 +3.7526e+000 -4.0142e+000 +5.2686e+000 -3.1196e+000
52 +7.042211520e+004 +7.042211520e+004 +7.049942520e+004 +7.049942520e+004 -3.7035e+000 +1.6878e+000 -3.5504e+000 +2.2279e+000 -5.0050e+000 +1.5370e+000 +2.3683e+000 -3.5643e+000 +5.9056e+000 -5.3962e-001
55 +6.767765327e+004 +6.767765327e+004 +6.775496327e+004 +6.775496327e+004 -1.5619e+000 -4.0420e+000 -3.2112e+000 +4.4637e+000 -2.9100e+000 +1.8014e+000 +1.5496e+000 -5.5119e-001 -2.8518e+000 +5.7856e-001
65 +6.587266349e+004 +6.587266349e+004 +6.594997349e+004 +6.594997349e+004 -2.5255e+000 -4.5652e-001 -2.6193e-001 -3.6877e+000 -3.8902e+000 +1.1576e+000 +1.9951e+000 -2.9521e+000 +2.1408e+000 -8.1627e-001
71 +5.612211784e+004 +5.612211784e+004 +5.619942784e+004 +5.619942784e+004 -8.5887e+000 -1.3828e+000 +3.4480e+000 +5.8853e+000 -3.6554e+000 +6.4507e+000 +2.9449e+000 -1.8274e+000 +3.9782e+000 -7.4778e-001
72 +5.152607063e+004 +5.152607063e+004 +5.160338063e+004 +5.160338063e+004 -4.6522e+000 +2.0753e+000 +3.6137e-001 -1.5854e+000 -4.3735e+000 +1.3689e+000 +1.5884e+000 -2.1379e+000 +1.2120e+000 +3.9831e+000
101 +4.447548907e+004 +4.447548907e+004 +4.455279907e+004 +4.455279907e+004 -1.1304e+000 +1.0714e+000 +1.4310e+000 -4.7665e+000 -2.9708e+000 +1.4916e+000 +4.4576e+000 +1.0736e+000 +1.4777e+000 +2.5053e+000
130 +3.595485431e+004 +3.595485431e+004 +3.603216431e+004 +3.603216431e+004 -2.9978e+000 -1.5235e+000 -6.3942e+000 +2.0834e+000 -1.6418e+000 +3.1272e+000 +1.9039e+000 -5.4777e-001 +1.5742e+000 -1.6052e+000
164 +2.217990117e+004 +2.217990117e+004 +2.225721117e+004 +2.225721117e+004 +2.6275e+000 +6.3838e-001 -1.1530e+000 +7.8605e-001 -3.6193e+000 +2.3964e+000 +2.9530e+000 -6.8868e-001 +2.4422e+000 -8.4193e-001
182 +1.372876088e+004 +1.372876088e+004 +1.380607088e+004 +1.380607088e+004 -7.1438e+000 +1.3558e+000 -2.0694e+000 +1.6698e+000 +4.1719e-001 +3.5218e+000 +2.3416e+000 -9.8652e-001 +7.4041e-001 +1.7594e+000
224 +1.289424882e+004 +1.289424882e+004 +1.297155882e+004 +1.297155882e+004 -1.9630e+000 +1.0617e+000 +2.1456e+000 +2.0787e+000 -1.3310e+000 +2.0210e+000 +2.9403e+000 -1.4204e+000 +8.9906e-001 -1.2895e-001
250 +3.704361176e+003 +3.704361176e+003 +3.781671176e+003 +3.781671176e+003 -4.7931e+000 +2.4100e+000 -3.0968e+000 +2.1911e+000 -8.7014e-001 +5.9555e-001 +1.3282e+000 +1.8752e+000 +9.4071e-001 +3.1674e-001
302 +2.059128821e+003 +2.059128821e+003 +2.136438821e+003 +2.136438821e+003 -2.5083e+000 +2.0738e+000 +1.0285e+000 +3.0001e+000 -6.9167e-001 +1.3660e+000 +1.8689e+000 -1.7228e-001 +1.6983e+000 +1.7871e-001
359 +1.786085382e+003 +1.786085382e+003 +1.863395382e+003 +1.863395382e+003 -2.8359e+000 +9.0200e-002 -3.0291e+000 +1.2357e+000 -1.0260e+000 +1.7809e-001 +3.0105e+000 -6.5059e-001 +9.4181e-001 +2.4502e+000
366 +8.806682029e+002 +8.806682029e+002 +9.579782029e+002 +9.579782029e+002 -2.5429e+000 -5.8869e-001 -2.0849e+000 -5.0441e-001 +2.1852e+000 +1.6060e-001 +2.7122e+000 +3.9204e-001 +1.0147e+000 +4.5339e-001
388 +4.739322376e+002 +4.739322376e+002 +5.512422376e+002 +5.512422376e+002 -2.8056e+000 +3.0204e+000 -3.5751e+000 +1.6159e-002 -2.4780e-001 +9.4651e-001 +2.1640e+000 +1.0323e+000 +2.1411e+000 +1.0281e+000
433 +2.829539994e+002 +2.829539994e+002 +3.602639994e+002 +3.602639994e+002 -2.8486e+000 +1.0058e+000 -8.0898e-001 -2.6907e-001 +4.1645e-002 +1.8513e-001 +2.8122e+000 +1.2973e-001 +3.0106e+000 +1.5742e+000
534 +1.945815306e+001 +1.945815306e+001 +9.676815306e+001 +9.676815306e+001 -2.6908e+000 +2.4785e-001 -1.5841e+000 +4.9153e-001 +5.6883e-001 +3.1580e-001 +2.4603e+000 +6.4067e-001 +2.5416e+000 +1.2291e+000
570 +1.872545540e+001 +1.872545540e+001 +9.603545540e+001 +9.603545540e+001 -2.5729e+000 -1.3074e-001 +7.3499e-001 +6.5188e-001 +8.8639e-001 +2.0533e+000 +2.3775e+000 +4.0528e-001 +1.8473e+000 +2.0939e+000
662 +4.157865603e+000 +4.157865603e+000 +8.146786560e+001 +8.146786560e+001 -2.3466e+000 -2.1455e+000 -1.0875e+000 +6.3014e-002 +1.1450e+000 +5.4882e-001 +1.2731e+000 +6.3105e-001 +2.2481e+000 +1.7915e+000
707 +3.866178401e+000 +3.866178401e+000 +8.117617840e+001 +8.117617840e+001 -1.9971e+000 -1.7337e+000 -7.5539e-001 +7.7969e-001 +9.9180e-001 +1.0158e+000 +1.2369e+000 +7.9882e-001 +1.7037e+000 +1.6579e+000
782 +3.285615218e+000 +3.285615218e+000 +8.059561522e+001 +8.059561522e+001 -2.3357e+000 -1.1594e+000 -3.4054e-001 +9.2255e-001 +1.0117e+000 +9.0123e-001 +1.8438e+000 +1.0764e+000 +1.9028e+000 +1.8140e+000
925 +3.213053389e+000 +3.213053389e+000 +8.052305339e+001 +8.052305339e+001 -1.8669e+000 +7.4905e-001 -8.6705e-001 +4.6820e-001 +1.2741e+000 +5.6214e-001 +2.4559e+000 +2.0231e+000 +1.2118e+000 +1.7528e+000
1103 +2.927212618e+000 +2.927212618e+000 +8.023721262e+001 +8.023721262e+001 -1.0244e+000 -2.2133e+000 -1.0619e+000 +4.4822e-001 +1.4040e+000 +2.1541e+000 +1.7261e+000 +2.1986e+000 +1.4276e+000 +1.9023e+000
1698 +2.673906368e+000 +2.673906368e+000 +7.998390637e+001 +7.998390637e+001 -4.0005e-001 -1.5483e+000 -2.2915e+000 +1.4028e+000 +1.4655e-001 +7.5009e-001 +1.2031e+000 +1.6391e+000 +1.2268e+000 +1.5920e+000
6295 +2.514313973e+000 +2.514313973e+000 +7.982431397e+001 +7.982431397e+001 -1.0255e+000 -1.3426e+000 -1.8034e-001 +8.3934e-001 +4.6834e-001 +2.5393e+000 +8.2168e-001 +2.4272e+000 +1.3964e+000 +2.2810e+000
13993 +2.509768944e+000 +2.509768944e+000 +7.981976894e+001 +7.981976894e+001 -1.1886e+000 -2.2871e+000 -2.1523e+000 +1.6158e+000 +1.5350e+000 +8.3900e-001 +2.4539e+000 +1.2737e+000 +2.2771e+000 +1.3976e+000
15291 +2.369989579e+000 +2.369989579e+000 +7.967998958e+001 +7.967998958e+001 -9.1702e-001 -1.6100e+000 -2.2047e+000 -5.4532e-001 +2.8182e+000 +1.4857e+000 +1.6850e+000 +1.4332e+000 +2.2363e+000 +2.0374e+000
15640 +2.224611140e+000 +2.224611140e+000 +7.953461114e+001 +7.953461114e+001 -1.0414e+000 -5.8302e-001 -1.5886e+000 +5.1160e-001 +2.4295e+000 +1.4129e-001 +2.5286e+000 +1.5697e+000 +2.2450e+000 +1.1684e+000
22024 +2.141440986e+000 +2.141440986e+000 +7.945144099e+001 +7.945144099e+001 -9.4050e-001 -1.4280e+000 -8.9176e-001 -4.8585e-003 +2.6350e+000 +1.0848e+000 +1.1033e+000 +1.9028e+000 +2.1397e+000 +9.0055e-001
22649 +2.114864530e+000 +2.114864530e+000 +7.942486453e+001 +7.942486453e+001 -1.9187e+000 -2.0552e+000 +3.3059e-002 +1.6574e-001 +2.6289e+000 +1.2549e+000 +1.0823e+000 +1.8815e+000 +2.1314e+000 +1.5210e+000
24425 +1.604939835e+000 +1.604939835e+000 +7.891493984e+001 +7.891493984e+001 +1.5342e+000 -3.0639e+000 -5.7105e-001 +4.7514e-002 +2.5834e+000 +1.3588e+000 +1.0051e+000 +1.9250e+000 +2.1449e+000 +9.4160e-001
% function evaluation | noise-free fitness - Fopt (3.207700000000e+002) | best noise-free fitness - Fopt | measured fitness | best measured fitness | x1 | x2...
1 +6.942515966e+005 +6.942515966e+005 +6.945723666e+005 +6.945723666e+005 -3.1611e+000 +3.2206e-001 -5.9971e-001 +1.8339e+000 +8.4079e+000 -6.6953e+000 +8.2062e+000 -7.8122e+000 -1.3149e+001 +4.8001e+000
2 +4.331090623e+005 +4.331090623e+005 +4.334298323e+005 +4.334298323e+005 -9.2778e+000 +5.2067e+000 +1.1349e+000 -2.4739e+000 -2.2657e+000 -3.5223e+000 -1.0784e+000 -1.2995e+001 +6.4442e-001 +4.7485e+000
3 +1.456682331e+005 +1.456682331e+005 +1.459890031e+005 +1.459890031e+005 +2.5351e+000 +2.0305e+000 -9.2375e+000 +1.1826e+000 -7.4037e+000 -4.4397e-001 -3.0425e+000 -2.9698e+000 +2.0019e+000 -1.5299e+000
7 +8.622252225e+004 +8.622252225e+004 +8.654329225e+004 +8.654329225e+004 +5.0806e-001 +4.3752e+000 +2.4329e+000 -3.1012e+000 -2.0717e+000 -1.8320e+000 +2.5297e+000 -2.9239e-001 -3.0203e+000 +3.5755e+000
23 +7.248954814e+004 +7.248954814e+004 +7.281031814e+004 +7.281031814e+004 -6.3900e+000 +4.4988e+000 +1.3088e+000 -6.2339e+000 -7.8964e-001 -1.7493e+000 +9.6632e-001 -2.6203e+000 -2.9563e-001 +2.4979e+000
55 +2.871351422e+004 +2.871351422e+004 +2.903428422e+004 +2.903428422e+004 -1.5544e+000 +6.3824e+000 -3.5935e+000 -1.7254e+000 -1.2834e+000 -1.2004e+000 +1.4868e+000 -2.4586e+000 -2.1255e+000 -1.2965e+000
127 +2.292247378e+004 +2.292247378e+004 +2.324324378e+004 +2.324324378e+004 -5.1400e+000 +4.4912e+000 +7.3907e+000 -3.0419e+000 -7.9391e-002 -3.9110e+000 -1.0691e+000 -2.9388e+000 -1.1477e+000 +3.0290e-001
155 +2.285374602e+004 +2.285374602e+004 +2.317451602e+004 +2.317451602e+004 +7.6970e-001 +4.1937e+000 +5.3646e+000 -2.5330e+000 -8.6165e-001 +1.5799e+000 -4.3558e-001 -1.2183e+000 -6.2287e-001 +5.6872e-001
157 +1.260469292e+004 +1.260469292e+004 +1.292546292e+004 +1.292546292e+004 -2.4509e+000 +5.1364e+000 +2.8152e+000 -4.1018e+000 -1.1180e+000 -2.0997e+000 -2.1168e-001 -9.5500e-001 -3.3071e+000 +4.6548e-001
207 +1.012154610e+003 +1.012154610e+003 +1.332924610e+003 +1.332924610e+003 -1.3546e+000 +3.1493e+000 +1.2671e+000 -2.3099e+000 -5.2090e-003 -1.1710e+000 -1.0160e+000 -2.0618e+000 -1.0513e+000 -8.5916e-001
342 +1.988069081e+002 +1.988069081e+002 +5.195769081e+002 +5.195769081e+002 -1.9999e+000 +2.5358e+000 +2.9390e+000 -1.8893e+000 -2.7027e-002 -2.1284e+000 -1.4447e+000 -2.0408e+000 -1.3166e+000 -1.9498e+000
397 +5.441111901e+001 +5.441111901e+001 +3.751811190e+002 +3.751811190e+002 -1.8875e+000 +6.2041e-001 +2.1377e+000 -2.6053e+000 +1.5821e+000 +1.4462e-001 -1.6527e+000 -2.3460e+000 -1.3644e+000 -1.7268e+000
454 +3.963403550e+000 +3.963403550e+000 +3.247334036e+002 +3.247334036e+002 -1.0640e+000 +1.1678e+000 +8.2278e-001 -1.6337e+000 -1.2751e-001 -2.5122e+000 -1.5977e+000 -8.8360e-001 -1.8091e+000 -1.4654e+000
571 +3.866867265e+000 +3.866867265e+000 +3.246368673e+002 +3.246368673e+002 -4.8568e-001 +1.2270e+000 +2.1268e+000 -1.9965e+000 +6.6888e-001 -1.7694e+000 -5.6139e-001 -1.3740e+000 -1.4231e+000 -1.6871e+000
574 +3.500260608e+000 +3.500260608e+000 +3.242702606e+002 +3.242702606e+002 -1.9177e+000 +9.9436e-001 +1.8122e+000 +2.9524e-001 +2.0627e+000 -1.7732e+000 -4.5842e-001 -2.0997e+000 -1.3963e+000 -9.6918e-001
793 +3.348372791e+000 +3.348372791e+000 +3.241183728e+002 +3.241183728e+002 -8.0001e-001 -1.7475e+000 +1.3182e+000 -1.4808e+000 +9.6812e-001 -2.4414e+000 +9.7288e-002 -2.5446e+000 -1.4136e+000 -1.4142e+000
810 +2.913503163e+000 +2.913503163e+000 +3.236835032e+002 +3.236835032e+002 -4.4970e-001 -1.3823e+000 +1.4677e+000 -2.3449e+000 +1.3816e+000 -1.3249e+000 -1.0820e+000 -1.9117e+000 -1.5822e+000 -1.0589e+000
1746 +2.774461168e+000 +2.774461168e+000 +3.235444612e+002 +3.235444612e+002 -8.4595e-001 +1.0926e-001 +1.3383e+000 -1.5868e-001 +1.1770e+000 -4.0769e-001 -8.7020e-001 -2.4298e+000 -1.9741e+000 -1.7849e+000
2465 +2.738803169e+000 +2.738803169e+000 +3.235088032e+002 +3.235088032e+002 -1.9214e+000 -2.2436e+000 +1.1276e+000 -1.1383e+000 +1.5361e+000 -9.7419e-001 -1.3915e+000 -1.8662e+000 -1.7693e+000 -2.2216e+000
22003 +2.661339249e+000 +2.661339249e+000 +3.234313392e+002 +3.234313392e+002 +3.4770e-001 -2.6543e+000 +8.7505e-001 -2.2763e+000 +1.0337e+000 -1.7666e+000 -1.6379e+000 -7.9201e-001 -2.4032e+000 -1.4617e+000
24592 +2.513353921e+000 +2.513353921e+000 +3.232833539e+002 +3.232833539e+002 -1.0781e+000 -2.4101e+000 -6.9583e-001 -2.1784e+000 +1.3816e+000 -1.7501e+000 -1.5669e+000 -7.8703e-001 -2.0272e+000 -1.8502e+000
25877 +2.483573604e+000 +2.483573604e+000 +3.232535736e+002 +3.232535736e+002 -9.3186e-001 -2.3805e+000 +1.2234e+000 -6.3935e-001 +9.3184e-001 -1.8816e+000 -1.6157e+000 -7.5783e-001 -1.6464e+000 -2.2605e+000
72608 +2.247758277e+000 +2.247758277e+000 +3.230177583e+002 +3.230177583e+002 +5.0746e-001 -3.2964e-001 -2.9045e-001 -1.4848e+000 +2.2843e+000 -2.0970e+000 -9.7852e-001 -1.0048e+000 -1.0752e+000 -1.2153e+000
96106 +2.109343718e+000 +2.109343718e+000 +3.228793437e+002 +3.228793437e+002 +7.0259e-001 -3.1999e-001 +2.6493e+000 -1.9304e+000 +2.1484e+000 -1.1462e+000 -6.3797e-001 -1.0225e+000 -1.3579e+000 -1.7393e+000
99549 +1.975984353e+000 +1.975984353e+000 +3.227459844e+002 +3.227459844e+002 +2.9818e-001 -1.7701e+000 +2.1078e+000 -2.0027e+000 +2.1443e+000 -1.5057e+000 -5.1600e-001 -9.3915e-001 -2.3786e+000 -1.4869e+000
99842 +1.935477930e+000 +1.935477930e+000 +3.227054779e+002 +3.227054779e+002 -2.2653e+000 -1.2875e+000 +8.5832e-001 -1.6665e+000 +2.2180e+000 -1.5209e+000 -5.2836e-001 -1.0043e+000 -2.3996e+000 -1.7200e+000
103234 +1.680199028e+000 +1.680199028e+000 +3.224501990e+002 +3.224501990e+002 -2.0207e+000 -1.2400e+000 -5.3779e-001 -4.2806e-001 +8.6167e-001 -1.9148e+000 -4.9629e-001 -1.0007e+000 -2.3646e+000 -2.0798e+000
104840 +1.509337840e+000 +1.509337840e+000 +3.222793378e+002 +3.222793378e+002 -2.0243e+000 -2.3839e+000 -7.2646e-001 -3.9736e-001 +4.7086e-001 -1.8889e+000 -4.4842e-001 -1.0127e+000 -2.3931e+000 -2.0398e+000
107734 +1.431892464e+000 +1.431892464e+000 +3.222018925e+002 +3.222018925e+002 -2.0524e+000 -1.0033e+000 +1.5179e+000 +2.0297e-001 +4.8168e-001 -1.9015e+000 -5.0102e-001 -1.0109e+000 -2.3305e+000 -2.0556e+000
107876 +1.249677209e+000 +1.249677209e+000 +3.220196772e+002 +3.220196772e+002 -2.0615e+000 -2.0842e+000 +1.4453e+000 +2.2784e-001 +5.1204e-001 -1.9190e+000 -4.8282e-001 -1.0674e+000 -2.3402e+000 -2.0701e+000
109686 +1.185854585e+000 +1.185854585e+000 +3.219558546e+002 +3.219558546e+002 -2.1058e+000 -1.1564e+000 +1.4543e+000 +2.1761e-001 +5.2653e-001 -1.9614e+000 -4.8544e-001 -1.0310e+000 -2.3777e+000 -2.0392e+000
110028 +1.159401715e+000 +1.159401715e+000 +3.219294017e+002 +3.219294017e+002 -2.1152e+000 -1.1403e+000 +1.5303e+000 +2.2116e-001 +5.3904e-001 -1.9096e+000 -4.6116e-001 -1.0297e+000 -2.3797e+000 -2.0220e+000
110436 +1.143554412e+000 +1.143554412e+000 +3.219135544e+002 +3.219135544e+002 -2.1129e+000 -1.1312e+000 +1.5195e+000 +2.3887e-001 +5.2329e-001 -1.9312e+000 -4.5399e-001 -1.0396e+000 -2.3709e+000 -2.0315e+000
% function evaluation | noise-free fitness - Fopt (1.893000000000e+001) | best noise-free fitness - Fopt | measured fitness | best measured fitness | x1 | x2...
1 +2.554510016e+005 +2.554510016e+005 +2.554699316e+005 +2.554699316e+005 -4.0777e+000 +3.2581e+000 -3.5970e+000 -8.4630e+000 -2.3649e+000 -3.2054e+000 -1.2822e+000 -3.5242e+000 +3.1372e+000 -2.4140e+000
3 +4.465732207e+004 +4.465732207e+004 +4.467625207e+004 +4.467625207e+004 -2.3197e+000 +3.7563e+000 -4.5297e+000 +6.0708e-001 -3.6761e+000 -2.7117e+000 -4.6374e+000 -8.1228e-001 -3.4440e+000 +1.3012e-001
52 +1.858438930e+004 +1.858438930e+004 +1.860331930e+004 +1.860331930e+004 -4.7093e+000 +6.5541e-001 -1.4642e+000 +1.1830e+000 +8.1602e-001 -1.4937e+000 -2.5785e+000 +1.2955e+000 -2.2875e+000 -1.2177e+000
102 +7.994286603e+003 +7.994286603e+003 +8.013216603e+003 +8.013216603e+003 +3.9223e+000 +2.8387e+000 -7.5139e-001 -8.0840e-001 -6.9134e-001 -1.1867e+000 -5.3778e-001 +1.6840e+000 +4.7915e-001 +1.3403e+000
175 +3.275996358e+003 +3.275996358e+003 +3.294926358e+003 +3.294926358e+003 +4.1886e+000 +2.1672e+000 -2.1855e+000 -8.0198e-001 +5.9453e-001 -1.1641e+000 -2.1189e+000 +7.7207e-001 -1.5248e+000 +1.1595e+000
245 +1.129805583e+003 +1.129805583e+003 +1.148735583e+003 +1.148735583e+003 -3.2445e-001 +2.5550e+000 -1.3449e+000 -4.2587e-001 +1.0072e+000 -5.5140e-001 -2.4578e+000 +1.9539e+000 -1.2372e+000 +2.2144e+000
312 +8.224184093e+002 +8.224184093e+002 +8.413484093e+002 +8.413484093e+002 +2.5099e+000 +2.6473e+000 -2.0227e+000 +1.6752e+000 -1.1414e-001 +3.3931e-002 -2.8997e+000 +1.9030e+000 -1.1011e+000 +1.7391e+000
362 +2.630357896e+002 +2.630357896e+002 +2.819657896e+002 +2.819657896e+002 +1.3009e+000 +2.4531e+000 -1.6253e+000 -5.3242e-001 +2.4899e-001 +1.2818e+000 -1.8001e+000 +2.0034e+000 -1.5382e+000 +2.0343e+000
373 +4.950258057e+000 +4.950258057e+000 +2.388025806e+001 +2.388025806e+001 +2.2213e-002 +1.7273e-001 -1.3913e+000 +8.7383e-001 +1.7966e+000 +5.8745e-001 -1.8027e+000 +1.4944e+000 -1.1634e+000 +1.3090e+000
425 +3.794523226e+000 +3.794523226e+000 +2.272452323e+001 +2.272452323e+001 +1.2819e+000 +1.6217e+000 -2.2899e+000 -4.9496e-001 +9.3538e-001 +1.0268e+000 -1.1648e+000 +1.9336e+000 -7.1951e-001 +1.3190e+000
488 +3.068365489e+000 +3.068365489e+000 +2.199836549e+001 +2.199836549e+001 +8.9749e-001 +5.4449e-001 -1.7968e+000 +1.9699e-001 +1.2361e+000 +1.1140e+000 -7.5413e-001 +2.4576e+000 -1.6913e+000 +1.9143e+000
544 +2.753625712e+000 +2.753625712e+000 +2.168362571e+001 +2.168362571e+001 +2.2549e+000 +1.2784e+000 -1.5209e+000 -3.7889e-001 +3.1549e-001 +1.4006e+000 -1.0263e+000 +1.2998e+000 -1.0900e+000 +1.2338e+000
12374 +2.287750483e+000 +2.287750483e+000 +2.121775048e+001 +2.121775048e+001 +1.8659e+000 -8.4987e-001 -1.4479e+000 -1.5903e+000 +1.4532e-001 +1.1683e+000 -5.7967e-001 +2.4394e+000 -2.0496e+000 +2.1470e+000
29241 +2.168561919e+000 +2.168561919e+000 +2.109856192e+001 +2.109856192e+001 +2.1596e+000 -2.0212e+000 -2.0263e+000 -9.2226e-001 +1.4394e+000 +3.6594e-001 -1.2876e+000 +1.9590e+000 -8.5237e-001 +2.0889e+000
32800 +2.130484904e+000 +2.130484904e+000 +2.106048490e+001 +2.106048490e+001 -1.5301e-001 -2.6579e+000 -1.9784e+000 -9.7181e-001 +1.6638e+000 +2.6580e-001 -1.7633e+000 +1.3744e+000 -2.2443e+000 +2.0429e+000
37855 +2.074079968e+000 +2.074079968e+000 +2.100407997e+001 +2.100407997e+001 -2.5072e+000 -7.3531e-001 -1.4487e+000 -2.3304e+000 +1.0657e+000 +2.3948e+000 -1.9025e+000 +2.0786e+000 -2.1223e+000 +2.1372e+000
39346 +1.851433409e+000 +1.851433409e+000 +2.078143341e+001 +2.078143341e+001 -8.4353e-002 -2.5332e-001 -1.2268e+000 -2.2672e+000 +2.1075e+000 +1.6216e+000 -1.6586e+000 +2.1791e+000 -2.1031e+000 +2.0873e+000
40259 +1.502467287e+000 +1.502467287e+000 +2.043246729e+001 +2.043246729e+001 +2.1085e+000 +8.4592e-001 +2.0257e-001 -2.5959e+000 +1.3383e+000 +2.3517e+000 -1.5415e+000 +2.2355e+000 -2.0892e+000 +2.0965e+000
59207 +1.466727238e+000 +1.466727238e+000 +2.039672724e+001 +2.039672724e+001 -1.6010e+000 -2.9457e+000 -2.0434e+000 -2.9812e-001 +1.0422e+000 +2.3247e+000 -1.5050e+000 +2.2622e+000 -2.0874e+000 +2.1310e+000
77747 +1.398076989e+000 +1.398076989e+000 +2.032807699e+001 +2.032807699e+001 +2.0956e+000 -1.0439e+000 +4.2938e-001 -2.0184e+000 +1.0935e+000 +4.9995e-001 -2.0066e+000 +2.1069e+000 -2.0969e+000 +2.1127e+000
77884 +1.343188917e+000 +1.343188917e+000 +2.027318892e+001 +2.027318892e+001 +2.1563e+000 -1.1272e+000 +4.2792e-001 -1.9946e+000 +8.4218e-001 +5.1400e-001 -2.0098e+000 +2.1339e+000 -2.1144e+000 +2.1081e+000
