% function evaluation | noise-free fitness - Fopt (-5.465000000000e+002) | best noise-free fitness - Fopt | measured fitness | best measured fitness | x1 | x2...
1 +6.632046251e+004 +6.632046251e+004 +6.577396251e+004 +6.577396251e+004 +1.6848e+000 +1.6921e+000 -2.9099e-001 +4.2793e+000 +7.3209e-001
2 +1.360566119e+004 +1.360566119e+004 +1.305916119e+004 +1.305916119e+004 -3.4128e+000 +2.2339e+000 -2.1007e+000 +9.0176e-001 +1.4284e+000
7 +1.155373151e+004 +1.155373151e+004 +1.100723151e+004 +1.100723151e+004 +3.7613e+000 +6.1068e+000 +3.7212e+000 -1.7633e+000 +2.4673e+000
18 +3.440698440e+003 +3.440698440e+003 +2.894198440e+003 +2.894198440e+003 +1.4126e-001 +5.3333e-001 +7.1071e-001 +5.7418e-001 +8.7587e-001
36 +1.221224786e+003 +1.221224786e+003 +6.747247859e+002 +6.747247859e+002 -3.1266e+000 +3.3652e+000 +1.5075e+000 -4.9858e-001 +1.9083e+000
60 +3.740506869e+000 +3.740506869e+000 -5.427594931e+002 -5.427594931e+002 -1.3747e+000 +2.4904e+000 +1.5654e+000 -1.4926e+000 +2.2457e+000
86 +3.396680015e+000 +3.396680015e+000 -5.431033200e+002 -5.431033200e+002 +1.0479e+000 +2.8135e+000 -1.8129e-002 -1.6905e+000 +1.4939e+000
147 +3.232992854e+000 +3.232992854e+000 -5.432670071e+002 -5.432670071e+002 +2.7132e-001 +1.8286e+000 +2.2788e-001 -1.4014e+000 +1.3807e+000
153 +2.723127349e+000 +2.723127349e+000 -5.437768727e+002 -5.437768727e+002 +6.2816e-001 +1.9188e+000 +7.6931e-002 -2.1042e+000 +1.3988e+000
182 +2.541125254e+000 +2.541125254e+000 -5.439588747e+002 -5.439588747e+002 -9.3238e-001 +2.2159e+000 +1.9694e+000 -2.0688e+000 +1.3657e+000
504 +2.118951245e+000 +2.118951245e+000 -5.443810488e+002 -5.443810488e+002 -9.3341e-001 -1.8564e-001 +7.3751e-001 -2.3656e+000 +8.7737e-001
703 +1.921587505e+000 +1.921587505e+000 -5.445784125e+002 -5.445784125e+002 -8.6854e-001 +2.4121e+000 -5.3619e-002 -2.5624e+000 +1.1463e+000
4581 +1.861066016e+000 +1.861066016e+000 -5.446389340e+002 -5.446389340e+002 +1.5158e+000 +1.6428e+000 +7.3545e-001 -2.4893e+000 +1.9728e+000
4678 +1.586254291e+000 +1.586254291e+000 -5.449137457e+002 -5.449137457e+002 +1.5423e+000 +2.1934e+000 +8.4978e-001 -2.3776e+000 +2.0303e+000
7258 +1.500709328e+000 +1.500709328e+000 -5.449992907e+002 -5.449992907e+002 +1.4382e+000 +2.2635e+000 +3.3485e-002 -2.5760e+000 +8.6529e-001
7632 +1.255966914e+000 +1.255966914e+000 -5.452440331e+002 -5.452440331e+002 +1.5229e+000 +3.0136e+000 +1.3029e+000 -2.3631e+000 +9.3181e-001
10062 +9.535074462e-001 +9.535074462e-001 -5.455464926e+002 -5.455464926e+002 +1.4606e+000 +3.0373e+000 +1.8884e+000 -2.1779e+000 +1.0102e+000
% function evaluation | noise-free fitness - Fopt (1.000000000000e+003) | best noise-free fitness - Fopt | measured fitness | best measured fitness | x1 | x2...
1 +1.817798869e+005 +1.817798869e+005 +1.827798869e+005 +1.827798869e+005 +2.9396e+000 -2.7423e-002 +4.3837e+000 -4.8643e+000 -7.7593e+000
2 +1.509153308e+003 +1.509153308e+003 +2.509153308e+003 +2.509153308e+003 +2.0557e+000 +1.1234e+000 +1.3304e+000 -3.0634e+000 -5.7175e-001
28 +1.378768707e+003 +1.378768707e+003 +2.378768707e+003 +2.378768707e+003 +2.8404e+000 +2.7128e+000 +8.8525e-001 -1.9127e+000 -2.8370e+000
40 +1.315622441e+003 +1.315622441e+003 +2.315622441e+003 +2.315622441e+003 +3.2627e+000 +4.2580e+000 +1.4104e+000 -3.7084e+000 -1.4084e+000
57 +1.076346376e+003 +1.076346376e+003 +2.076346376e+003 +2.076346376e+003 +1.6757e+000 +3.9840e+000 +1.5357e+000 -3.5795e+000 -1.5171e+000
111 +3.161443598e+002 +3.161443598e+002 +1.316144360e+003 +1.316144360e+003 +1.4438e-001 +2.6513e+000 -3.4024e-001 -3.0859e+000 -1.6348e+000
122 +2.956612798e+001 +2.956612798e+001 +1.029566128e+003 +1.029566128e+003 +4.6336e-001 +1.8159e+000 -3.1141e-001 -2.7107e+000 -2.1561e+000
128 +4.887668743e+000 +4.887668743e+000 +1.004887669e+003 +1.004887669e+003 +4.6110e-001 +3.0667e+000 -2.8758e-001 -2.4077e+000 -1.6259e+000
138 +4.757213807e+000 +4.757213807e+000 +1.004757214e+003 +1.004757214e+003 +6.4134e-001 +2.4294e+000 -1.7428e-001 -2.1448e+000 -1.8897e+000
141 +4.597374646e+000 +4.597374646e+000 +1.004597375e+003 +1.004597375e+003 -2.0788e-001 +2.2353e+000 -1.3445e-001 -2.2900e+000 -1.7732e+000
151 +4.143723585e+000 +4.143723585e+000 +1.004143724e+003 +1.004143724e+003 +2.0354e+000 +2.6230e+000 +1.1764e-002 -2.4928e+000 -2.0098e+000
161 +3.028809883e+000 +3.028809883e+000 +1.003028810e+003 +1.003028810e+003 -1.5920e-001 +1.8833e+000 -2.0877e-001 -2.7318e+000 -1.9651e+000
210 +2.953403553e+000 +2.953403553e+000 +1.002953404e+003 +1.002953404e+003 -8.8845e-001 +1.5156e+000 -1.8164e+000 -2.1248e+000 -2.1761e+000
295 +2.811855614e+000 +2.811855614e+000 +1.002811856e+003 +1.002811856e+003 +1.5302e+000 +3.2827e+000 -1.0985e+000 -1.8348e+000 -2.2153e+000
420 +2.689952909e+000 +2.689952909e+000 +1.002689953e+003 +1.002689953e+003 +1.4154e+000 +2.1102e+000 -9.3494e-001 -8.6423e-001 -1.7036e+000
965 +2.438997416e+000 +2.438997416e+000 +1.002438997e+003 +1.002438997e+003 -1.9961e+000 +1.4145e+000 -2.2973e+000 -1.9326e+000 -1.1101e+000
1748 +2.388944091e+000 +2.388944091e+000 +1.002388944e+003 +1.002388944e+003 -8.1245e-001 +2.4143e+000 -1.2809e+000 -2.3392e+000 -1.2161e+000
1880 +2.265858852e+000 +2.265858852e+000 +1.002265859e+003 +1.002265859e+003 -1.7840e+000 +2.1691e+000 -8.4519e-001 -2.4071e+000 -1.1430e+000
2086 +1.926941916e+000 +1.926941916e+000 +1.001926942e+003 +1.001926942e+003 +1.5320e+000 +3.0828e+000 -1.1395e+000 -2.3551e+000 -1.3700e+000
2371 +1.883938308e+000 +1.883938308e+000 +1.001883938e+003 +1.001883938e+003 +1.6526e+000 +3.7569e-001 -6.2829e-001 -2.4617e+000 -1.6432e+000
2802 +1.704423838e+000 +1.704423838e+000 +1.001704424e+003 +1.001704424e+003 -1.0750e+000 +2.2707e+000 -5.6543e-001 -2.4806e+000 -1.6532e+000
2809 +1.603528352e+000 +1.603528352e+000 +1.001603528e+003 +1.001603528e+003 -2.0250e+000 +2.0081e+000 -5.8854e-001 -2.4686e+000 -1.7244e+000
% function evaluation | noise-free fitness - Fopt (2.083800000000e+002) | best noise-free fitness - Fopt | measured fitness | best measured fitness | x1 | x2...
1 +1.802711785e+004 +1.802711785e+004 +1.823549785e+004 +1.823549785e+004 +5.0251e+000 +6.2202e+000 -1.0400e+000 +1.7925e-001 -5.4242e-001
5 +8.245506545e+003 +8.245506545e+003 +8.453886545e+003 +8.453886545e+003 +9.3009e-001 +2.6254e+000 +7.3861e-002 +4.2548e+000 -8.0277e-001
10 +6.207076728e+003 +6.207076728e+003 +6.415456728e+003 +6.415456728e+003 +4.2373e+000 +1.0071e+000 +1.6592e+000 +2.5294e+000 -5.6974e-001
21 +5.068850911e+003 +5.068850911e+003 +5.277230911e+003 +5.277230911e+003 -4.4287e-001 +4.4532e+000 +1.3672e-001 +2.7338e+000 -3.9686e-001
41 +1.460917328e+003 +1.460917328e+003 +1.669297328e+003 +1.669297328e+003 -2.2371e-001 +1.1191e+000 -1.3121e+000 +1.6669e+000 +2.2686e+000
48 +4.644183435e+000 +4.644183435e+000 +2.130241834e+002 +2.130241834e+002 +1.6672e+000 +2.0518e+000 +4.8040e-001 +1.2718e+000 +9.3629e-001
86 +3.161811238e+000 +3.161811238e+000 +2.115418112e+002 +2.115418112e+002 +1.3001e+000 +1.5192e+000 +1.2428e+000 +1.1679e+000 +1.1570e+000
159 +2.378765792e+000 +2.378765792e+000 +2.107587658e+002 +2.107587658e+002 +1.4841e+000 +4.4713e-001 +9.8637e-001 +2.4160e+000 +1.5063e+000
1155 +1.992679475e+000 +1.992679475e+000 +2.103726795e+002 +2.103726795e+002 -2.2149e+000 +1.9503e+000 +1.5270e+000 +6.1051e-001 +1.3072e+000
2230 +1.741435577e+000 +1.741435577e+000 +2.101214356e+002 +2.101214356e+002 -9.2042e-001 +2.4389e+000 +1.3628e+000 +2.3229e+000 +1.6614e+000
3716 +1.665492058e+000 +1.665492058e+000 +2.100454921e+002 +2.100454921e+002 -1.0315e+000 +1.4567e+000 +2.3318e+000 +2.0417e+000 +1.8009e+000
% function evaluation | noise-free fitness - Fopt (-1.449600000000e+002) | best noise-free fitness - Fopt | measured fitness | best measured fitness | x1 | x2...
1 +3.848950092e+004 +3.848950092e+004 +3.834454092e+004 +3.834454092e+004 +4.4801e+000 +1.9385e+000 -3.2525e+000 -5.7528e+000 +8.5873e-001
13 +2.555193636e+004 +2.555193636e+004 +2.540697636e+004 +2.540697636e+004 +4.3767e+000 -2.9803e+000 -4.3616e+000 -4.4242e+000 +4.5751e-001
17 +1.233782028e+004 +1.233782028e+004 +1.219286028e+004 +1.219286028e+004 +5.3081e+000 +6.3559e-001 -3.0811e+000 -3.9404e+000 -1.3051e-001
27 +1.186323066e+004 +1.186323066e+004 +1.171827066e+004 +1.171827066e+004 -3.0949e+000 +4.2000e+000 -3.1351e-001 -4.3186e+000 +2.0906e-001
40 +8.161834031e+003 +8.161834031e+003 +8.016874031e+003 +8.016874031e+003 +2.3572e+000 +1.7507e+000 +3.9824e-001 -6.5322e-001 +1.6189e-001
60 +3.739517226e+003 +3.739517226e+003 +3.594557226e+003 +3.594557226e+003 +4.0404e+000 -1.5470e+000 -2.9904e+000 -2.9738e+000 -7.1336e-002
62 +1.287070674e+003 +1.287070674e+003 +1.142110674e+003 +1.142110674e+003 +2.1691e+000 -1.9921e+000 -3.2246e+000 -2.3732e+000 -2.0131e+000
85 +4.486230145e+000 +4.486230145e+000 -1.404737699e+002 -1.404737699e+002 +8.8907e-001 -9.6418e-001 -1.6723e+000 -1.0204e+000 -1.9093e+000
155 +2.957935563e+000 +2.957935563e+000 -1.420020644e+002 -1.420020644e+002 +2.3729e+000 -4.5974e-001 -2.4096e+000 -2.1454e+000 -6.4951e-001
222 +2.287180167e+000 +2.287180167e+000 -1.426728198e+002 -1.426728198e+002 -7.1491e-002 -1.3833e+000 -2.3842e+000 -2.0200e+000 -9.8986e-001
473 +2.047643385e+000 +2.047643385e+000 -1.429123566e+002 -1.429123566e+002 -8.4709e-001 -1.6279e+000 -2.2530e+000 -1.6733e+000 -1.0661e+000
1216 +1.808100230e+000 +1.808100230e+000 -1.431518998e+002 -1.431518998e+002 -1.9010e+000 -1.9896e+000 -2.1430e+000 -1.6643e+000 -1.8433e+000
2718 +1.506990611e+000 +1.506990611e+000 -1.434530094e+002 -1.434530094e+002 -2.0584e+000 -1.9877e+000 -2.1816e+000 -1.2912e+000 -1.1954e+000
5628 +1.447953763e+000 +1.447953763e+000 -1.435120462e+002 -1.435120462e+002 -9.6033e-001 -2.4176e+000 -1.3824e+000 -2.3535e+000 -9.0718e-001
5631 +1.420129030e+000 +1.420129030e+000 -1.435398710e+002 -1.435398710e+002 -9.8045e-001 -2.3894e+000 -1.0133e+000 -2.3716e+000 -9.0230e-001
5691 +1.406232041e+000 +1.406232041e+000 -1.435537680e+002 -1.435537680e+002 -1.0429e+000 -2.3741e+000 -1.0608e+000 -2.3663e+000 -8.9913e-001
% function evaluation | noise-free fitness - Fopt (-6.300000000000e+000) | best noise-free fitness - Fopt | measured fitness | best measured fitness | x1 | x2...
1 +1.256651280e+005 +1.256651280e+005 +1.256588280e+005 +1.256588280e+005 +3.8170e+000 +3.7324e+000 +1.8645e-001 +3.9627e+000 +5.2410e+000
3 +9.077443242e+004 +9.077443242e+004 +9.076813242e+004 +9.076813242e+004 -1.9536e+000 -1.1909e+000 +2.5193e+000 +7.4488e+000 +4.1482e+000
4 +4.405157714e+004 +4.405157714e+004 +4.404527714e+004 +4.404527714e+004 +3.5571e+000 +2.1277e+000 +8.4346e-001 +2.9633e+000 +2.7651e+000
5 +3.515414079e+004 +3.515414079e+004 +3.514784079e+004 +3.514784079e+004 +3.6445e+000 +2.9033e+000 +2.2699e+000 +2.5036e+000 +1.7952e+000
16 +1.888709315e+004 +1.888709315e+004 +1.888079315e+004 +1.888079315e+004 +1.8172e+000 +1.2872e+000 +3.0658e+000 +4.8999e+000 -9.7965e-001
29 +4.680689123e+003 +4.680689123e+003 +4.674389123e+003 +4.674389123e+003 +3.7018e+000 +2.5404e+000 +1.0219e+000 +2.7914e+000 -9.9489e-001
31 +1.979957487e+003 +1.979957487e+003 +1.973657487e+003 +1.973657487e+003 +5.9299e-001 -8.7555e-001 +1.4275e+000 +2.6401e+000 -1.8914e+000
154 +3.703744862e+002 +3.703744862e+002 +3.640744862e+002 +3.640744862e+002 +2.9826e+000 -9.6147e-002 +4.4474e-001 +2.1144e+000 -7.9242e-001
175 +1.430123871e+002 +1.430123871e+002 +1.367123871e+002 +1.367123871e+002 +3.0875e+000 -2.0582e+000 +1.7803e-001 +1.5726e+000 -1.1904e+000
190 +1.150248453e+001 +1.150248453e+001 +5.202484525e+000 +5.202484525e+000 +2.6278e+000 -6.4209e-001 -3.0572e-001 +1.2421e+000 -1.4421e+000
203 +2.964135807e+000 +2.964135807e+000 -3.335864193e+000 -3.335864193e+000 +2.1758e+000 -2.1739e+000 -2.7699e-001 +6.4712e-001 -1.6688e+000
279 +2.422694540e+000 +2.422694540e+000 -3.877305460e+000 -3.877305460e+000 +6.0163e-001 -2.4215e+000 -4.1210e-001 +1.0263e+000 -1.2321e+000
408 +2.186417861e+000 +2.186417861e+000 -4.113582139e+000 -4.113582139e+000 -7.4822e-001 -2.7317e+000 -1.7981e+000 +1.7005e+000 -1.0514e+000
2052 +2.116745162e+000 +2.116745162e+000 -4.183254838e+000 -4.183254838e+000 -5.6343e-001 -1.9878e+000 -2.2158e+000 +1.6176e+000 -2.1605e+000
2450 +1.897368655e+000 +1.897368655e+000 -4.402631345e+000 -4.402631345e+000 -6.1848e-001 -1.9989e+000 -2.1767e+000 +1.6604e+000 -1.0976e+000
3637 +1.831876757e+000 +1.831876757e+000 -4.468123243e+000 -4.468123243e+000 +1.9721e+000 -8.7546e-001 -2.4167e+000 +2.0452e+000 -1.7029e+000
6179 +1.120598917e+000 +1.120598917e+000 -5.179401083e+000 -5.179401083e+000 +1.0470e+000 -2.3057e+000 -2.1219e+000 +2.0563e+000 -9.3808e-001
% function evaluation | noise-free fitness - Fopt (2.796000000000e+001) | best noise-free fitness - Fopt | measured fitness | best measured fitness | x1 | x2...
1 +1.903479216e+004 +1.903479216e+004 +1.906275216e+004 +1.906275216e+004 -4.3431e+000 -1.4428e+000 +6.9482e+000 -1.1674e+000 -9.7804e-001
2 +1.490443414e+003 +1.490443414e+003 +1.518403414e+003 +1.518403414e+003 -3.5587e+000 -2.5310e+000 +1.9452e+000 -5.9775e-001 -2.9815e+000
16 +9.494873832e+001 +9.494873832e+001 +1.229087383e+002 +1.229087383e+002 -1.6283e+000 +1.1988e+000 +2.6142e+000 -7.8334e-001 -2.7051e+000
48 +5.321539401e+001 +5.321539401e+001 +8.117539401e+001 +8.117539401e+001 -1.8792e+000 -1.3602e+000 +3.2314e+000 +2.5984e-001 -2.5153e+000
69 +2.874545913e+000 +2.874545913e+000 +3.083454591e+001 +3.083454591e+001 -2.0251e+000 +3.7847e-001 +2.6466e+000 -9.8013e-001 -1.9902e+000
121 +2.773121768e+000 +2.773121768e+000 +3.073312177e+001 +3.073312177e+001 -2.3077e+000 -5.8534e-001 +2.1312e+000 -1.4764e+000 -1.8934e+000
147 +2.638381699e+000 +2.638381699e+000 +3.059838170e+001 +3.059838170e+001 -8.7281e-001 -1.6806e-001 +2.7268e+000 -3.8579e-001 -2.0667e+000
268 +1.932291763e+000 +1.932291763e+000 +2.989229176e+001 +2.989229176e+001 -2.0732e+000 -4.5704e-001 +2.7509e+000 -4.4522e-001 -2.0476e+000
292 +1.847070526e+000 +1.847070526e+000 +2.980707053e+001 +2.980707053e+001 -4.4546e-001 -2.4537e-001 +2.7206e+000 -4.4073e-001 -2.1878e+000
746 +1.275711049e+000 +1.275711049e+000 +2.923571105e+001 +2.923571105e+001 -1.0502e+000 +1.6141e+000 +2.2279e+000 -5.5552e-001 -2.4613e+000
% function evaluation | noise-free fitness - Fopt (-6.338000000000e+001) | best noise-free fitness - Fopt | measured fitness | best measured fitness | x1 | x2...
1 +1.220458570e+006 +1.220458570e+006 +1.220395190e+006 +1.220395190e+006 +3.2144e+000 +1.1761e+000 -5.7808e-001 +7.5326e+000 +1.3241e+001
2 +9.111743514e+004 +9.111743514e+004 +9.105405514e+004 +9.105405514e+004 -5.6149e-001 -1.3594e+000 -2.1667e+000 +2.7023e+000 +1.6056e+000
6 +2.926212955e+004 +2.926212955e+004 +2.919874955e+004 +2.919874955e+004 +3.2360e+000 -1.1288e+000 +5.9394e+000 +3.6854e+000 -1.8145e+000
34 +4.920700960e+003 +4.920700960e+003 +4.857320960e+003 +4.857320960e+003 -6.2345e-001 +3.2174e+000 +8.7669e-001 -9.2640e-001 +1.6394e-001
61 +2.638903317e+003 +2.638903317e+003 +2.575523317e+003 +2.575523317e+003 -4.7495e-001 +2.3081e+000 +9.1753e-001 +2.1638e-001 -3.4434e+000
87 +2.201572659e+002 +2.201572659e+002 +1.567772659e+002 +1.567772659e+002 +4.9833e-001 +2.1908e+000 +6.8296e-001 -2.0960e-001 -2.3579e+000
110 +6.272375299e+001 +6.272375299e+001 -6.562470119e-001 -6.562470119e-001 +1.1543e+000 +2.9228e+000 +3.8074e-001 -1.2473e+000 -2.1953e+000
111 +4.429844458e+000 +4.429844458e+000 -5.895015554e+001 -5.895015554e+001 +3.7172e-002 +2.1724e+000 +8.0707e-001 -2.0073e+000 -1.3238e+000
134 +3.667288561e+000 +3.667288561e+000 -5.971271144e+001 -5.971271144e+001 +6.5609e-001 +2.3424e+000 +1.2620e+000 -8.6299e-001 -2.1378e+000
136 +3.602074463e+000 +3.602074463e+000 -5.977792554e+001 -5.977792554e+001 +8.4039e-001 +1.8646e+000 +9.9222e-001 -1.8502e+000 -2.2045e+000
184 +3.368502353e+000 +3.368502353e+000 -6.001149765e+001 -6.001149765e+001 -1.7630e+000 +8.9798e-001 +1.3411e+000 -1.1761e+000 -1.2101e+000
271 +3.110171045e+000 +3.110171045e+000 -6.026982896e+001 -6.026982896e+001 -3.0571e-001 +1.1003e+000 +1.4321e+000 -7.1737e-001 -2.4901e+000
288 +2.690797224e+000 +2.690797224e+000 -6.068920278e+001 -6.068920278e+001 +8.5940e-001 +2.3581e+000 +1.6317e+000 -6.3191e-001 -1.3268e+000
730 +2.594451880e+000 +2.594451880e+000 -6.078554812e+001 -6.078554812e+001 -1.5547e+000 +2.2211e+000 +1.5407e+000 -1.8989e+000 -2.2123e+000
1081 +2.521703201e+000 +2.521703201e+000 -6.085829680e+001 -6.085829680e+001 -1.6197e+000 +2.2204e+000 +1.1075e+000 -1.8896e+000 -1.7791e+000
1346 +2.510030019e+000 +2.510030019e+000 -6.086996998e+001 -6.086996998e+001 +1.6209e-001 +1.8139e+000 +2.2731e+000 -2.1504e+000 -1.7261e+000
1718 +2.332523768e+000 +2.332523768e+000 -6.104747623e+001 -6.104747623e+001 -6.7158e-001 +1.8850e+000 +2.0624e+000 -1.1768e+000 -2.3588e+000
2030 +2.109402740e+000 +2.109402740e+000 -6.127059726e+001 -6.127059726e+001 +1.3041e+000 +1.5459e+000 +2.1890e+000 -2.1384e+000 -2.0399e+000
2498 +1.702924329e+000 +1.702924329e+000 -6.167707567e+001 -6.167707567e+001 -1.5734e+000 +2.2212e+000 +1.6549e-003 -2.1620e+000 -2.0376e+000
3219 +1.681646471e+000 +1.681646471e+000 -6.169835353e+001 -6.169835353e+001 -1.5716e+000 +2.2009e+000 +1.5105e+000 -1.8193e+000 -2.1909e+000
3631 +1.358804489e+000 +1.358804489e+000 -6.202119551e+001 -6.202119551e+001 -1.4945e+000 +3.1037e+000 +1.9180e+000 -2.1635e+000 -1.3996e+000
8625 +1.079853711e+000 +1.079853711e+000 -6.230014629e+001 -6.230014629e+001 +2.2557e+000 +2.1303e+000 +2.1376e+000 -2.1152e+000 -1.5488e+000
10247 +1.023741243e+000 +1.023741243e+000 -6.235625876e+001 -6.235625876e+001 +2.0435e+000 +2.0551e+000 +1.5099e+000 -2.2778e+000 -1.7084e+000
% function evaluation | noise-free fitness - Fopt (-1.337200000000e+002) | best noise-free fitness - Fopt | measured fitness | best measured fitness | x1 | x2...
1 +1.861661726e+004 +1.861661726e+004 +1.848289726e+004 +1.848289726e+004 -4.3581e+000 +3.7316e+000 +3.3776e+000 -2.6985e+000 +1.9780e+000
4 +1.536088907e+004 +1.536088907e+004 +1.522716907e+004 +1.522716907e+004 -5.5638e+000 +4.5233e+000 +1.2076e+000 +1.8776e+000 -9.9497e-001
12 +8.306849364e+003 +8.306849364e+003 +8.173129364e+003 +8.173129364e+003 -6.0340e+000 +5.6802e+000 +2.6733e+000 +1.0149e+000 +6.6724e-001
46 +2.202789075e+003 +2.202789075e+003 +2.069069075e+003 +2.069069075e+003 -4.5428e+000 +3.8475e+000 +2.4000e+000 -2.1288e-001 +2.1866e+000
79 +6.426718408e+000 +6.426718408e+000 -1.272932816e+002 -1.272932816e+002 -2.1629e+000 -5.2460e-002 +1.3936e+000 +1.0189e+000 +9.8280e-001
136 +4.502291876e+000 +4.502291876e+000 -1.292177081e+002 -1.292177081e+002 -1.3225e+000 +1.0893e+000 +1.3977e+000 +1.4404e+000 +9.9604e-001
154 +4.435999087e+000 +4.435999087e+000 -1.292840009e+002 -1.292840009e+002 -5.5552e-001 +1.0566e+000 +1.6785e+000 +1.4514e+000 +9.2182e-001
158 +4.029585270e+000 +4.029585270e+000 -1.296904147e+002 -1.296904147e+002 -7.8593e-001 +1.4653e+000 +8.9753e-001 +1.7209e+000 +1.8145e+000
165 +3.950072048e+000 +3.950072048e+000 -1.297699280e+002 -1.297699280e+002 +1.8795e-002 +1.8072e+000 -1.0656e-001 +1.7065e+000 +1.1038e+000
182 +3.575017928e+000 +3.575017928e+000 -1.301449821e+002 -1.301449821e+002 +1.0806e+000 +6.2504e-001 +1.1517e+000 +1.4034e+000 +1.0785e+000
201 +3.344340690e+000 +3.344340690e+000 -1.303756593e+002 -1.303756593e+002 -5.7340e-002 +2.7374e+000 -1.4825e-001 +1.7986e+000 +1.2194e+000
226 +3.045623879e+000 +3.045623879e+000 -1.306743761e+002 -1.306743761e+002 -1.1714e+000 +1.4883e+000 +1.2367e+000 +2.2934e+000 +8.7233e-001
245 +2.904286025e+000 +2.904286025e+000 -1.308157140e+002 -1.308157140e+002 +2.0979e-001 +1.2146e+000 +1.5838e+000 +2.2808e+000 +8.7855e-001
334 +2.347626279e+000 +2.347626279e+000 -1.313723737e+002 -1.313723737e+002 -1.5375e+000 +1.2501e+000 +2.1580e-001 +1.4141e+000 +2.3242e+000
1004 +2.177973535e+000 +2.177973535e+000 -1.315420265e+002 -1.315420265e+002 -1.5108e+000 +2.2035e+000 -4.1341e-002 +1.1152e+000 +1.6366e+000
1076 +2.102829419e+000 +2.102829419e+000 -1.316171706e+002 -1.316171706e+002 -1.3947e+000 +2.2682e+000 +2.0591e+000 +4.7517e-001 +1.3633e+000
1152 +1.791597262e+000 +1.791597262e+000 -1.319284027e+002 -1.319284027e+002 -1.4394e+000 +2.2556e+000 +1.0575e-002 +1.0720e+000 +1.2624e+000
2178 +1.460005962e+000 +1.460005962e+000 -1.322599940e+002 -1.322599940e+002 -1.5496e+000 +2.3086e+000 +4.1386e-002 +2.5430e+000 +1.9806e+000
2727 +1.315524595e+000 +1.315524595e+000 -1.324044754e+002 -1.324044754e+002 -1.5452e+000 +2.2003e+000 +1.4678e+000 +2.2670e+000 +2.1093e+000
2846 +1.151649096e+000 +1.151649096e+000 -1.325683509e+002 -1.325683509e+002 -1.4793e+000 +2.1775e+000 +1.5014e+000 +2.2658e+000 +2.0730e+000
% function evaluation | noise-free fitness - Fopt (-4.039900000000e+002) | best noise-free fitness - Fopt | measured fitness | best measured fitness | x1 | x2...
1 +1.494565271e+004 +1.494565271e+004 +1.454166271e+004 +1.454166271e+004 -3.4938e+000 -1.1517e+000 -1.5943e+000 +1.0259e-001 -4.3168e+000
12 +1.253887125e+004 +1.253887125e+004 +1.213488125e+004 +1.213488125e+004 -3.7711e+000 -5.0748e+000 +3.0356e+000 +1.3479e+000 -3.8501e+000
13 +1.224241559e+004 +1.224241559e+004 +1.183842559e+004 +1.183842559e+004 -5.7644e-001 -3.3630e+000 -2.9952e+000 -2.0628e-001 -1.7477e+000
27 +4.143774819e+003 +4.143774819e+003 +3.739784819e+003 +3.739784819e+003 -2.9938e+000 -2.1446e+000 -2.2907e-001 -5.9371e-001 -2.5205e+000
30 +6.997407373e+002 +6.997407373e+002 +2.957507373e+002 +2.957507373e+002 -3.7108e+000 -3.2098e+000 +1.6704e+000 +1.4354e-001 -2.8532e+000
56 +5.435753615e+002 +5.435753615e+002 +1.395853615e+002 +1.395853615e+002 -2.8678e+000 -2.9138e+000 +1.2788e-001 +1.8677e+000 -2.6380e+000
76 +4.605105385e+001 +4.605105385e+001 -3.579389462e+002 -3.579389462e+002 -6.0254e-001 -3.3170e+000 +7.4243e-002 +7.2114e-001 -1.2388e+000
84 +3.364114900e+000 +3.364114900e+000 -4.006258851e+002 -4.006258851e+002 +2.6016e-001 -1.6963e+000 +6.9358e-001 +1.4334e+000 -1.8945e+000
132 +3.021297601e+000 +3.021297601e+000 -4.009687024e+002 -4.009687024e+002 -5.4324e-001 -2.5784e+000 +6.3301e-001 +2.4652e+000 -1.9093e+000
201 +2.954646557e+000 +2.954646557e+000 -4.010353534e+002 -4.010353534e+002 +2.2980e+000 -2.1980e+000 +7.3975e-001 +1.6803e+000 -1.9076e+000
224 +1.524061161e+000 +1.524061161e+000 -4.024659388e+002 -4.024659388e+002 +2.2790e+000 -2.1796e+000 +7.2609e-002 +2.4937e+000 -1.9800e+000
8214 +1.424492551e+000 +1.424492551e+000 -4.025655074e+002 -4.025655074e+002 +2.0574e+000 -7.6355e-001 +1.8936e+000 +2.1412e+000 -2.1285e+000
8258 +1.162540191e+000 +1.162540191e+000 -4.028274598e+002 -4.028274598e+002 +2.1101e+000 -3.1710e-002 +2.6613e+000 +1.8758e+000 -2.1299e+000
10293 +9.787618785e-001 +9.787618785e-001 -4.030112381e+002 -4.030112381e+002 +2.1321e+000 -1.3332e+000 +2.2867e+000 +1.5741e+000 -2.2262e+000
% function evaluation | noise-free fitness - Fopt (1.000000000000e+003) | best noise-free fitness - Fopt | measured fitness | best measured fitness | x1 | x2...
1 +3.886659616e+005 +3.886659616e+005 +3.896659616e+005 +3.896659616e+005 +8.9691e-001 -4.9259e+000 +1.7567e+000 +2.3828e+000 -8.9909e+000
2 +2.438286540e+005 +2.438286540e+005 +2.448286540e+005 +2.448286540e+005 +7.8517e+000 -2.4018e+000 -2.4984e-001 +4.2458e+000 -7.4206e+000
3 +9.875580985e+004 +9.875580985e+004 +9.975580985e+004 +9.975580985e+004 +5.7687e+000 +6.0731e+000 -2.5961e+000 +5.5352e+000 -3.8039e+000
5 +5.510435871e+004 +5.510435871e+004 +5.610435871e+004 +5.610435871e+004 +2.2547e+000 -1.1923e+000 +1.2596e+000 +5.6129e+000 -3.3026e+000
6 +2.297847994e+004 +2.297847994e+004 +2.397847994e+004 +2.397847994e+004 +1.0810e+000 -3.1645e+000 +1.4709e+000 +3.0941e+000 -1.4158e+000
7 +1.482210676e+004 +1.482210676e+004 +1.582210676e+004 +1.582210676e+004 +1.7317e+000 -2.3407e+000 +2.6977e+000 +3.3255e+000 +4.0857e-001
38 +5.557836224e+003 +5.557836224e+003 +6.557836224e+003 +6.557836224e+003 +1.6657e+000 -3.4335e+000 -2.1535e-001 +3.1212e+000 -1.5586e-001
40 +1.819945325e+003 +1.819945325e+003 +2.819945325e+003 +2.819945325e+003 -5.7129e-001 -2.2775e+000 -5.7555e-001 +1.9941e+000 +1.5905e+000
77 +1.260523406e+003 +1.260523406e+003 +2.260523406e+003 +2.260523406e+003 -1.4508e+000 -6.9893e-001 -2.3294e+000 +3.0184e-001 +5.4769e-001
80 +1.156687390e+003 +1.156687390e+003 +2.156687390e+003 +2.156687390e+003 +4.6791e-001 -2.2124e+000 -1.7667e+000 +2.3564e+000 +1.1782e+000
99 +7.491432898e+002 +7.491432898e+002 +1.749143290e+003 +1.749143290e+003 -1.0199e+000 -1.5893e+000 -2.8414e+000 +7.7005e-001 +1.0983e+000
110 +6.829240113e+002 +6.829240113e+002 +1.682924011e+003 +1.682924011e+003 -1.7683e+000 -1.2229e+000 -1.3809e+000 +6.7802e-001 +7.9769e-001
113 +6.160718254e+002 +6.160718254e+002 +1.616071825e+003 +1.616071825e+003 -7.2796e-002 -1.7305e+000 -1.3426e+000 +1.3865e+000 +1.1819e+000
121 +2.165184148e+001 +2.165184148e+001 +1.021651841e+003 +1.021651841e+003 +3.4598e-002 -9.9056e-001 -3.4540e-001 +1.7802e+000 +9.2626e-001
126 +4.496062689e+000 +4.496062689e+000 +1.004496063e+003 +1.004496063e+003 +1.5081e-001 +1.7587e-002 -1.7201e+000 +1.6640e+000 +9.3659e-001
177 +3.884894725e+000 +3.884894725e+000 +1.003884895e+003 +1.003884895e+003 +3.4574e-001 -8.5009e-001 -1.5715e+000 +1.8881e+000 +1.7757e+000
187 +3.099554819e+000 +3.099554819e+000 +1.003099555e+003 +1.003099555e+003 +1.0043e+000 -1.0335e+000 -1.3629e+000 +2.2050e+000 +1.8190e+000
194 +2.973487841e+000 +2.973487841e+000 +1.002973488e+003 +1.002973488e+003 +5.5878e-003 -2.8433e-001 -2.0940e+000 +2.0432e+000 +6.7491e-001
252 +2.779952415e+000 +2.779952415e+000 +1.002779952e+003 +1.002779952e+003 +1.1189e+000 -4.3842e-001 -2.0319e+000 +1.3105e+000 +1.1933e+000
260 +2.124126200e+000 +2.124126200e+000 +1.002124126e+003 +1.002124126e+003 +1.9118e+000 -5.0639e-001 -2.1008e+000 +2.1325e+000 +1.3392e+000
3308 +1.618634721e+000 +1.618634721e+000 +1.001618635e+003 +1.001618635e+003 +2.2414e+000 -1.3737e+000 -9.8329e-001 +1.9778e+000 +2.1169e+000
% function evaluation | noise-free fitness - Fopt (1.005700000000e+002) | best noise-free fitness - Fopt | measured fitness | best measured fitness | x1 | x2...
1 +3.373381724e+005 +3.373381724e+005 +3.374387424e+005 +3.374387424e+005 +2.3546e+000 +6.1119e+000 +5.4712e+000 -7.8757e+000 +8.3216e+000
3 +1.399965294e+005 +1.399965294e+005 +1.400970994e+005 +1.400970994e+005 +3.6539e+000 +3.4748e+000 +3.9603e-001 -3.4064e+000 +5.5042e+000
4 +6.328606985e+004 +6.328606985e+004 +6.338663985e+004 +6.338663985e+004 +4.9509e+000 -9.3279e+000 +5.5788e-001 -9.7392e-001 +1.2697e+000
8 +3.407768035e+004 +3.407768035e+004 +3.417825035e+004 +3.417825035e+004 +2.2564e+000 +3.2072e+000 +4.1826e+000 +2.3624e+000 +5.9619e-001
20 +1.014509751e+004 +1.014509751e+004 +1.024566751e+004 +1.024566751e+004 +4.0598e+000 +4.4974e+000 +8.3443e-001 -1.8851e+000 +2.9558e-001
60 +9.437501584e+003 +9.437501584e+003 +9.538071584e+003 +9.538071584e+003 +1.2026e+000 +4.7060e+000 +1.1186e+000 -5.2492e-002 -1.7963e+000
64 +5.765410707e+003 +5.765410707e+003 +5.865980707e+003 +5.865980707e+003 -1.1949e+000 -2.9650e+000 +8.8250e-001 -4.1773e+000 -3.3176e-001
78 +3.628216552e+000 +3.628216552e+000 +1.041982166e+002 +1.041982166e+002 +2.0390e-001 -7.0598e-001 +2.4112e+000 -1.7400e+000 -1.8694e+000
287 +3.540758959e+000 +3.540758959e+000 +1.041107590e+002 +1.041107590e+002 +1.8887e+000 +1.2271e+000 +1.8581e+000 -1.6561e+000 -1.4948e+000
308 +3.236842056e+000 +3.236842056e+000 +1.038068421e+002 +1.038068421e+002 +2.2501e+000 +3.7829e-002 +2.2674e+000 -9.3479e-001 -1.2902e+000
318 +2.772611487e+000 +2.772611487e+000 +1.033426115e+002 +1.033426115e+002 +9.1993e-001 +3.2389e-001 +2.1981e+000 -7.0582e-001 -1.3065e+000
359 +2.038745818e+000 +2.038745818e+000 +1.026087458e+002 +1.026087458e+002 +1.1388e+000 +2.9393e-001 +2.6858e+000 -1.0184e+000 -1.2011e+000
574 +1.896796435e+000 +1.896796435e+000 +1.024667964e+002 +1.024667964e+002 +2.1624e+000 -7.8017e-001 +2.4123e+000 -1.3220e+000 -1.1843e+000
3356 +1.680513048e+000 +1.680513048e+000 +1.022505130e+002 +1.022505130e+002 -2.9189e-001 -2.5995e+000 +1.3445e+000 -2.2956e+000 -2.0865e+000
3661 +1.618360531e+000 +1.618360531e+000 +1.021883605e+002 +1.021883605e+002 +8.1622e-001 -2.4254e+000 +1.3610e+000 -2.2564e+000 -9.3891e-001
3770 +1.391862678e+000 +1.391862678e+000 +1.019618627e+002 +1.019618627e+002 +1.0021e+000 -2.4241e+000 +1.4138e+000 -2.2999e+000 -1.7280e+000
3870 +1.365008399e+000 +1.365008399e+000 +1.019350084e+002 +1.019350084e+002 +1.0930e+000 -2.3674e+000 +1.4641e+000 -2.3027e+000 -8.8269e-001
3895 +1.238495736e+000 +1.238495736e+000 +1.018084957e+002 +1.018084957e+002 +1.0849e+000 -2.4124e+000 +1.4301e+000 -2.2868e+000 -8.9982e-001
4061 +1.176285363e+000 +1.176285363e+000 +1.017462854e+002 +1.017462854e+002 +1.0496e+000 -2.3139e+000 +1.4464e+000 -2.2801e+000 -2.0109e+000
4105 +9.926055597e-001 +9.926055597e-001 +1.015626056e+002 +1.015626056e+002 +1.0313e+000 -2.3084e+000 +1.4697e+000 -2.2467e+000 -2.0794e+000
4332 +9.704683881e-001 +9.704683881e-001 +1.015404684e+002 +1.015404684e+002 +1.0495e+000 -2.3558e+000 +1.4706e+000 -2.2394e+000 -2.0803e+000
5138 +9.015188241e-001 +9.015188241e-001 +1.014715188e+002 +1.014715188e+002 +1.0440e+000 -2.3864e+000 +1.4309e+000 -2.2785e+000 -2.0751e+000
5355 +8.850158986e-001 +8.850158986e-001 +1.014550159e+002 +1.014550159e+002 +1.0225e+000 -2.3897e+000 +1.4424e+000 -2.2686e+000 -2.0659e+000
5454 +8.689079104e-001 +8.689079104e-001 +1.014389079e+002 +1.014389079e+002 +1.0210e+000 -2.3744e+000 +1.4293e+000 -2.2750e+000 -2.0621e+000
% function evaluation | noise-free fitness - Fopt (1.149000000000e+001) | best noise-free fitness - Fopt | measured fitness | best measured fitness | x1 | x2...
1 +7.008870661e+004 +7.008870661e+004 +7.010019661e+004 +7.010019661e+004 +1.7033e+000 -2.4135e-001 -5.9444e+000 -2.4282e+000 -1.8403e+000
25 +6.383576305e+004 +6.383576305e+004 +6.384725305e+004 +6.384725305e+004 -2.8736e+000 -2.7691e+000 -8.5263e+000 +4.1408e+000 +1.9368e+000
27 +1.420342664e+004 +1.420342664e+004 +1.421491664e+004 +1.421491664e+004 -4.1519e-001 -4.5086e+000 -5.4483e+000 +9.1889e-002 +5.9180e-001
31 +3.966911423e+003 +3.966911423e+003 +3.978401423e+003 +3.978401423e+003 +3.6766e-001 -3.8006e-001 -4.5074e+000 -1.0667e+000 +1.6955e+000
96 +1.932600422e+003 +1.932600422e+003 +1.944090422e+003 +1.944090422e+003 +2.3388e-001 -1.5429e+000 -4.2755e+000 +1.2543e+000 +6.0945e-001
111 +5.743213823e+002 +5.743213823e+002 +5.858113823e+002 +5.858113823e+002 -3.9984e-001 -8.4356e-001 -3.6469e+000 -4.6476e-001 +1.4237e+000
131 +8.490337217e+001 +8.490337217e+001 +9.639337217e+001 +9.639337217e+001 -5.6305e-001 -3.4706e-001 -2.8896e+000 -2.2235e-001 +2.5239e+000
180 +6.664271682e+001 +6.664271682e+001 +7.813271682e+001 +7.813271682e+001 -1.5640e+000 -7.3340e-001 -2.8383e+000 +8.5514e-001 +2.1208e+000
222 +6.323856816e+001 +6.323856816e+001 +7.472856816e+001 +7.472856816e+001 -1.2360e+000 -4.2465e-001 -3.1736e+000 +7.4378e-001 +1.5421e+000
240 +5.685697630e+000 +5.685697630e+000 +1.717569763e+001 +1.717569763e+001 -8.2944e-001 -5.2552e-001 -3.0007e+000 +1.2237e+000 +1.8653e+000
249 +5.477769656e+000 +5.477769656e+000 +1.696776966e+001 +1.696776966e+001 +5.8126e-001 -4.8133e-001 -2.9531e+000 +1.5894e+000 +1.4630e+000
252 +4.538374702e+000 +4.538374702e+000 +1.602837470e+001 +1.602837470e+001 -6.3064e-001 -5.4447e-001 -2.9624e+000 +1.1629e+000 +1.3981e+000
276 +4.067710410e+000 +4.067710410e+000 +1.555771041e+001 +1.555771041e+001 -2.5893e-001 -5.1173e-001 -2.8758e+000 +5.1783e-001 +2.5437e+000
285 +3.847641111e+000 +3.847641111e+000 +1.533764111e+001 +1.533764111e+001 -1.6357e+000 -3.7917e-001 -2.9510e+000 +8.7616e-001 +1.5462e+000
303 +3.174487455e+000 +3.174487455e+000 +1.466448746e+001 +1.466448746e+001 -1.4341e+000 -4.1422e-001 -2.7405e+000 +6.1536e-001 +1.6781e+000
331 +2.362489068e+000 +2.362489068e+000 +1.385248907e+001 +1.385248907e+001 -6.2383e-001 -6.6233e-001 -2.7627e+000 +1.0025e+000 +2.0470e+000
407 +2.207475115e+000 +2.207475115e+000 +1.369747512e+001 +1.369747512e+001 +4.5334e-001 -2.0295e-001 -2.7321e+000 +1.9899e+000 +2.2396e+000
550 +2.141968240e+000 +2.141968240e+000 +1.363196824e+001 +1.363196824e+001 -6.3896e-001 -1.8592e-002 -2.6673e+000 +8.1218e-001 +2.1146e+000
666 +2.135710137e+000 +2.135710137e+000 +1.362571014e+001 +1.362571014e+001 -8.7454e-002 -9.4705e-002 -2.6494e+000 +8.2406e-001 +2.1014e+000
693 +2.088811956e+000 +2.088811956e+000 +1.357881196e+001 +1.357881196e+001 -1.1006e-001 -1.1895e-001 -2.6685e+000 +4.4367e-001 +2.1159e+000
721 +1.982703590e+000 +1.982703590e+000 +1.347270359e+001 +1.347270359e+001 -1.2760e-001 -8.6876e-002 -2.6547e+000 +4.7967e-001 +2.1232e+000
731 +1.868186537e+000 +1.868186537e+000 +1.335818654e+001 +1.335818654e+001 -5.9190e-002 -7.2443e-002 -2.6571e+000 +4.8563e-001 +2.1801e+000
980 +1.834212939e+000 +1.834212939e+000 +1.332421294e+001 +1.332421294e+001 +8.9914e-001 -2.3290e-001 -2.6447e+000 +5.0367e-001 +2.1739e+000
1004 +1.644408461e+000 +1.644408461e+000 +1.313440846e+001 +1.313440846e+001 -2.7348e-001 -4.6379e-002 -2.6597e+000 +4.9257e-001 +2.4832e+000
1190 +1.473513362e+000 +1.473513362e+000 +1.296351336e+001 +1.296351336e+001 +3.9270e-001 -8.9729e-002 -2.6185e+000 +4.5620e-001 +2.4910e+000
% function evaluation | noise-free fitness - Fopt (7.731000000000e+001) | best noise-free fitness - Fopt | measured fitness | best measured fitness | x1 | x2...
1 +3.555956555e+004 +3.555956555e+004 +3.563687555e+004 +3.563687555e+004 -9.1085e-002 -3.9377e+000 -4.8172e+000 -3.7619e+000 +3.8437e+000
4 +1.750436700e+004 +1.750436700e+004 +1.758167700e+004 +1.758167700e+004 +6.1032e-001 -5.3505e+000 -3.3794e+000 -2.2044e+000 +2.8003e+000
16 +1.185421163e+004 +1.185421163e+004 +1.193152163e+004 +1.193152163e+004 +1.5056e-001 -5.4711e+000 -1.8397e+000 -1.3469e+000 +8.7121e-001
39 +1.119135834e+004 +1.119135834e+004 +1.126866834e+004 +1.126866834e+004 +8.5340e-001 -4.9902e+000 -2.2402e+000 -1.7856e+000 +2.2816e+000
55 +6.049504267e+003 +6.049504267e+003 +6.126814267e+003 +6.126814267e+003 +5.4357e+000 -5.0453e+000 -8.3675e-001 -1.4582e-001 +3.3637e+000
59 +4.543491454e+003 +4.543491454e+003 +4.620801454e+003 +4.620801454e+003 -2.0343e+000 -4.3919e+000 -1.3499e+000 -5.3617e-001 +1.5031e+000
82 +1.295111288e+003 +1.295111288e+003 +1.372421288e+003 +1.372421288e+003 +4.2972e+000 -3.4128e+000 -1.8552e+000 +3.8621e-001 +2.2562e+000
84 +4.434156066e+001 +4.434156066e+001 +1.216515607e+002 +1.216515607e+002 +2.8158e+000 -2.7777e+000 -1.1343e+000 +1.0582e+000 +2.2231e+000
204 +2.809821613e+001 +2.809821613e+001 +1.054082161e+002 +1.054082161e+002 +2.7581e+000 -2.5184e+000 -1.4490e+000 +6.8171e-001 +2.4045e+000
205 +5.131669649e+000 +5.131669649e+000 +8.244166965e+001 +8.244166965e+001 +1.7034e+000 -2.4596e+000 -1.4995e+000 +5.0911e-001 +2.3713e+000
228 +3.914883397e+000 +3.914883397e+000 +8.122488340e+001 +8.122488340e+001 +2.3121e+000 -1.7526e+000 -1.4690e+000 +1.0166e+000 +2.3834e+000
256 +3.554693802e+000 +3.554693802e+000 +8.086469380e+001 +8.086469380e+001 +1.3918e+000 -2.0064e+000 -1.8199e+000 +2.3328e-001 +2.2043e+000
258 +3.404530205e+000 +3.404530205e+000 +8.071453021e+001 +8.071453021e+001 +1.4661e+000 -1.1995e+000 -1.9520e+000 +1.2239e+000 +2.3299e+000
261 +2.649752225e+000 +2.649752225e+000 +7.995975222e+001 +7.995975222e+001 +1.6476e+000 -3.6007e-001 -1.7929e+000 +1.4063e+000 +2.2171e+000
264 +2.525557149e+000 +2.525557149e+000 +7.983555715e+001 +7.983555715e+001 +1.4303e+000 -2.8698e+000 -1.8275e+000 +7.8524e-001 +2.1542e+000
276 +2.006378873e+000 +2.006378873e+000 +7.931637887e+001 +7.931637887e+001 +1.5744e+000 -2.3657e-001 -1.9088e+000 +9.2766e-001 +2.4047e+000
318 +1.945309862e+000 +1.945309862e+000 +7.925530986e+001 +7.925530986e+001 +1.4982e+000 -2.1755e+000 -1.9752e+000 +6.3822e-001 +2.0818e+000
777 +1.862841121e+000 +1.862841121e+000 +7.917284112e+001 +7.917284112e+001 +1.5564e+000 -2.8434e-001 -2.6579e+000 +8.1258e-001 +2.1046e+000
784 +1.662028265e+000 +1.662028265e+000 +7.897202826e+001 +7.897202826e+001 +1.6015e+000 -3.1519e-001 -4.9329e-001 +1.0096e+000 +1.9967e+000
805 +1.586658169e+000 +1.586658169e+000 +7.889665817e+001 +7.889665817e+001 +1.5641e+000 -3.1111e-001 -5.2918e-001 +1.0067e+000 +2.0698e+000
930 +1.563257255e+000 +1.563257255e+000 +7.887325726e+001 +7.887325726e+001 +1.5264e+000 -2.8856e-001 -5.7339e-001 +9.7471e-001 +2.0126e+000
977 +1.536914361e+000 +1.536914361e+000 +7.884691436e+001 +7.884691436e+001 +1.4851e+000 -3.0571e-001 -5.6929e-001 +9.3187e-001 +2.0435e+000
981 +1.492949725e+000 +1.492949725e+000 +7.880294972e+001 +7.880294972e+001 +1.4689e+000 -2.8922e-001 -5.3168e-001 +9.4082e-001 +2.0705e+000
1015 +1.448498380e+000 +1.448498380e+000 +7.875849838e+001 +7.875849838e+001 +1.5061e+000 -2.9483e-001 -5.2360e-001 +9.5854e-001 +2.0252e+000
1022 +1.397937305e+000 +1.397937305e+000 +7.870793730e+001 +7.870793730e+001 +1.5138e+000 -3.0081e-001 -5.3572e-001 +9.5917e-001 +2.0455e+000
% function evaluation | noise-free fitness - Fopt (3.207700000000e+002) | best noise-free fitness - Fopt | measured fitness | best measured fitness | x1 | x2...
1 +8.907066018e+004 +8.907066018e+004 +8.939143018e+004 +8.939143018e+004 +2.8653e+000 -1.8074e+000 -6.1363e+000 -4.7532e+000 +5.0009e+000
2 +3.729602720e+004 +3.729602720e+004 +3.761679720e+004 +3.761679720e+004 +2.8098e+000 -1.5809e+000 +5.4265e+000 -2.1190e+000 +4.7303e+000
3 +9.706812090e+002 +9.706812090e+002 +1.291451209e+003 +1.291451209e+003 +3.9456e+000 -4.3200e+000 -6.8981e-001 -7.8531e-001 +1.6103e+000
7 +2.033897972e+001 +2.033897972e+001 +3.411089797e+002 +3.411089797e+002 +2.6049e+000 -3.6985e+000 +1.3332e+000 -8.8616e-001 +1.0810e+000
16 +3.722334901e+000 +3.722334901e+000 +3.244923349e+002 +3.244923349e+002 +7.0133e-001 -1.6135e+000 +1.4662e+000 -1.7956e+000 +1.6320e+000
155 +2.539113383e+000 +2.539113383e+000 +3.233091134e+002 +3.233091134e+002 +1.4118e+000 -1.3684e+000 +7.9550e-001 -1.9467e+000 +1.0089e+000
192 +2.361699349e+000 +2.361699349e+000 +3.231316993e+002 +3.231316993e+002 +1.4669e+000 -1.6286e+000 +1.0383e+000 -2.3536e+000 +9.5377e-001
429 +2.048395299e+000 +2.048395299e+000 +3.228183953e+002 +3.228183953e+002 -1.0006e+000 -2.3043e+000 +1.4614e+000 -2.2995e+000 +1.6168e+000
829 +1.599170501e+000 +1.599170501e+000 +3.223691705e+002 +3.223691705e+002 -1.2469e+000 -2.3555e+000 +1.9662e+000 -2.2041e+000 +2.0241e+000
907 +1.264262447e+000 +1.264262447e+000 +3.220342624e+002 +3.220342624e+002 -2.1395e+000 -1.4222e+000 +1.6496e+000 -2.1867e+000 +2.0845e+000
1577 +1.244661803e+000 +1.244661803e+000 +3.220146618e+002 +3.220146618e+002 -2.0287e+000 -2.0740e+000 +2.0942e+000 -2.1521e+000 +1.6498e+000
1632 +7.362945089e-001 +7.362945089e-001 +3.215062945e+002 +3.215062945e+002 -2.0836e+000 -2.0986e+000 +2.0378e+000 -2.1289e+000 +1.7157e+000
% function evaluation | noise-free fitness - Fopt (1.893000000000e+001) | best noise-free fitness - Fopt | measured fitness | best measured fitness | x1 | x2...
1 +2.666874839e+005 +2.666874839e+005 +2.667064139e+005 +2.667064139e+005 +1.1781e+001 -7.8902e-001 +2.4269e+000 -7.0643e+000 -7.5752e+000
2 +1.659495344e+005 +1.659495344e+005 +1.659684644e+005 +1.659684644e+005 +4.7188e+000 +1.1754e+000 +3.9821e-001 -4.7315e+000 -6.2476e+000
3 +3.927735658e+004 +3.927735658e+004 +3.929628658e+004 +3.929628658e+004 +1.0234e+000 +2.3652e+000 -1.7361e+000 -3.7549e-001 -2.0052e+000
4 +2.583976247e+004 +2.583976247e+004 +2.585869247e+004 +2.585869247e+004 +4.0948e+000 -3.6437e+000 -4.4875e-001 -5.0851e+000 -1.6544e+000
19 +2.297939027e+004 +2.297939027e+004 +2.299832027e+004 +2.299832027e+004 +6.3359e-001 +2.4434e-001 +1.0233e+000 -2.9548e+000 -1.8754e+000
33 +7.844011063e+002 +7.844011063e+002 +8.033311063e+002 +8.033311063e+002 -1.8958e+000 +1.3752e+000 -2.3099e-001 -1.4522e+000 +1.6858e+000
54 +5.189291960e+002 +5.189291960e+002 +5.378591960e+002 +5.378591960e+002 +9.4781e-001 +7.6713e-001 -2.1528e+000 -2.7384e+000 +1.1412e+000
60 +1.014487529e+001 +1.014487529e+001 +2.907487529e+001 +2.907487529e+001 +3.2855e-001 +9.3524e-001 -1.9578e-001 -2.0978e+000 +2.0976e+000
87 +3.691197101e+000 +3.691197101e+000 +2.262119710e+001 +2.262119710e+001 +1.8928e+000 +1.0373e+000 -7.3848e-001 -2.4259e+000 +1.7625e+000
132 +3.474723041e+000 +3.474723041e+000 +2.240472304e+001 +2.240472304e+001 +4.4657e-001 +2.3238e-001 -3.9596e-001 -2.6408e+000 +8.4129e-001
153 +1.840425530e+000 +1.840425530e+000 +2.077042553e+001 +2.077042553e+001 +9.9017e-001 -1.7045e-001 -6.0784e-001 -2.5062e+000 +1.9828e+000
1583 +1.674811375e+000 +1.674811375e+000 +2.060481138e+001 +2.060481138e+001 +3.8504e-001 -2.5285e+000 -2.0495e+000 -5.8154e-001 +2.0994e+000
7605 +1.600804863e+000 +1.600804863e+000 +2.053080486e+001 +2.053080486e+001 +4.1515e-001 +1.5661e-001 -2.6296e+000 -2.0700e+000 +2.1296e+000
10678 +1.482180813e+000 +1.482180813e+000 +2.041218081e+001 +2.041218081e+001 +1.1796e+000 -2.4053e+000 -1.3438e+000 -2.2792e+000 +2.0939e+000
10704 +1.249740451e+000 +1.249740451e+000 +2.017974045e+001 +2.017974045e+001 +9.0967e-001 -2.5147e+000 -1.4001e+000 -2.2516e+000 +2.0633e+000
