% function evaluation | noise-free fitness - Fopt (-1.025500000000e+002) | best noise-free fitness - Fopt | measured fitness | best measured fitness | x1 | x2...
1 +3.347607201e+001 +3.347607201e+001 -6.907392799e+001 -6.907392799e+001 +3.7152e-001 -5.6475e+000 -2.6765e-001 -1.7316e+000 +6.2692e-001
5 +2.994065088e+001 +2.994065088e+001 -7.260934912e+001 -7.260934912e+001 -1.3748e+000 -6.5761e+000 -6.6987e-001 +5.4686e-001 -1.8377e+000
17 +2.886919510e+001 +2.886919510e+001 -7.368080490e+001 -7.368080490e+001 +5.3595e-001 -2.7446e+000 +3.5100e+000 -3.6345e+000 -1.4073e+000
24 +1.506807183e+001 +1.506807183e+001 -8.748192817e+001 -8.748192817e+001 +1.4966e+000 -4.1418e+000 -1.0347e+000 +5.5833e+000 -8.1527e-002
37 +6.271073863e+000 +6.271073863e+000 -9.627892614e+001 -9.627892614e+001 +1.3558e+000 -1.1263e+000 +1.8646e+000 -2.1479e-001 -8.5343e-001
249 +2.884945641e+000 +2.884945641e+000 -9.966505436e+001 -9.966505436e+001 -2.6413e+000 -5.7444e+000 -1.0782e+000 +5.3085e+000 -1.5817e-001
258 +2.233875530e+000 +2.233875530e+000 -1.003161245e+002 -1.003161245e+002 -1.2756e+000 -3.2359e+000 -1.1179e+000 +3.4974e+000 +1.7092e-001
1104 +1.587716020e+000 +1.587716020e+000 -1.009622840e+002 -1.009622840e+002 -1.2791e+000 -1.2450e+000 -9.4907e-001 +2.3152e+000 +6.0013e-001
1408 +1.336243384e+000 +1.336243384e+000 -1.012137566e+002 -1.012137566e+002 -1.5374e+000 -2.0824e+000 +2.0817e+000 +2.2433e+000 -2.3725e-001
2513 +1.179681460e+000 +1.179681460e+000 -1.013703185e+002 -1.013703185e+002 +5.5396e-001 -4.8801e-001 -8.2898e-002 -2.1116e-001 -3.1574e-001
3883 +1.131651916e+000 +1.131651916e+000 -1.014183481e+002 -1.014183481e+002 -4.2654e-001 -8.9664e-002 +4.2024e-001 -1.4472e+000 -1.0936e-001
3960 +1.065141635e+000 +1.065141635e+000 -1.014848584e+002 -1.014848584e+002 -1.4216e-001 +1.7615e-001 +4.1909e-001 +2.7448e-001 -7.8759e-001
13916 +7.709154327e-001 +7.709154327e-001 -1.017790846e+002 -1.017790846e+002 -9.1795e-001 -7.2020e-001 +3.6646e-001 +2.3668e+000 -1.4351e+000
16459 +2.805900822e-001 +2.805900822e-001 -1.022694099e+002 -1.022694099e+002 -3.0986e-001 -1.4215e+000 -3.0899e-001 +2.0240e-001 +1.9665e-001
124244 +2.407372684e-001 +2.407372684e-001 -1.023092627e+002 -1.023092627e+002 -5.3627e-001 -3.8451e-001 +1.0084e+000 -3.9875e-001 +2.2321e-001
261666 +1.774188598e-001 +1.774188598e-001 -1.023725811e+002 -1.023725811e+002 -1.0778e+000 -1.5309e+000 -2.1845e+000 +1.1614e+000 -7.8484e-001
651184 +1.320292051e-001 +1.320292051e-001 -1.024179708e+002 -1.024179708e+002 -1.2148e+000 -1.3938e+000 -1.6033e+000 +1.2423e+000 -4.1506e-001
1561196 +1.064488385e-001 +1.064488385e-001 -1.024435512e+002 -1.024435512e+002 -6.4893e-001 +2.4481e-001 -1.7557e-001 +1.1942e-001 +7.5058e-001
2771771 +3.534830924e-002 +3.534830924e-002 -1.025146517e+002 -1.025146517e+002 +7.9777e-002 +3.0884e-001 -5.6531e-002 -5.7297e-001 -1.3940e-001
% function evaluation | noise-free fitness - Fopt (7.169000000000e+001) | best noise-free fitness - Fopt | measured fitness | best measured fitness | x1 | x2...
1 +1.459737194e+002 +1.459737194e+002 +2.176637194e+002 +2.176637194e+002 -3.6004e+000 +8.2707e+000 +5.7140e+000 +1.6984e+000 -4.1097e+000
2 +5.551424133e+001 +5.551424133e+001 +1.272042413e+002 +1.272042413e+002 -5.9572e+000 -1.4121e+000 +1.7205e+000 +2.3210e+000 -4.6953e+000
7 +2.621520235e+001 +2.621520235e+001 +9.790520235e+001 +9.790520235e+001 -2.0321e+000 -1.3841e+000 +2.0484e+000 +7.6262e-001 -5.0807e+000
26 +2.107354255e+001 +2.107354255e+001 +9.276354255e+001 +9.276354255e+001 -1.7281e+000 -1.5197e+000 +3.5795e+000 +4.2154e-001 -2.8283e-001
38 +1.016635968e+001 +1.016635968e+001 +8.185635968e+001 +8.185635968e+001 +3.5813e-001 +2.4084e+000 +1.4655e+000 +2.1852e+000 -2.5722e+000
51 +8.622081480e+000 +8.622081480e+000 +8.031208148e+001 +8.031208148e+001 +1.6403e+000 -2.0007e-001 +2.5018e+000 +1.4670e+000 -4.2410e-001
64 +8.166168072e+000 +8.166168072e+000 +7.985616807e+001 +7.985616807e+001 +3.9795e-001 -5.8621e-001 +2.9561e+000 +1.1934e+000 -4.7323e-001
79 +6.910765966e+000 +6.910765966e+000 +7.860076597e+001 +7.860076597e+001 -2.9084e-002 +1.0135e+000 +3.0636e+000 +1.1246e+000 -1.3593e+000
100 +4.922920817e+000 +4.922920817e+000 +7.661292082e+001 +7.661292082e+001 -4.3701e-001 +7.1992e-001 +2.9806e+000 +1.6129e+000 -2.5674e+000
122 +2.488913953e+000 +2.488913953e+000 +7.417891395e+001 +7.417891395e+001 +5.0016e-001 +7.6266e-001 +4.2367e-001 +1.1130e+000 -1.3337e+000
249 +2.254908155e+000 +2.254908155e+000 +7.394490816e+001 +7.394490816e+001 +7.0828e-001 -1.3902e-001 +3.2434e-001 +9.2694e-001 +6.0024e-001
369 +1.104992951e+000 +1.104992951e+000 +7.279499295e+001 +7.279499295e+001 +2.6710e-001 +5.9939e-001 +4.7658e-001 +1.0376e+000 +1.0908e+000
1115 +5.910880065e-001 +5.910880065e-001 +7.228108801e+001 +7.228108801e+001 +3.0579e-001 +5.7697e-001 +1.3661e+000 -6.3195e-001 +6.9467e-001
36830 +5.722371471e-001 +5.722371471e-001 +7.226223715e+001 +7.226223715e+001 +6.5011e-001 -3.8878e-001 -6.8298e-001 -1.5326e+000 +5.3650e-001
49714 +5.270401882e-001 +5.270401882e-001 +7.221704019e+001 +7.221704019e+001 -6.3929e-001 -6.9181e-001 +4.1454e-001 -1.2183e+000 -1.4637e-001
82956 +4.016821254e-001 +4.016821254e-001 +7.209168213e+001 +7.209168213e+001 -1.0285e+000 -1.0636e+000 +1.4388e-001 +4.1355e-001 +6.8722e-001
430324 +2.707565506e-001 +2.707565506e-001 +7.196075655e+001 +7.196075655e+001 +5.4916e-001 -6.6628e-001 +1.0156e+000 +8.8671e-002 +2.3008e-001
462500 +2.549225695e-001 +2.549225695e-001 +7.194492257e+001 +7.194492257e+001 -4.0677e-001 +4.9336e-001 -1.5109e-001 -5.9586e-002 +1.0898e+000
613023 +1.633135241e-001 +1.633135241e-001 +7.185331352e+001 +7.185331352e+001 -7.5374e-001 -1.1569e+000 -2.6191e-001 +4.7357e-001 +5.1901e-001
931890 +1.616518599e-001 +1.616518599e-001 +7.185165186e+001 +7.185165186e+001 -3.5961e-002 +3.4777e-001 -7.0921e-001 -5.8277e-001 +4.6164e-002
1627755 +1.427280422e-001 +1.427280422e-001 +7.183272804e+001 +7.183272804e+001 +3.3482e-001 +1.6984e-001 -1.9970e-001 -6.9609e-002 -2.0635e-001
2353470 +1.384140706e-001 +1.384140706e-001 +7.182841407e+001 +7.182841407e+001 -5.3665e-001 -3.6415e-001 +9.7106e-001 -8.3912e-001 -2.1902e-001
2440116 +6.165465099e-002 +6.165465099e-002 +7.175165465e+001 +7.175165465e+001 -3.9816e-001 -2.4671e-001 -1.2436e+000 -1.1162e+000 +7.1601e-001
% function evaluation | noise-free fitness - Fopt (2.140100000000e+002) | best noise-free fitness - Fopt | measured fitness | best measured fitness | x1 | x2...
1 +8.324572532e+001 +8.324572532e+001 +2.972557253e+002 +2.972557253e+002 +5.7685e+000 -2.6872e-001 -3.2396e+000 +3.0672e+000 -2.4810e+000
4 +6.633628028e+001 +6.633628028e+001 +2.803462803e+002 +2.803462803e+002 +5.1625e+000 -2.4314e+000 -7.6640e-001 +3.5590e+000 -2.5731e+000
6 +6.490039501e+001 +6.490039501e+001 +2.789103950e+002 +2.789103950e+002 +3.0703e+000 +3.6276e-001 +2.5017e+000 -3.5048e-001 +5.6889e+000
14 +2.590199884e+001 +2.590199884e+001 +2.399119988e+002 +2.399119988e+002 -1.2384e+000 -1.1272e+000 +5.5316e+000 +4.6713e+000 +9.8981e-001
24 +1.090664892e+001 +1.090664892e+001 +2.249166489e+002 +2.249166489e+002 +6.2015e-001 +1.9897e+000 +1.5918e+000 +8.7763e-001 -8.0866e-001
50 +6.544676818e+000 +6.544676818e+000 +2.205546768e+002 +2.205546768e+002 -7.8506e-001 -1.4203e+000 +1.4752e+000 +2.9549e+000 -3.8663e-002
163 +6.326728522e+000 +6.326728522e+000 +2.203367285e+002 +2.203367285e+002 +1.9803e+000 -9.8855e-001 -6.6223e-001 +4.9357e-001 -1.9264e-002
196 +5.939972662e+000 +5.939972662e+000 +2.199499727e+002 +2.199499727e+002 -4.2354e-001 -2.1355e-001 +4.2079e+000 +1.4895e-001 -7.4600e-002
200 +5.862942888e+000 +5.862942888e+000 +2.198729429e+002 +2.198729429e+002 -1.4540e-001 -2.4579e-001 +2.9586e+000 -3.2584e-001 +9.9115e-002
226 +5.115153480e+000 +5.115153480e+000 +2.191251535e+002 +2.191251535e+002 -3.2565e+000 +2.1487e+000 +4.6664e+000 +3.9725e-001 -5.5700e-001
237 +4.576295019e+000 +4.576295019e+000 +2.185862950e+002 +2.185862950e+002 -9.0121e-001 +3.3926e-001 +1.0690e+000 +9.3873e-002 -1.5229e+000
275 +3.646331277e+000 +3.646331277e+000 +2.176563313e+002 +2.176563313e+002 -1.2855e+000 +6.7314e-001 +1.9101e+000 +2.5797e-001 -7.4294e-001
359 +3.116113968e+000 +3.116113968e+000 +2.171261140e+002 +2.171261140e+002 -7.3895e-001 -5.4714e-001 +3.7861e+000 +4.8385e-001 -7.1261e-001
428 +2.023084673e+000 +2.023084673e+000 +2.160330847e+002 +2.160330847e+002 -1.1782e+000 -5.5066e-001 +2.9369e+000 +1.0512e+000 -1.5682e+000
1939 +1.696873839e+000 +1.696873839e+000 +2.157068738e+002 +2.157068738e+002 -1.2266e+000 -4.6194e-001 -1.8390e+000 +5.0016e-001 +3.6922e-001
4041 +1.542740096e+000 +1.542740096e+000 +2.155527401e+002 +2.155527401e+002 +1.0648e+000 -2.1379e-001 -6.6023e-001 -2.6223e-001 -7.0759e-001
5200 +8.726926537e-001 +8.726926537e-001 +2.148826927e+002 +2.148826927e+002 +4.5898e-001 -1.1170e+000 +1.7827e+000 +5.8074e-002 -1.0404e+000
11809 +7.269170691e-001 +7.269170691e-001 +2.147369171e+002 +2.147369171e+002 -1.1180e+000 -4.0975e-001 +2.0645e+000 -5.9878e-001 +3.6383e-001
14597 +5.193688292e-001 +5.193688292e-001 +2.145293688e+002 +2.145293688e+002 +2.2124e-001 -5.9512e-002 +2.5539e+000 +3.0780e-002 +6.6911e-001
107579 +4.183315877e-001 +4.183315877e-001 +2.144283316e+002 +2.144283316e+002 -1.7229e-001 +1.1951e+000 +2.0779e-001 +2.6083e-001 -1.9698e+000
140622 +3.796352011e-001 +3.796352011e-001 +2.143896352e+002 +2.143896352e+002 -8.2209e-001 +2.8462e+000 +3.2867e+000 -2.7610e-001 +1.6414e+000
208145 +2.949809884e-001 +2.949809884e-001 +2.143049810e+002 +2.143049810e+002 +7.2262e-001 -1.2476e+000 -9.0761e-001 +1.2791e-001 -7.4651e-001
407196 +2.639350647e-001 +2.639350647e-001 +2.142739351e+002 +2.142739351e+002 -1.0463e-001 +1.9562e-001 +9.4687e-001 -4.0291e-001 +9.3841e-001
466238 +1.562462781e-001 +1.562462781e-001 +2.141662463e+002 +2.141662463e+002 +5.1627e-001 -6.4512e-001 +7.1416e-001 +1.8479e-001 -9.2951e-002
2807130 +1.455549427e-001 +1.455549427e-001 +2.141555549e+002 +2.141555549e+002 -1.4038e+000 +5.0697e-001 +5.4430e-001 -4.1581e-002 -6.2368e-002
4033862 +1.278740172e-001 +1.278740172e-001 +2.141378740e+002 +2.141378740e+002 +1.5762e-001 -2.2618e-001 -4.0889e-001 -4.2379e-001 -4.1351e-001
% function evaluation | noise-free fitness - Fopt (-5.848000000000e+001) | best noise-free fitness - Fopt | measured fitness | best measured fitness | x1 | x2...
1 +1.307206632e+002 +1.307206632e+002 +7.224066321e+001 +7.224066321e+001 +2.5669e+000 +6.2310e+000 -2.7985e+000 -2.2240e+000 -4.3621e+000
3 +4.621122026e+001 +4.621122026e+001 -1.226877974e+001 -1.226877974e+001 +4.3948e+000 +3.5161e+000 -9.4044e-001 -2.4517e+000 +3.1987e-001
4 +3.050170686e+001 +3.050170686e+001 -2.797829314e+001 -2.797829314e+001 +4.3571e+000 +2.6527e+000 -4.1065e+000 +1.5591e+000 -1.9795e+000
7 +1.887041861e+001 +1.887041861e+001 -3.960958139e+001 -3.960958139e+001 +2.9336e+000 -3.4390e-001 +2.1026e-001 -2.3128e+000 -4.2078e+000
26 +1.256352288e+001 +1.256352288e+001 -4.591647712e+001 -4.591647712e+001 +5.5490e+000 +1.6443e+000 -7.8739e-001 +4.7591e-001 -1.3456e+000
55 +1.102219711e+001 +1.102219711e+001 -4.745780289e+001 -4.745780289e+001 +3.6524e+000 +2.6082e+000 -5.1561e-001 +1.1315e-001 -2.7413e-002
79 +9.366778685e+000 +9.366778685e+000 -4.911322131e+001 -4.911322131e+001 +5.7133e-001 +2.4970e+000 -1.6593e+000 +6.8826e-001 +1.3709e+000
81 +8.713797758e+000 +8.713797758e+000 -4.976620224e+001 -4.976620224e+001 +2.4933e+000 +1.7246e+000 +1.0559e+000 -1.5909e-001 -1.0285e+000
96 +4.296601691e+000 +4.296601691e+000 -5.418339831e+001 -5.418339831e+001 +4.2767e-001 +2.7632e+000 +6.1153e-001 -1.4308e-001 -2.3927e+000
189 +2.695524123e+000 +2.695524123e+000 -5.578447588e+001 -5.578447588e+001 -8.2373e-001 +6.8329e-001 +7.6082e-001 -5.8064e-001 -5.3822e-001
411 +1.608679701e+000 +1.608679701e+000 -5.687132030e+001 -5.687132030e+001 +1.0928e+000 +7.5737e-001 +4.0553e-001 +8.5277e-001 +9.2397e-001
1411 +7.893348868e-001 +7.893348868e-001 -5.769066511e+001 -5.769066511e+001 +8.2820e-001 -7.3403e-001 -2.5051e-001 +4.2871e-001 -1.5221e+000
2878 +7.495781475e-001 +7.495781475e-001 -5.773042185e+001 -5.773042185e+001 +1.2501e+000 -1.8937e+000 +7.8805e-001 +1.3156e+000 -1.7307e+000
11830 +6.378689360e-001 +6.378689360e-001 -5.784213106e+001 -5.784213106e+001 +6.9685e-001 -1.6950e-001 -1.9776e+000 +1.6434e+000 -5.7904e-001
24292 +5.933864732e-001 +5.933864732e-001 -5.788661353e+001 -5.788661353e+001 +8.4873e-001 -8.3300e-001 -2.0543e-001 -5.5082e-002 -8.5843e-001
31583 +3.132104329e-001 +3.132104329e-001 -5.816678957e+001 -5.816678957e+001 -3.4536e-001 -8.5734e-001 +1.2936e+000 +3.7157e-001 -8.6769e-001
275958 +2.987960764e-001 +2.987960764e-001 -5.818120392e+001 -5.818120392e+001 -3.4938e-002 -1.1437e+000 -2.2749e-001 -4.2470e-001 -2.4127e-001
403286 +2.483328731e-001 +2.483328731e-001 -5.823166713e+001 -5.823166713e+001 -4.9755e-001 +2.0131e-001 +1.1946e-001 -4.0635e-001 +1.2092e-001
790794 +1.281386073e-001 +1.281386073e-001 -5.835186139e+001 -5.835186139e+001 +7.9647e-001 -1.7040e+000 -1.1700e+000 +8.4954e-001 -6.4662e-001
1645083 +1.006440910e-001 +1.006440910e-001 -5.837935591e+001 -5.837935591e+001 -3.7379e-002 +3.3868e-001 +5.3830e-001 -4.5250e-001 -6.5162e-001
% function evaluation | noise-free fitness - Fopt (-6.130800000000e+002) | best noise-free fitness - Fopt | measured fitness | best measured fitness | x1 | x2...
1 +5.338465663e+002 +5.338465663e+002 -7.923343369e+001 -7.923343369e+001 +6.5741e+000 +2.8985e+000 +6.5029e+000 +7.9713e+000 -2.5650e+000
2 +4.011855966e+001 +4.011855966e+001 -5.729614403e+002 -5.729614403e+002 +3.8644e+000 -2.3214e+000 +3.5418e+000 -1.5356e+000 +1.0500e+000
10 +2.817183505e+001 +2.817183505e+001 -5.849081649e+002 -5.849081649e+002 +3.7959e+000 +3.5937e+000 +2.9043e-001 -2.5847e+000 +1.3880e+000
12 +2.245229078e+001 +2.245229078e+001 -5.906277092e+002 -5.906277092e+002 +3.0956e+000 -5.6161e+000 +3.6539e+000 +4.2959e+000 +2.7658e+000
26 +2.125800051e+001 +2.125800051e+001 -5.918219995e+002 -5.918219995e+002 +3.5875e+000 -3.9394e+000 +2.1777e+000 +4.3098e+000 +3.3222e+000
38 +2.054927211e+001 +2.054927211e+001 -5.925307279e+002 -5.925307279e+002 +2.9814e+000 +8.8694e-002 -8.8818e-001 -3.5318e+000 +2.8527e+000
42 +1.342556678e+001 +1.342556678e+001 -5.996544332e+002 -5.996544332e+002 +3.2805e+000 -2.4139e+000 +2.8519e+000 -4.2712e-001 -1.0754e+000
55 +8.273446196e+000 +8.273446196e+000 -6.048065538e+002 -6.048065538e+002 +3.3711e+000 -2.1438e+000 +1.1189e+000 +1.0517e+000 +3.3127e-001
151 +4.348464246e+000 +4.348464246e+000 -6.087315358e+002 -6.087315358e+002 +4.2636e-002 -3.3899e+000 +6.1694e-001 +8.1277e-001 -4.7146e-001
316 +3.459106370e+000 +3.459106370e+000 -6.096208936e+002 -6.096208936e+002 +2.2487e-001 -8.9892e-001 +1.2415e+000 -2.1584e-001 +7.2102e-002
344 +2.164554606e+000 +2.164554606e+000 -6.109154454e+002 -6.109154454e+002 +7.4974e-001 -9.1435e-001 +9.4722e-003 +2.5527e-001 +5.0036e-001
531 +1.408263184e+000 +1.408263184e+000 -6.116717368e+002 -6.116717368e+002 +5.4495e-001 +2.9324e+000 -1.3871e-001 +4.3480e-002 -2.6205e-001
1382 +1.047189471e+000 +1.047189471e+000 -6.120328105e+002 -6.120328105e+002 -1.4617e-001 +2.6627e+000 +1.0625e-002 -1.1439e-001 -1.6935e-001
9434 +6.977856866e-001 +6.977856866e-001 -6.123822143e+002 -6.123822143e+002 +8.9390e-001 -2.2146e+000 +9.1227e-001 +1.6971e-001 +1.0812e+000
39436 +6.454520973e-001 +6.454520973e-001 -6.124345479e+002 -6.124345479e+002 +2.0479e-001 -7.9969e-002 -1.9371e-002 +1.3690e-001 -4.8010e-002
44269 +6.182212984e-001 +6.182212984e-001 -6.124617787e+002 -6.124617787e+002 +1.1071e+000 +2.8841e+000 -1.5517e-001 -1.6348e+000 -3.7515e-001
60612 +5.849950932e-001 +5.849950932e-001 -6.124950049e+002 -6.124950049e+002 -1.4580e-001 +2.6140e+000 -8.4556e-001 -4.4061e-002 -8.9273e-003
62056 +4.809566615e-001 +4.809566615e-001 -6.125990433e+002 -6.125990433e+002 +3.1368e-001 +4.2725e-001 +1.2648e+000 +2.6634e-001 +1.8035e-001
74391 +3.017943613e-001 +3.017943613e-001 -6.127782056e+002 -6.127782056e+002 +2.8628e-001 +6.8035e-001 -2.2909e-001 -5.2430e-001 +4.3046e-001
258211 +2.564424833e-001 +2.564424833e-001 -6.128235575e+002 -6.128235575e+002 -2.0585e-001 +3.0574e-001 +1.2014e-001 +1.2138e-001 -1.2521e+000
337850 +2.316967804e-001 +2.316967804e-001 -6.128483032e+002 -6.128483032e+002 +9.3728e-001 -4.8431e-001 -2.3628e-003 -1.1701e-001 +3.2760e-001
526260 +2.188239592e-001 +2.188239592e-001 -6.128611760e+002 -6.128611760e+002 +1.2613e+000 +3.9208e-001 +1.0169e+000 -1.0142e+000 -7.8817e-001
726076 +1.942851923e-001 +1.942851923e-001 -6.128857148e+002 -6.128857148e+002 -2.6003e-001 +6.7590e-001 -4.3894e-001 -4.5603e-001 +7.3103e-001
1500531 +1.343381758e-001 +1.343381758e-001 -6.129456618e+002 -6.129456618e+002 +3.1447e-001 +2.6264e+000 -4.5706e-001 -8.4429e-001 -5.1406e-002
4484476 +1.195043359e-001 +1.195043359e-001 -6.129604957e+002 -6.129604957e+002 +1.3510e+000 -1.1214e+000 +6.3906e-001 -7.3040e-001 +9.0719e-001
% function evaluation | noise-free fitness - Fopt (-4.317300000000e+002) | best noise-free fitness - Fopt | measured fitness | best measured fitness | x1 | x2...
1 +1.569950280e+002 +1.569950280e+002 -2.747349720e+002 -2.747349720e+002 +5.6802e+000 +4.3250e+000 +3.8907e+000 +5.5536e+000 -2.4274e-001
2 +4.531838586e+001 +4.531838586e+001 -3.864116141e+002 -3.864116141e+002 +5.1473e+000 +3.0104e-002 +1.3483e+000 +4.1945e+000 +1.1805e+000
9 +4.110445283e+001 +4.110445283e+001 -3.906255472e+002 -3.906255472e+002 -7.6507e-001 -1.0534e+000 +5.1162e+000 +3.7767e+000 +4.4782e+000
26 +3.620056466e+001 +3.620056466e+001 -3.955294353e+002 -3.955294353e+002 +4.3218e+000 -1.6261e+000 +1.7584e+000 +1.9772e+000 +1.7936e+000
28 +2.462560094e+001 +2.462560094e+001 -4.071043991e+002 -4.071043991e+002 +9.5748e-001 -2.3914e-001 +3.7884e+000 +2.5588e+000 +5.8995e+000
35 +1.840796288e+001 +1.840796288e+001 -4.133220371e+002 -4.133220371e+002 +1.6076e+000 +1.7726e+000 +3.4124e+000 +2.1034e+000 +1.0483e+000
56 +1.111605930e+001 +1.111605930e+001 -4.206139407e+002 -4.206139407e+002 +1.2573e+000 +1.1324e+000 +2.6860e+000 +1.0566e-001 +4.7020e+000
62 +6.627157283e+000 +6.627157283e+000 -4.251028427e+002 -4.251028427e+002 +7.8656e-001 -8.8157e-001 +2.8541e+000 -5.1707e-001 +2.0756e+000
126 +3.237486166e+000 +3.237486166e+000 -4.284925138e+002 -4.284925138e+002 +7.9505e-001 +7.6584e-001 +1.0954e+000 -6.9546e-001 +4.4812e+000
515 +2.329731278e+000 +2.329731278e+000 -4.294002687e+002 -4.294002687e+002 +9.5973e-001 +7.6784e-001 +5.6447e-001 +3.9137e-002 +1.1318e+000
590 +1.886366913e+000 +1.886366913e+000 -4.298436331e+002 -4.298436331e+002 +9.9842e-001 +6.6552e-002 +1.7645e+000 +5.8815e-002 +1.6758e+000
1407 +1.797886397e+000 +1.797886397e+000 -4.299321136e+002 -4.299321136e+002 -2.6968e-001 +1.7043e+000 -8.0860e-001 +2.1469e+000 +1.9119e+000
1653 +1.046399501e+000 +1.046399501e+000 -4.306836005e+002 -4.306836005e+002 +5.1909e-001 +8.8170e-002 -1.1850e+000 -5.0352e-001 +3.4887e+000
4354 +6.468037092e-001 +6.468037092e-001 -4.310831963e+002 -4.310831963e+002 +6.9968e-001 -4.3984e-001 +6.6052e-001 +1.2688e+000 +1.0859e+000
19849 +6.317444475e-001 +6.317444475e-001 -4.310982556e+002 -4.310982556e+002 +7.4087e-001 +7.0540e-001 -1.1899e+000 +4.5253e-001 +1.5416e+000
25602 +3.304701410e-001 +3.304701410e-001 -4.313995299e+002 -4.313995299e+002 -2.3608e-001 -3.1376e-001 -2.5584e-001 +1.6555e-001 +1.1236e+000
170991 +2.089242361e-001 +2.089242361e-001 -4.315210758e+002 -4.315210758e+002 -6.8728e-001 -8.5122e-001 -9.1317e-001 +3.1650e-001 +4.7466e-001
280745 +1.478518540e-001 +1.478518540e-001 -4.315821481e+002 -4.315821481e+002 +1.1671e+000 +1.2211e+000 -3.2100e-001 -5.8925e-001 +3.0357e-001
3841993 +1.412122623e-001 +1.412122623e-001 -4.315887877e+002 -4.315887877e+002 +1.7241e-001 -5.4379e-002 -2.8934e-003 +3.3385e-001 -3.1049e-001
% function evaluation | noise-free fitness - Fopt (1.578000000000e+002) | best noise-free fitness - Fopt | measured fitness | best measured fitness | x1 | x2...
1 +5.822555310e+001 +5.822555310e+001 +2.160255531e+002 +2.160255531e+002 +4.4487e+000 -2.6635e+000 +1.2793e+000 -4.9172e-001 -4.8055e-001
9 +3.685641619e+001 +3.685641619e+001 +1.946564162e+002 +1.946564162e+002 -1.2475e+000 -6.4016e+000 -2.4498e+000 +1.2793e+000 +2.2778e+000
25 +3.514087691e+001 +3.514087691e+001 +1.929408769e+002 +1.929408769e+002 +3.7176e+000 -2.9622e+000 +2.9058e+000 +1.7461e+000 -1.4659e+000
27 +2.683209287e+001 +2.683209287e+001 +1.846320929e+002 +1.846320929e+002 -1.5861e+000 -4.5127e+000 +5.0815e+000 +6.6369e-001 -1.0932e+000
38 +1.681487628e+001 +1.681487628e+001 +1.746148763e+002 +1.746148763e+002 +3.5530e+000 -4.5831e+000 +1.0394e-001 +6.0774e+000 +3.2329e+000
39 +1.213784777e+001 +1.213784777e+001 +1.699378478e+002 +1.699378478e+002 +3.5027e+000 -3.3890e+000 -1.3974e+000 +3.4494e+000 +3.6008e-001
52 +1.153769614e+001 +1.153769614e+001 +1.693376961e+002 +1.693376961e+002 +3.3729e+000 -4.1467e+000 -6.3666e-002 +4.6732e+000 +8.4914e-001
54 +8.465928363e+000 +8.465928363e+000 +1.662659284e+002 +1.662659284e+002 +3.1342e+000 -6.3925e+000 +1.8131e+000 +5.9461e+000 +7.5401e-001
84 +5.353066469e+000 +5.353066469e+000 +1.631530665e+002 +1.631530665e+002 +2.2808e+000 -5.2978e+000 +1.1679e+000 +3.9677e+000 +5.2365e-001
151 +3.945550928e+000 +3.945550928e+000 +1.617455509e+002 +1.617455509e+002 +2.4816e+000 -4.8713e+000 -4.0334e-001 +5.0514e+000 +8.8465e-002
156 +3.036890529e+000 +3.036890529e+000 +1.608368905e+002 +1.608368905e+002 +2.8706e+000 -4.6605e+000 +5.9836e-001 +5.7896e+000 +6.8212e-001
168 +2.911751361e+000 +2.911751361e+000 +1.607117514e+002 +1.607117514e+002 +2.2208e+000 -5.2727e+000 +3.5779e-001 +5.9271e+000 +1.5979e+000
631 +2.610834104e+000 +2.610834104e+000 +1.604108341e+002 +1.604108341e+002 +3.1222e+000 -8.0207e+000 +4.8504e-001 +8.1167e+000 -2.5025e-001
1110 +1.011228702e+000 +1.011228702e+000 +1.588112287e+002 +1.588112287e+002 +3.0670e+000 -5.7442e+000 -2.6717e-001 +6.2017e+000 +1.3649e-003
6616 +8.322510211e-001 +8.322510211e-001 +1.586322510e+002 +1.586322510e+002 +7.5136e-001 -1.6032e+000 +6.0414e-002 +8.9523e-001 +8.7332e-001
15565 +4.084243604e-001 +4.084243604e-001 +1.582084244e+002 +1.582084244e+002 -6.8497e-001 -4.5067e-001 -1.0535e+000 +8.3752e-001 -9.2784e-001
40777 +3.013520425e-001 +3.013520425e-001 +1.581013520e+002 +1.581013520e+002 -4.0311e-001 -4.7418e-001 -1.0471e+000 +6.2681e-001 -1.3278e-001
61513 +1.336142365e-001 +1.336142365e-001 +1.579336142e+002 +1.579336142e+002 -6.0549e-001 +4.5520e-001 +4.1181e-001 +9.6808e-001 -7.1134e-001
278632 +1.314058332e-001 +1.314058332e-001 +1.579314058e+002 +1.579314058e+002 +2.4855e-001 -3.7126e-002 +6.1893e-001 +2.9031e-001 -3.1682e-002
% function evaluation | noise-free fitness - Fopt (2.198800000000e+002) | best noise-free fitness - Fopt | measured fitness | best measured fitness | x1 | x2...
1 +1.765912380e+003 +1.765912380e+003 +1.985792380e+003 +1.985792380e+003 -2.6412e+000 -1.1024e+001 -9.2366e+000 +5.8094e+000 +4.2840e+000
2 +1.129189710e+002 +1.129189710e+002 +3.327989710e+002 +3.327989710e+002 -3.1431e-001 +3.9289e+000 -5.4558e+000 +6.1199e+000 +1.4978e+000
6 +4.581534726e+001 +4.581534726e+001 +2.656953473e+002 +2.656953473e+002 -6.1689e+000 -1.0665e+000 -3.2520e+000 +7.3907e-001 +1.5728e+000
13 +2.766077299e+001 +2.766077299e+001 +2.475407730e+002 +2.475407730e+002 -4.1775e+000 -4.5680e+000 -3.5152e+000 +5.2539e-001 +3.1435e-001
32 +2.412881404e+001 +2.412881404e+001 +2.440088140e+002 +2.440088140e+002 -4.3671e+000 -2.1494e+000 -2.9790e+000 +3.7909e-002 +2.6943e+000
47 +2.361217658e+001 +2.361217658e+001 +2.434921766e+002 +2.434921766e+002 -3.0152e+000 -3.7906e+000 -3.1105e+000 -3.8702e-002 +2.7581e+000
54 +1.175738039e+001 +1.175738039e+001 +2.316373804e+002 +2.316373804e+002 -2.5287e+000 -3.2261e+000 -3.1690e+000 +1.0563e+000 -4.7439e+000
73 +9.449656158e+000 +9.449656158e+000 +2.293296562e+002 +2.293296562e+002 -2.0142e+000 -7.6549e-001 -1.1519e+000 -2.4583e-001 +2.4271e+000
75 +7.272982427e+000 +7.272982427e+000 +2.271529824e+002 +2.271529824e+002 -1.8654e+000 +6.0953e-001 -1.9220e+000 -1.6177e-001 +2.4801e+000
78 +7.168569567e+000 +7.168569567e+000 +2.270485696e+002 +2.270485696e+002 -2.3920e+000 -9.4154e-001 -1.7510e+000 +6.6065e-002 +1.1430e+000
109 +5.680176239e+000 +5.680176239e+000 +2.255601762e+002 +2.255601762e+002 -2.6230e+000 -1.4208e+000 -2.4814e+000 -9.4005e-001 +1.1943e+000
131 +3.082484645e+000 +3.082484645e+000 +2.229624846e+002 +2.229624846e+002 -2.5115e+000 -1.5840e+000 -2.0551e+000 -1.1201e-002 +1.0879e+000
154 +2.386601230e+000 +2.386601230e+000 +2.222666012e+002 +2.222666012e+002 -1.4592e+000 -1.5276e+000 -3.1102e+000 -4.0548e-001 +6.6170e-001
575 +8.401131344e-001 +8.401131344e-001 +2.207201131e+002 +2.207201131e+002 -2.6574e+000 -3.9984e+000 -1.9899e+000 -1.4597e+000 -1.3036e+000
11466 +7.579452328e-001 +7.579452328e-001 +2.206379452e+002 +2.206379452e+002 -4.0359e-001 +3.8654e-002 -1.5301e+000 -9.7092e-001 -3.4760e-001
22264 +7.149305186e-001 +7.149305186e-001 +2.205949305e+002 +2.205949305e+002 -1.1645e+000 -5.0842e-001 -8.8172e-001 -1.9083e+000 +1.6459e-001
27623 +6.857848078e-001 +6.857848078e-001 +2.205657848e+002 +2.205657848e+002 -1.0407e+000 -3.3719e-001 -7.9129e-002 -5.8766e-001 -1.9629e+000
29364 +6.375990877e-001 +6.375990877e-001 +2.205175991e+002 +2.205175991e+002 -1.3944e-001 -1.0052e+000 -4.4321e-002 -1.4713e+000 -1.8405e+000
34080 +5.249138676e-001 +5.249138676e-001 +2.204049139e+002 +2.204049139e+002 -1.4553e-001 -7.8872e-001 -1.6198e+000 -7.7976e-001 -1.2437e-001
52017 +3.521156002e-001 +3.521156002e-001 +2.202321156e+002 +2.202321156e+002 +1.4004e+000 +1.4220e+000 +2.9803e-001 +5.9568e-001 +9.8031e-001
119843 +2.716392506e-001 +2.716392506e-001 +2.201516393e+002 +2.201516393e+002 -1.8079e-001 -3.2252e-001 +5.1640e-001 -3.4894e-001 -7.9440e-001
175348 +2.533600091e-001 +2.533600091e-001 +2.201333600e+002 +2.201333600e+002 -2.4945e-001 -8.2180e-001 +2.6802e-002 +7.6016e-001 -3.7648e-001
312313 +1.507522661e-001 +1.507522661e-001 +2.200307523e+002 +2.200307523e+002 +6.1732e-001 +3.8284e-001 +1.0104e-001 -1.7926e-001 +4.1907e-001
377799 +1.369695987e-001 +1.369695987e-001 +2.200169696e+002 +2.200169696e+002 +1.1472e+000 +4.6911e-001 +8.3933e-001 +3.0647e-001 +6.2597e-001
565559 +8.428117693e-002 +8.428117693e-002 +2.199642812e+002 +2.199642812e+002 +4.8581e-001 +1.1135e-001 +5.9648e-001 -2.0053e-001 +2.2531e-001
% function evaluation | noise-free fitness - Fopt (1.543700000000e+002) | best noise-free fitness - Fopt | measured fitness | best measured fitness | x1 | x2...
1 +9.599410540e+001 +9.599410540e+001 +2.503641054e+002 +2.503641054e+002 -2.3290e+000 +1.4175e+000 +9.0489e+000 -1.3802e+000 -1.9342e+000
5 +1.695454092e+001 +1.695454092e+001 +1.713245409e+002 +1.713245409e+002 -3.1335e+000 -6.5630e-002 +2.5945e+000 -6.3389e-001 +2.7422e+000
6 +8.324644079e+000 +8.324644079e+000 +1.626946441e+002 +1.626946441e+002 -2.3898e+000 -2.2066e+000 +1.6613e+000 -1.3795e+000 -2.1822e-001
71 +7.174488807e+000 +7.174488807e+000 +1.615444888e+002 +1.615444888e+002 -1.9799e+000 -1.7819e+000 +3.6578e+000 +1.1489e+000 +1.5010e-001
86 +7.042752048e+000 +7.042752048e+000 +1.614127520e+002 +1.614127520e+002 -1.2433e+000 -2.6602e+000 +2.7950e+000 +7.9014e-001 +1.0702e+000
94 +6.306381499e+000 +6.306381499e+000 +1.606763815e+002 +1.606763815e+002 -1.8408e+000 -2.0933e+000 +4.4915e+000 +1.0384e+000 +2.5173e-001
105 +6.137277931e+000 +6.137277931e+000 +1.605072779e+002 +1.605072779e+002 -1.6895e+000 -2.2188e+000 +3.2397e+000 +6.7202e-001 +6.6971e-001
129 +5.563054144e+000 +5.563054144e+000 +1.599330541e+002 +1.599330541e+002 -4.5374e+000 -1.6791e+000 +3.4205e+000 +1.0192e+000 +1.7211e+000
168 +4.983509376e+000 +4.983509376e+000 +1.593535094e+002 +1.593535094e+002 -3.0346e+000 -1.2658e+000 +2.8587e+000 +6.5506e-002 +1.5578e+000
177 +3.256416272e+000 +3.256416272e+000 +1.576264163e+002 +1.576264163e+002 -2.1280e+000 -5.8123e-001 +1.8169e+000 +1.4372e-001 -3.1954e-001
511 +1.513979666e+000 +1.513979666e+000 +1.558839797e+002 +1.558839797e+002 -8.1040e-001 -1.8099e+000 +1.4365e+000 +1.8765e+000 +4.0370e-001
934 +1.401582892e+000 +1.401582892e+000 +1.557715829e+002 +1.557715829e+002 -4.8244e-001 -1.0337e+000 +3.5434e-001 +1.5910e+000 -5.2257e-001
2629 +1.345400401e+000 +1.345400401e+000 +1.557154004e+002 +1.557154004e+002 +5.6654e-001 -7.9480e-001 -1.2203e-002 +1.6373e+000 +5.0568e-001
3985 +1.016881808e+000 +1.016881808e+000 +1.553868818e+002 +1.553868818e+002 +1.0090e+000 +4.2526e-001 -1.1282e+000 +1.9867e+000 -1.0975e+000
7889 +5.063134135e-001 +5.063134135e-001 +1.548763134e+002 +1.548763134e+002 +2.2029e+000 +2.4508e-001 -1.8103e+000 -4.5879e-001 +1.0893e-001
75077 +3.983691638e-001 +3.983691638e-001 +1.547683692e+002 +1.547683692e+002 +5.3550e-001 +1.3726e-001 -1.1403e-001 +1.1612e+000 -1.1132e+000
85948 +3.253341275e-001 +3.253341275e-001 +1.546953341e+002 +1.546953341e+002 -4.2847e-001 -2.0749e-001 -1.1148e+000 -1.8412e-001 -7.2015e-001
118441 +2.589125771e-001 +2.589125771e-001 +1.546289126e+002 +1.546289126e+002 +7.9744e-001 -1.8654e-001 -3.9278e-001 -6.9117e-001 +2.5006e-001
132783 +2.377532887e-001 +2.377532887e-001 +1.546077533e+002 +1.546077533e+002 -7.7972e-001 -1.0355e+000 -2.8518e-001 +5.3594e-001 -8.1748e-001
686516 +1.861173671e-001 +1.861173671e-001 +1.545561174e+002 +1.545561174e+002 +2.1431e+000 -2.5543e-001 -2.2561e+000 +1.8861e+000 +5.4165e-002
843363 +1.652763155e-001 +1.652763155e-001 +1.545352763e+002 +1.545352763e+002 -2.3910e-001 +3.4299e-001 +2.9023e-001 -5.8051e-002 -9.5393e-002
1329551 +1.410653169e-001 +1.410653169e-001 +1.545110653e+002 +1.545110653e+002 +5.7388e-001 -1.1591e+000 -5.6400e-001 -1.0131e-001 -1.9722e-001
1964265 +1.242924448e-001 +1.242924448e-001 +1.544942924e+002 +1.544942924e+002 +8.9803e-001 +1.5394e-001 -6.3526e-001 +2.5788e-001 +1.1535e-001
% function evaluation | noise-free fitness - Fopt (-1.217500000000e+002) | best noise-free fitness - Fopt | measured fitness | best measured fitness | x1 | x2...
1 +8.397517697e+000 +8.397517697e+000 -1.133524823e+002 -1.133524823e+002 +5.0452e+000 -4.4208e-002 -1.6008e+000 +7.1467e-001 -8.1694e-001
8 +4.993259001e+000 +4.993259001e+000 -1.167567410e+002 -1.167567410e+002 +2.5960e+000 +1.1361e-001 -1.4331e+000 -1.3950e+000 -1.6823e+000
177 +2.803350435e+000 +2.803350435e+000 -1.189466496e+002 -1.189466496e+002 +4.9682e+000 +4.1722e-001 -5.4366e-001 +9.8575e-002 -2.2406e+000
442 +2.371097254e+000 +2.371097254e+000 -1.193789027e+002 -1.193789027e+002 +4.7067e+000 -1.3103e-002 -1.0210e+000 +3.4581e-001 -1.3324e+000
447 +1.108138651e+000 +1.108138651e+000 -1.206418613e+002 -1.206418613e+002 +4.1916e+000 +7.9098e-001 +2.0945e-001 +6.5672e-001 -2.0408e+000
1933 +8.715203492e-001 +8.715203492e-001 -1.208784797e+002 -1.208784797e+002 -1.1341e+000 -1.4587e-001 +6.6545e-002 +3.8475e-001 -4.4189e-002
3570 +7.790567490e-001 +7.790567490e-001 -1.209709433e+002 -1.209709433e+002 +1.8465e-001 -2.0397e-001 -5.2595e-001 -1.5729e+000 -2.4900e+000
7323 +3.981585583e-001 +3.981585583e-001 -1.213518414e+002 -1.213518414e+002 +1.5960e+000 +8.7132e-001 -1.4601e+000 -5.1528e-003 -1.0675e+000
34526 +2.711232156e-001 +2.711232156e-001 -1.214788768e+002 -1.214788768e+002 +1.2947e+000 +4.2464e-001 -1.5031e-001 +4.1789e-001 -4.1798e-001
206215 +1.289703338e-001 +1.289703338e-001 -1.216210297e+002 -1.216210297e+002 -8.5461e-002 +5.5539e-001 -8.0605e-001 -2.9345e-001 -7.6264e-001
1392654 +1.008089232e-001 +1.008089232e-001 -1.216491911e+002 -1.216491911e+002 +2.5119e+000 +8.3986e-002 +4.0268e-001 +9.6001e-001 -4.7387e-001
1642171 +9.580019211e-002 +9.580019211e-002 -1.216541998e+002 -1.216541998e+002 +6.5238e-001 -8.1645e-002 -2.0444e-001 +5.0616e-001 -7.3904e-001
% function evaluation | noise-free fitness - Fopt (1.630000000000e+001) | best noise-free fitness - Fopt | measured fitness | best measured fitness | x1 | x2...
1 +5.266130621e+001 +5.266130621e+001 +6.896130621e+001 +6.896130621e+001 +8.3383e-001 +4.6808e-001 +9.2189e+000 -5.4962e+000 -4.0209e+000
3 +3.903027195e+001 +3.903027195e+001 +5.533027195e+001 +5.533027195e+001 +5.6250e-001 +1.0390e+000 +1.0684e+000 -7.3159e-001 -5.9664e+000
6 +2.955289565e+001 +2.955289565e+001 +4.585289565e+001 +4.585289565e+001 -4.9011e+000 +1.7407e+000 -1.8417e+000 -2.3057e+000 -2.0233e-001
14 +2.425171311e+001 +2.425171311e+001 +4.055171311e+001 +4.055171311e+001 -9.6338e-001 +3.9229e+000 -6.4166e-001 -5.8073e-001 -2.6723e+000
28 +2.334285471e+001 +2.334285471e+001 +3.964285471e+001 +3.964285471e+001 +5.7303e-001 +1.3046e+000 +8.4022e-001 -2.8939e+000 -3.4227e+000
46 +1.610601808e+001 +1.610601808e+001 +3.240601808e+001 +3.240601808e+001 -7.5212e-001 +6.2732e-001 +3.5245e+000 -4.1826e+000 -4.0143e+000
51 +1.211322331e+001 +1.211322331e+001 +2.841322331e+001 +2.841322331e+001 +1.7053e+000 +1.9937e+000 -4.8360e-001 -3.4555e+000 +1.3560e+000
57 +1.132152465e+001 +1.132152465e+001 +2.762152465e+001 +2.762152465e+001 +2.4303e+000 -1.3449e+000 +4.8698e+000 -5.5667e+000 -1.7585e+000
84 +1.048546288e+001 +1.048546288e+001 +2.678546288e+001 +2.678546288e+001 -5.6656e-001 +3.7377e+000 +1.2350e+000 +8.6611e-001 +1.3251e-001
94 +8.767256450e+000 +8.767256450e+000 +2.506725645e+001 +2.506725645e+001 +4.5544e-001 +9.6468e-001 +7.0375e-001 -4.6771e+000 -1.9327e+000
96 +7.651580501e+000 +7.651580501e+000 +2.395158050e+001 +2.395158050e+001 +1.5482e+000 -4.5237e+000 +2.8335e+000 -3.8232e+000 -2.9754e+000
131 +3.882759180e+000 +3.882759180e+000 +2.018275918e+001 +2.018275918e+001 -1.5759e+000 +2.9683e-002 +2.8449e+000 -3.2940e+000 -1.2410e+000
267 +1.484167956e+000 +1.484167956e+000 +1.778416796e+001 +1.778416796e+001 +2.3792e-001 -1.9705e-001 +2.4930e+000 -1.2898e+000 -4.1910e-001
360 +1.293938595e+000 +1.293938595e+000 +1.759393859e+001 +1.759393859e+001 -1.5960e-002 +1.9133e+000 +1.2555e+000 -1.9210e+000 +9.0080e-001
1346 +7.999309415e-001 +7.999309415e-001 +1.709993094e+001 +1.709993094e+001 +6.9692e-001 -1.2798e-001 +7.4456e-001 -2.5598e-001 +9.1139e-001
1880 +7.492093582e-001 +7.492093582e-001 +1.704920936e+001 +1.704920936e+001 +1.5882e+000 +4.4922e-001 -2.4526e-001 -6.2675e-001 -5.0705e-002
2591 +5.295905323e-001 +5.295905323e-001 +1.682959053e+001 +1.682959053e+001 +1.0637e-001 +6.3970e-001 -4.4008e-001 -1.3834e+000 -1.7526e+000
20874 +4.777946882e-001 +4.777946882e-001 +1.677779469e+001 +1.677779469e+001 +6.7198e-001 -7.7165e-001 +3.3068e-001 -3.6590e-002 -5.4279e-001
38178 +3.862274080e-001 +3.862274080e-001 +1.668622741e+001 +1.668622741e+001 +1.1622e+000 +3.3322e-001 +1.4254e+000 -1.9243e+000 -2.3079e-001
86952 +3.647706380e-001 +3.647706380e-001 +1.666477064e+001 +1.666477064e+001 -5.3323e-001 -1.9826e-001 +9.4541e-002 -7.0927e-001 +7.1062e-001
194716 +2.405433571e-001 +2.405433571e-001 +1.654054336e+001 +1.654054336e+001 -2.7806e-001 +6.6867e-001 -8.0374e-001 +6.5579e-001 +5.4787e-001
221519 +2.189532329e-001 +2.189532329e-001 +1.651895323e+001 +1.651895323e+001 -1.3727e+000 +3.2350e-001 +1.0152e+000 -4.9655e-001 +3.2844e-001
1314400 +2.162998309e-001 +2.162998309e-001 +1.651629983e+001 +1.651629983e+001 -9.0565e-001 -1.2352e+000 +1.4066e+000 -1.8653e+000 -1.1457e+000
1718174 +1.824150323e-001 +1.824150323e-001 +1.648241503e+001 +1.648241503e+001 -3.4881e-001 +4.7867e-001 -1.6122e-001 -9.9148e-001 -1.3393e+000
1779211 +1.663387508e-001 +1.663387508e-001 +1.646633875e+001 +1.646633875e+001 +2.9505e-001 +1.5292e+000 -4.9566e-003 +3.8649e-001 +3.6811e-001
1797109 +1.220603843e-001 +1.220603843e-001 +1.642206038e+001 +1.642206038e+001 -5.1675e-001 -4.6844e-001 -2.4243e-001 -4.1463e-001 +5.6192e-001
2135536 +4.212101913e-002 +4.212101913e-002 +1.634212102e+001 +1.634212102e+001 -2.4658e-002 -7.5829e-001 +2.3376e-001 -2.2715e-001 -8.3609e-001
% function evaluation | noise-free fitness - Fopt (-2.839700000000e+002) | best noise-free fitness - Fopt | measured fitness | best measured fitness | x1 | x2...
1 +9.428209411e+001 +9.428209411e+001 -1.896879059e+002 -1.896879059e+002 -5.1998e+000 +9.9949e-001 -6.3192e-001 -4.7478e+000 -1.5206e+000
3 +6.356897483e+001 +6.356897483e+001 -2.204010252e+002 -2.204010252e+002 -1.5964e-001 -1.8979e+000 +6.6610e+000 +2.4471e-001 +1.0577e+000
4 +5.995955691e+001 +5.995955691e+001 -2.240104431e+002 -2.240104431e+002 -5.5269e+000 -3.8952e+000 -7.1437e-001 -1.1707e+000 +3.7262e+000
5 +2.504631344e+001 +2.504631344e+001 -2.589236866e+002 -2.589236866e+002 -3.0875e+000 -5.0669e+000 -2.5229e-001 -9.0384e+000 -4.8580e+000
12 +1.350810418e+001 +1.350810418e+001 -2.704618958e+002 -2.704618958e+002 -1.5698e+000 -3.4252e+000 +1.5608e+000 -3.9242e+000 -2.9344e-001
28 +9.762741466e+000 +9.762741466e+000 -2.742072585e+002 -2.742072585e+002 -1.2635e+000 -3.8523e+000 -3.0599e-001 -6.9662e+000 -6.1092e-001
59 +7.898685598e+000 +7.898685598e+000 -2.760713144e+002 -2.760713144e+002 -2.6788e+000 -5.0218e+000 -9.4379e-001 -4.4303e+000 -1.0856e+000
115 +7.040277893e+000 +7.040277893e+000 -2.769297221e+002 -2.769297221e+002 -1.2830e+000 -3.2747e+000 -2.1531e+000 -4.8561e+000 -8.1742e-001
133 +5.385315407e+000 +5.385315407e+000 -2.785846846e+002 -2.785846846e+002 -3.5306e+000 -5.0634e+000 -1.0671e+000 -4.9244e+000 -1.0317e+000
138 +3.149433875e+000 +3.149433875e+000 -2.808205661e+002 -2.808205661e+002 -1.8152e+000 -2.1723e+000 -1.8560e+000 -4.9395e+000 -1.1016e+000
1830 +2.824469650e+000 +2.824469650e+000 -2.811455303e+002 -2.811455303e+002 -1.2078e+000 -3.2344e+000 -2.8983e+000 -2.3115e+000 -5.0045e+000
1903 +1.980696778e+000 +1.980696778e+000 -2.819893032e+002 -2.819893032e+002 -5.8987e-001 -3.6830e+000 -1.9965e+000 -2.4771e+000 -3.7230e+000
2810 +1.781535797e+000 +1.781535797e+000 -2.821884642e+002 -2.821884642e+002 -1.0813e+000 -2.5293e+000 -1.5061e+000 -2.8399e+000 +4.2617e-001
4234 +1.091213969e+000 +1.091213969e+000 -2.828787860e+002 -2.828787860e+002 -2.1572e-001 -1.1244e+000 +4.1059e-001 -2.5568e+000 -2.5289e+000
4347 +9.575479324e-001 +9.575479324e-001 -2.830124521e+002 -2.830124521e+002 -1.8405e-001 -1.9554e+000 +7.2479e-001 -1.6778e+000 -1.9966e+000
6549 +9.438558851e-001 +9.438558851e-001 -2.830261441e+002 -2.830261441e+002 -2.0050e-001 -1.5725e-001 +2.8258e-001 +4.6854e-002 -2.7790e-001
17063 +6.638240980e-001 +6.638240980e-001 -2.833061759e+002 -2.833061759e+002 -1.5814e+000 -2.5740e+000 -8.8316e-001 -2.1604e+000 +4.9229e-001
39338 +4.211742558e-001 +4.211742558e-001 -2.835488257e+002 -2.835488257e+002 -2.2850e-001 +2.5466e-002 +2.2344e+000 +1.3218e+000 +7.9318e-001
42324 +3.444900412e-001 +3.444900412e-001 -2.836255100e+002 -2.836255100e+002 +1.4555e-001 -4.1664e-001 +1.2250e+000 +1.2767e-001 -5.0416e-001
54046 +3.007547516e-001 +3.007547516e-001 -2.836692452e+002 -2.836692452e+002 +6.2284e-001 -5.5085e-002 -6.4552e-001 +2.9851e-001 -1.8014e-001
77484 +2.804244550e-001 +2.804244550e-001 -2.836895755e+002 -2.836895755e+002 -5.1650e-001 -1.2393e+000 +1.1481e+000 -8.1236e-001 -1.0717e+000
95141 +2.400203047e-001 +2.400203047e-001 -2.837299797e+002 -2.837299797e+002 +7.5784e-001 -2.0115e+000 +8.7976e-003 -3.6072e-001 -1.0262e+000
272918 +1.890525391e-001 +1.890525391e-001 -2.837809475e+002 -2.837809475e+002 -8.7257e-002 -2.1666e-001 +3.2368e-001 -1.2997e+000 -9.2403e-001
1395685 +1.854345724e-001 +1.854345724e-001 -2.837845654e+002 -2.837845654e+002 +5.7504e-002 -4.9474e-001 +4.7517e-001 +5.0145e-001 -8.8541e-002
1685848 +1.291200691e-001 +1.291200691e-001 -2.838408799e+002 -2.838408799e+002 +9.4763e-002 +7.9490e-001 +5.0643e-002 -2.7149e-002 -2.4744e-001
2584996 +1.103770704e-001 +1.103770704e-001 -2.838596229e+002 -2.838596229e+002 -1.4168e-001 +2.0134e-001 -3.2993e-002 -3.2082e-001 +1.0670e-001
2719706 +7.686632640e-002 +7.686632640e-002 -2.838931337e+002 -2.838931337e+002 +1.8569e-001 +6.7877e-001 +2.3009e-001 +7.3120e-002 +1.4292e-001
4256608 +6.319768131e-002 +6.319768131e-002 -2.839068023e+002 -2.839068023e+002 +2.0511e-002 -6.4553e-002 +1.1238e-001 -1.7396e+000 -1.5238e+000
% function evaluation | noise-free fitness - Fopt (1.094000000000e+002) | best noise-free fitness - Fopt | measured fitness | best measured fitness | x1 | x2...
1 +1.205050922e+002 +1.205050922e+002 +2.299050922e+002 +2.299050922e+002 -2.8348e+000 +2.0648e+000 +6.7328e+000 +3.2064e+000 +3.1012e+000
3 +1.799803749e+001 +1.799803749e+001 +1.273980375e+002 +1.273980375e+002 +8.5729e-002 +9.8227e-001 -4.1529e+000 +1.1527e+000 -2.8184e-001
37 +1.730229236e+001 +1.730229236e+001 +1.267022924e+002 +1.267022924e+002 +2.0303e-001 -1.8300e+000 +3.6999e+000 +1.8488e-001 +9.8403e-002
58 +8.838972441e+000 +8.838972441e+000 +1.182389724e+002 +1.182389724e+002 +1.0073e+000 +8.1075e-001 -1.2411e+000 +3.9047e-001 -2.0206e+000
89 +6.183165271e+000 +6.183165271e+000 +1.155831653e+002 +1.155831653e+002 -5.1430e-001 +1.5851e+000 -3.5059e+000 -5.6844e-001 -2.2191e+000
159 +3.803627999e+000 +3.803627999e+000 +1.132036280e+002 +1.132036280e+002 -3.1975e-002 +7.7107e-002 +1.0782e+000 -1.1004e+000 -1.3159e+000
213 +3.232686301e+000 +3.232686301e+000 +1.126326863e+002 +1.126326863e+002 -1.0924e+000 +1.3259e+000 -6.3166e-001 -2.5367e-001 -1.8125e+000
284 +2.116385470e+000 +2.116385470e+000 +1.115163855e+002 +1.115163855e+002 -4.5882e-002 -1.3820e-001 -1.8652e+000 +7.7475e-001 -2.3380e+000
379 +2.016439258e+000 +2.016439258e+000 +1.114164393e+002 +1.114164393e+002 -5.4920e-001 -1.5781e-001 -1.5111e+000 +1.5688e+000 -3.0357e+000
735 +1.453204567e+000 +1.453204567e+000 +1.108532046e+002 +1.108532046e+002 -3.3854e-001 +1.5836e-001 -5.6279e-001 -4.8863e-001 -1.4667e+000
1910 +8.548020264e-001 +8.548020264e-001 +1.102548020e+002 +1.102548020e+002 +7.4309e-001 +2.1004e-001 -1.5983e+000 +9.8856e-002 +1.9470e-002
3785 +5.425091634e-001 +5.425091634e-001 +1.099425092e+002 +1.099425092e+002 +3.6547e-001 +5.1876e-001 +2.1525e-001 -8.9414e-001 +6.3071e-001
28076 +5.129186397e-001 +5.129186397e-001 +1.099129186e+002 +1.099129186e+002 -2.9761e-001 -4.1417e-001 -1.4138e-001 -4.1283e-001 -1.4276e+000
40044 +4.917339160e-001 +4.917339160e-001 +1.098917339e+002 +1.098917339e+002 +6.8929e-001 -1.7088e-001 +2.4847e-001 -1.3185e+000 +1.6610e-001
45970 +3.053440880e-001 +3.053440880e-001 +1.097053441e+002 +1.097053441e+002 -1.7117e-001 +1.0664e+000 -3.9126e-002 -5.1557e-001 +6.2168e-002
274551 +1.644316563e-001 +1.644316563e-001 +1.095644317e+002 +1.095644317e+002 +7.1324e-001 +4.5227e-001 -1.4321e+000 -5.9108e-001 -9.6870e-002
284484 +1.471249898e-001 +1.471249898e-001 +1.095471250e+002 +1.095471250e+002 -2.8815e-001 +1.3102e-001 -8.5737e-001 -1.3784e+000 +2.5873e-001
952788 +6.208893977e-003 +6.208893977e-003 +1.094062089e+002 +1.094062089e+002 +5.2010e-001 +5.9582e-002 +8.4410e-001 -1.0130e+000 -9.8774e-001
% function evaluation | noise-free fitness - Fopt (-5.755000000000e+001) | best noise-free fitness - Fopt | measured fitness | best measured fitness | x1 | x2...
1 +1.363087468e+003 +1.363087468e+003 +1.305537468e+003 +1.305537468e+003 -3.7136e+000 -5.4306e+000 +9.7034e+000 -1.1772e+001 -3.1940e+000
2 +2.714319907e+002 +2.714319907e+002 +2.138819907e+002 +2.138819907e+002 -1.0352e+000 -3.5012e+000 -8.5134e+000 -2.0311e+000 -6.0392e-002
6 +3.706048624e+001 +3.706048624e+001 -2.048951376e+001 -2.048951376e+001 +2.0769e-001 -8.0151e+000 +2.2509e+000 -1.6827e+000 +6.6595e+000
12 +2.615425314e+001 +2.615425314e+001 -3.139574686e+001 -3.139574686e+001 +5.4155e-001 -2.1431e+000 -2.0522e+000 -2.6574e+000 +1.4300e+000
16 +2.118944389e+001 +2.118944389e+001 -3.636055611e+001 -3.636055611e+001 -5.6426e-001 -2.0415e+000 +1.1670e+000 -2.8504e+000 +2.2509e+000
22 +1.656905332e+001 +1.656905332e+001 -4.098094668e+001 -4.098094668e+001 +2.7127e+000 -2.7606e+000 -1.2596e+000 -2.3479e+000 +3.8609e+000
26 +5.807428718e+000 +5.807428718e+000 -5.174257128e+001 -5.174257128e+001 +1.2159e-001 -2.3941e+000 +2.8260e+000 -4.0979e-001 +2.2106e+000
30 +4.287034097e+000 +4.287034097e+000 -5.326296590e+001 -5.326296590e+001 -2.1569e-001 -1.1628e+000 +2.9697e+000 -1.0273e+000 +2.4032e+000
96 +3.115181178e+000 +3.115181178e+000 -5.443481882e+001 -5.443481882e+001 +1.3913e+000 -3.2952e-001 +1.8907e+000 -5.3594e-001 +1.6687e+000
188 +1.606658022e+000 +1.606658022e+000 -5.594334198e+001 -5.594334198e+001 +2.2753e+000 -2.8612e+000 +1.9079e+000 +9.9082e-001 +2.5998e+000
693 +6.728556934e-001 +6.728556934e-001 -5.687714431e+001 -5.687714431e+001 +1.0282e-001 -1.7293e-001 +2.3584e+000 +7.3845e-001 +2.0224e-001
31872 +4.546220631e-001 +4.546220631e-001 -5.709537794e+001 -5.709537794e+001 +4.5435e-001 +9.5379e-001 +2.1714e-001 -1.2061e+000 +1.5017e+000
56269 +3.630336643e-001 +3.630336643e-001 -5.718696634e+001 -5.718696634e+001 +6.0253e-001 +4.7768e-002 -2.7458e-001 -7.7844e-002 -5.2738e-001
66338 +2.826171400e-001 +2.826171400e-001 -5.726738286e+001 -5.726738286e+001 +3.0804e-001 -9.4570e-002 -5.0937e-001 +8.5808e-001 +3.1296e-001
148766 +2.245207902e-001 +2.245207902e-001 -5.732547921e+001 -5.732547921e+001 +7.1840e-001 -7.1052e-001 +1.7775e+000 +4.6124e-001 -1.5669e-001
174127 +1.313436285e-001 +1.313436285e-001 -5.741865637e+001 -5.741865637e+001 -2.7496e-001 -1.2604e+000 +6.7988e-001 -4.3336e-001 +1.2546e+000
242509 +1.279367064e-001 +1.279367064e-001 -5.742206329e+001 -5.742206329e+001 -3.3237e-001 -1.7414e-001 +9.2136e-001 -5.4273e-002 +8.5626e-002
2115910 +1.239964942e-001 +1.239964942e-001 -5.742600351e+001 -5.742600351e+001 -9.8719e-002 -5.9028e-002 +9.3717e-001 -6.2194e-002 +1.0391e-001
4950567 +6.899877170e-002 +6.899877170e-002 -5.748100123e+001 -5.748100123e+001 -4.1994e-001 -5.8287e-001 +2.8740e-001 +3.3170e-003 +5.4209e-001
% function evaluation | noise-free fitness - Fopt (-1.883200000000e+002) | best noise-free fitness - Fopt | measured fitness | best measured fitness | x1 | x2...
1 +1.789865588e+002 +1.789865588e+002 -9.333441179e+000 -9.333441179e+000 -8.6606e-001 -1.4438e+001 +4.5543e-001 -2.0957e-001 +5.8824e+000
2 +3.421355888e+001 +3.421355888e+001 -1.541064411e+002 -1.541064411e+002 -1.8458e+000 -3.1071e+000 -2.5033e+000 +1.9084e+000 +3.5466e+000
13 +7.455358675e+000 +7.455358675e+000 -1.808646413e+002 -1.808646413e+002 +1.3159e+000 -4.8639e+000 +2.2021e+000 +6.2078e-001 +2.0882e+000
82 +3.957033319e+000 +3.957033319e+000 -1.843629667e+002 -1.843629667e+002 -4.6872e-001 -2.4872e+000 +1.2174e+000 +1.4346e-002 +6.7373e-001
90 +1.823225533e+000 +1.823225533e+000 -1.864967745e+002 -1.864967745e+002 +3.0735e-001 +7.5498e-001 -1.5995e+000 +8.9379e-001 +1.1788e+000
1454 +1.647787238e+000 +1.647787238e+000 -1.866722128e+002 -1.866722128e+002 -4.0514e-001 -6.2353e-003 -3.2267e+000 +1.0730e+000 -3.6285e-001
2594 +1.593988956e+000 +1.593988956e+000 -1.867260110e+002 -1.867260110e+002 -2.7735e+000 +4.0647e+000 -4.2035e+000 +8.1233e-001 -1.5406e+000
3608 +1.555605185e+000 +1.555605185e+000 -1.867643948e+002 -1.867643948e+002 -1.0390e-001 -1.9291e+000 -5.7727e-001 +9.9230e-001 -4.0315e-001
4349 +1.390683095e+000 +1.390683095e+000 -1.869293169e+002 -1.869293169e+002 +8.7775e-001 +8.5796e-001 -1.0670e+000 +1.1227e+000 -7.3311e-001
4862 +1.146933434e+000 +1.146933434e+000 -1.871730666e+002 -1.871730666e+002 +3.8699e-001 +1.5760e+000 +6.8072e-002 +1.0365e+000 +1.1115e-002
5596 +9.250852710e-001 +9.250852710e-001 -1.873949147e+002 -1.873949147e+002 -4.8630e-001 +2.1586e+000 -9.3379e-002 +2.5686e-001 -1.3918e-001
7687 +5.127317248e-001 +5.127317248e-001 -1.878072683e+002 -1.878072683e+002 +1.3602e+000 -2.5800e-001 -3.2851e-002 +3.3555e-001 +3.2779e-001
35862 +4.371013270e-001 +4.371013270e-001 -1.878828987e+002 -1.878828987e+002 +7.9814e-001 -9.1408e-001 +9.0418e-001 +1.6913e+000 -4.7236e-001
110122 +1.580972830e-001 +1.580972830e-001 -1.881619027e+002 -1.881619027e+002 +1.0224e-001 -8.3255e-001 +6.1586e-001 -3.6665e-001 +4.1153e-001
