% function evaluation | noise-free fitness - Fopt (-1.025500000000e+002) | best noise-free fitness - Fopt | measured fitness | best measured fitness | x1 | x2...
1 +2.254595001e+002 +2.254595001e+002 +1.229095001e+002 +1.229095001e+002 -3.8749e+000 -8.4715e-001 -7.2500e+000 +8.7981e-001 -4.6479e+000 +1.4775e+000 -2.7683e+000 +2.9283e+000 +3.0146e+000 -4.5889e+000
2 +7.656902916e+001 +7.656902916e+001 -2.598097084e+001 -2.598097084e+001 -4.5235e+000 -4.0746e+000 -4.5887e+000 -3.2164e+000 -4.1598e+000 -2.6325e+000 -2.9439e+000 +8.9517e-001 -1.0911e+000 -1.0530e+000
21 +7.427355925e+001 +7.427355925e+001 -2.827644075e+001 -2.827644075e+001 -2.9237e+000 -4.9416e+000 -5.8081e+000 -5.1568e+000 -5.0153e+000 +1.0486e+000 +2.6998e+000 +9.4982e-001 -6.9271e-001 -8.5412e-001
51 +6.253989835e+001 +6.253989835e+001 -4.001010165e+001 -4.001010165e+001 -1.7331e+000 -2.7745e+000 +1.9093e+000 +2.5140e+000 +2.0132e-003 -2.1756e+000 -4.4381e+000 +6.4633e+000 -2.4900e+000 -1.6397e+000
78 +3.417848439e+001 +3.417848439e+001 -6.837151561e+001 -6.837151561e+001 -1.1931e+000 -4.6379e+000 -3.4463e+000 -1.1013e+000 -4.6632e+000 -4.5906e-001 -3.2837e+000 +1.1425e+000 -1.6076e-001 -6.1396e-002
123 +2.576805296e+001 +2.576805296e+001 -7.678194704e+001 -7.678194704e+001 +1.4482e+000 -2.5222e+000 -4.9159e-001 -1.0636e+000 +1.3689e+000 -1.7188e+000 -5.9998e+000 +2.3493e+000 -9.8374e-001 +6.0383e-001
133 +2.188376564e+001 +2.188376564e+001 -8.066623436e+001 -8.066623436e+001 -1.4276e+000 -1.1060e+000 -3.1651e+000 +1.4015e+000 -3.0392e+000 -1.2983e+000 +1.0706e+000 -4.9946e-001 -4.8264e-001 -2.9075e+000
173 +1.318956805e+001 +1.318956805e+001 -8.936043195e+001 -8.936043195e+001 +1.1651e+000 -6.7925e-001 -2.1736e+000 +3.2061e-003 -7.4773e-001 -2.5814e-003 +1.6644e+000 +2.4090e+000 +5.1577e-001 -1.6478e+000
210 +1.006251743e+001 +1.006251743e+001 -9.248748257e+001 -9.248748257e+001 -4.1805e-001 +2.2259e+000 -7.2871e-001 -3.0574e-001 +2.4155e+000 -1.3216e+000 -1.2266e+000 -4.5701e-001 +1.1670e+000 -1.0408e+000
258 +9.798103947e+000 +9.798103947e+000 -9.275189605e+001 -9.275189605e+001 -6.7468e-001 -3.1150e+000 -8.7721e-001 -1.6353e-001 -5.5603e-001 -1.6984e+000 +5.5568e-001 +6.2122e-001 -8.4012e-002 -1.1571e-001
269 +9.088296575e+000 +9.088296575e+000 -9.346170343e+001 -9.346170343e+001 -3.0389e+000 -1.1077e+000 -5.7069e-001 +5.0516e-001 -8.6825e-001 +1.9048e+000 -2.5418e-001 -7.5686e-001 +5.3662e-001 +6.3327e-001
345 +6.762067660e+000 +6.762067660e+000 -9.578793234e+001 -9.578793234e+001 -2.6959e+000 -8.0949e-001 -3.7992e-001 -1.4059e+000 -1.1609e+000 +1.7769e+000 -1.3632e+000 +2.0547e-001 +1.9256e-001 -2.9457e-001
436 +5.727034588e+000 +5.727034588e+000 -9.682296541e+001 -9.682296541e+001 +4.2867e-001 -9.5143e-001 -6.0422e-001 +2.3581e+000 -3.2974e-001 -2.2977e+000 +1.2574e+000 -1.7630e-001 -1.7571e+000 +1.2247e+000
706 +5.087469479e+000 +5.087469479e+000 -9.746253052e+001 -9.746253052e+001 +1.9344e-001 -1.4561e+000 +2.4418e-001 +7.7610e-002 +1.8017e-001 +4.6737e-001 +2.4923e+000 -1.6879e+000 +5.8946e-001 +1.0218e+000
868 +4.323201993e+000 +4.323201993e+000 -9.822679801e+001 -9.822679801e+001 -1.7700e-002 +1.4768e-001 -9.0564e-001 -3.9777e-001 -6.1410e-001 -1.1585e+000 -9.0966e-001 +4.1039e-001 -2.5042e+000 -1.1347e+000
1078 +3.697933416e+000 +3.697933416e+000 -9.885206658e+001 -9.885206658e+001 +7.8350e-001 +1.5691e-002 -1.0283e+000 -1.3965e-001 +2.2654e-001 -4.0114e-004 -1.1456e-001 +3.5338e-001 -2.6389e-001 +1.6791e+000
1248 +3.488337671e+000 +3.488337671e+000 -9.906166233e+001 -9.906166233e+001 +7.2918e-001 +4.0012e-001 -1.0675e+000 -8.1436e-001 +4.9360e-001 -5.3810e-001 -1.2630e+000 -2.3271e-001 +5.5897e-001 +4.0300e-002
10129 +3.287035033e+000 +3.287035033e+000 -9.926296497e+001 -9.926296497e+001 -1.6043e+000 +7.1986e-001 -2.1748e+000 +2.4363e+000 +6.7821e-001 -2.6180e-001 +2.5608e+000 -6.3195e-001 -9.6312e-001 +1.4249e+000
11972 +3.027351351e+000 +3.027351351e+000 -9.952264865e+001 -9.952264865e+001 -6.6829e-002 +1.2500e+000 -2.4663e-001 +1.4805e+000 -2.0814e+000 -3.5329e+000 +1.2187e+000 -6.4686e-001 -1.5498e+000 +1.9448e+000
13333 +2.626576713e+000 +2.626576713e+000 -9.992342329e+001 -9.992342329e+001 -1.3599e-001 -7.5268e-002 -2.1484e+000 +5.6084e-002 -7.8958e-001 -1.4678e-002 +1.2495e+000 -2.9234e-001 -4.5122e-001 +3.0017e+000
23684 +2.406456144e+000 +2.406456144e+000 -1.001435439e+002 -1.001435439e+002 +3.5870e-001 +1.5995e+000 +3.4099e-001 -3.9672e-002 -1.7637e+000 -1.4453e+000 -3.4992e-002 -1.0787e+000 -5.0626e-001 +3.2691e-001
58530 +1.870849743e+000 +1.870849743e+000 -1.006791503e+002 -1.006791503e+002 +3.0953e-002 -5.0717e-001 +2.9649e-001 -5.5827e-001 -2.1703e+000 +1.1548e+000 +7.2700e-001 -1.6709e+000 -9.1594e-001 +1.1396e+000
557419 +1.185389961e+000 +1.185389961e+000 -1.013646100e+002 -1.013646100e+002 +3.6653e-001 +6.4090e-001 +5.2367e-002 -1.4637e+000 -1.5516e+000 -6.8333e-002 +4.1779e-001 +2.5539e-001 +1.1792e-001 -6.0644e-001
1965008 +9.695531917e-001 +9.695531917e-001 -1.015804468e+002 -1.015804468e+002 -1.5671e-002 -5.5142e-001 +5.2860e-001 +7.3427e-001 -3.4126e-001 +1.0118e+000 +7.0099e-001 -6.6187e-001 -3.7356e-001 +1.8262e+000
7709992 +6.206228796e-001 +6.206228796e-001 -1.019293771e+002 -1.019293771e+002 +1.4193e-002 -1.3044e-002 -7.8936e-002 -3.8515e-001 -2.6733e-002 +1.2779e-001 +4.5738e-001 +3.4780e-001 -2.1748e-002 +2.9284e-002
% function evaluation | noise-free fitness - Fopt (7.169000000000e+001) | best noise-free fitness - Fopt | measured fitness | best measured fitness | x1 | x2...
1 +2.007100428e+001 +2.007100428e+001 +9.176100428e+001 +9.176100428e+001 +4.7698e+000 -8.3811e-002 -7.4779e-001 +1.7707e+000 -2.9531e-002 -5.3686e+000 -3.7642e+000 -1.9835e+000 -4.3401e+000 +4.5899e-001
21 +1.876561888e+001 +1.876561888e+001 +9.045561888e+001 +9.045561888e+001 +3.5985e-002 +3.3610e+000 +9.2611e-001 +1.6459e+000 -2.7604e+000 -3.0148e+000 -2.5519e+000 -3.2095e+000 -2.8758e+000 +6.2758e-001
66 +1.375700982e+001 +1.375700982e+001 +8.544700982e+001 +8.544700982e+001 +9.7310e-001 +3.9279e-001 -4.0822e-002 -5.3329e-001 -2.4472e+000 +2.5246e-001 -3.4135e+000 +2.9996e+000 -1.6988e+000 +1.8718e+000
163 +1.156868664e+001 +1.156868664e+001 +8.325868664e+001 +8.325868664e+001 +2.7799e+000 +8.8101e-001 +3.7882e-001 -1.7733e+000 -3.1990e-001 -3.9413e+000 -2.8082e+000 -9.3839e-001 -2.8152e+000 +1.3459e+000
177 +9.921206223e+000 +9.921206223e+000 +8.161120622e+001 +8.161120622e+001 +4.3203e+000 -8.0722e-001 +4.9646e-001 +6.4590e-002 -1.5731e+000 -2.7051e+000 -3.1299e+000 -2.2593e-001 -2.3217e+000 +1.1395e+000
252 +7.172419079e+000 +7.172419079e+000 +7.886241908e+001 +7.886241908e+001 +2.8164e+000 -2.6681e-001 +7.4054e-001 -8.8074e-001 -8.3737e-001 -4.3376e+000 -2.7576e+000 -5.8484e-001 -1.7783e+000 -5.1488e-002
254 +6.771588481e+000 +6.771588481e+000 +7.846158848e+001 +7.846158848e+001 +1.1823e+000 -8.7611e-001 +2.0814e+000 +6.4057e-001 +1.1450e+000 -3.9095e+000 -2.8685e+000 -6.9481e-001 -2.8483e+000 +2.4984e+000
408 +5.995461920e+000 +5.995461920e+000 +7.768546192e+001 +7.768546192e+001 +1.9734e+000 +1.6436e+000 +1.0342e+000 -1.2842e+000 -6.1174e-001 -4.1582e+000 -2.4609e+000 -2.6812e+000 -1.6155e+000 +4.9948e-002
522 +5.274310103e+000 +5.274310103e+000 +7.696431010e+001 +7.696431010e+001 +5.0501e-001 +2.2766e-001 +7.0591e-001 +3.6526e-001 +2.7022e-001 -3.0725e+000 -4.1356e+000 -3.4333e-001 -9.4502e-001 +4.7909e-001
699 +4.973866593e+000 +4.973866593e+000 +7.666386659e+001 +7.666386659e+001 -2.1959e-002 +2.0172e-001 +1.1158e+000 +6.7066e-001 -4.1246e-001 -1.6868e+000 -4.3783e-001 -5.1219e-001 -2.0463e+000 +6.5544e-002
826 +4.895313223e+000 +4.895313223e+000 +7.658531322e+001 +7.658531322e+001 +1.1921e+000 +8.0850e-001 -8.9048e-002 -1.8806e-001 +9.3882e-002 -3.9372e+000 -1.9243e+000 -1.4110e+000 -1.3354e+000 +1.5958e-001
1013 +3.708128904e+000 +3.708128904e+000 +7.539812890e+001 +7.539812890e+001 +6.5067e-001 +3.6441e-001 -7.6011e-001 +7.4911e-001 -3.4843e-001 -1.2531e+000 -1.6925e+000 -5.7331e-001 -9.8235e-001 +2.3625e-001
2548 +2.667293196e+000 +2.667293196e+000 +7.435729320e+001 +7.435729320e+001 +1.8467e+000 -8.1223e-002 +1.3803e+000 -1.0279e+000 +1.5228e-001 -1.4857e+000 -1.2149e+000 -1.9066e-001 -7.3862e-001 -9.4164e-001
9349 +2.446923536e+000 +2.446923536e+000 +7.413692354e+001 +7.413692354e+001 -2.4881e-001 -3.2616e-001 +9.2694e-001 +5.7509e-001 +1.0022e+000 -6.5117e-001 +3.2727e-001 -2.2314e+000 +7.3655e-001 +5.8751e-001
29797 +1.960580749e+000 +1.960580749e+000 +7.365058075e+001 +7.365058075e+001 -1.5805e+000 +1.2548e+000 -9.3795e-001 -1.2732e+000 -1.0683e+000 +2.4668e+000 +8.4124e-002 -1.1868e+000 -4.1653e-001 +3.4137e-001
241273 +1.498738644e+000 +1.498738644e+000 +7.318873864e+001 +7.318873864e+001 +6.8228e-001 +8.4470e-001 +1.2589e+000 -1.0536e+000 -4.2089e-001 -1.1883e+000 -8.2755e-001 +1.6538e-001 -5.9505e-001 +6.9456e-001
591723 +1.017592489e+000 +1.017592489e+000 +7.270759249e+001 +7.270759249e+001 -9.0779e-001 +1.3536e-001 -4.9143e-001 +6.2571e-001 +1.9921e-001 +1.0264e+000 +2.2469e-001 +1.9230e-001 -7.3792e-001 +4.9988e-001
900019 +9.312973299e-001 +9.312973299e-001 +7.262129733e+001 +7.262129733e+001 +7.8085e-001 +3.5866e-001 +3.7380e-001 -1.2538e+000 -2.3913e-001 -1.3296e-001 +4.1499e-002 +3.0627e-001 -1.8690e-001 -4.3248e-001
8818307 +7.747944223e-001 +7.747944223e-001 +7.246479442e+001 +7.246479442e+001 -1.8091e+000 -1.1860e+000 -4.8374e-002 -3.3123e-001 -8.2346e-001 +1.6008e+000 -1.4253e+000 -9.4026e-002 -4.1510e-002 -1.3371e+000
% function evaluation | noise-free fitness - Fopt (2.140100000000e+002) | best noise-free fitness - Fopt | measured fitness | best measured fitness | x1 | x2...
1 +6.304465883e+001 +6.304465883e+001 +2.770546588e+002 +2.770546588e+002 +5.9819e+000 -3.4338e+000 +5.4414e-001 -3.0627e+000 +2.5106e+000 +1.4207e+000 +1.1946e+000 +1.1429e+000 +4.8075e+000 +1.5235e+000
2 +3.541023267e+001 +3.541023267e+001 +2.494202327e+002 +2.494202327e+002 +3.6421e+000 -4.8276e+000 -5.0094e-001 -6.1425e-001 +1.3403e+000 +6.0018e-001 +3.1981e+000 +1.2160e+000 +3.1099e+000 -1.3928e+000
5 +3.113522723e+001 +3.113522723e+001 +2.451452272e+002 +2.451452272e+002 +4.6828e-001 -2.8890e+000 +1.7208e+000 -1.4030e+000 -4.7074e+000 -1.3582e+000 +7.2095e+000 -1.7607e+000 +7.9519e-001 +2.0779e+000
24 +2.640819337e+001 +2.640819337e+001 +2.404181934e+002 +2.404181934e+002 +3.6143e+000 +1.0033e+000 -8.3126e-002 -4.3892e+000 +2.0553e+000 -3.6145e-001 +3.4179e+000 -2.3720e+000 +3.1441e+000 +3.0798e-001
31 +2.205102915e+001 +2.205102915e+001 +2.360610291e+002 +2.360610291e+002 +4.3130e+000 +5.6034e-001 +6.0002e-001 -3.8523e+000 -1.4976e-002 +7.5430e-001 -1.1874e+000 -1.9099e-001 +2.5460e+000 +1.1914e-001
48 +2.124938750e+001 +2.124938750e+001 +2.352593875e+002 +2.352593875e+002 +2.8583e+000 -2.4043e+000 -1.2062e+000 -1.2875e+000 -2.6853e-001 -4.3218e-001 +4.2488e+000 -1.3663e+000 +4.3277e+000 +2.7651e+000
57 +1.142702389e+001 +1.142702389e+001 +2.254370239e+002 +2.254370239e+002 +2.0297e+000 -1.9588e+000 -1.6486e+000 -1.8728e+000 -7.6415e-001 +5.8067e-001 +2.3840e-001 +7.9238e-001 -1.7554e+000 -3.0082e-001
206 +6.531181288e+000 +6.531181288e+000 +2.205411813e+002 +2.205411813e+002 -9.6796e-002 -3.0004e+000 +4.4133e-001 -7.2977e-001 +4.5538e-001 -8.5905e-001 +1.3613e+000 -2.1061e+000 +1.0793e+000 -9.5765e-001
310 +6.397381690e+000 +6.397381690e+000 +2.204073817e+002 +2.204073817e+002 +3.6967e-001 +7.2600e-001 -5.0263e-002 +5.7890e-001 +1.6024e+000 -1.9207e+000 +1.1346e+000 +8.6257e-002 +1.3463e+000 -7.6954e-001
505 +4.731288873e+000 +4.731288873e+000 +2.187412889e+002 +2.187412889e+002 +8.3238e-001 +1.0388e+000 +1.2341e+000 +4.5867e-001 +1.2308e+000 -1.3292e+000 +2.7585e+000 -8.1309e-001 -6.9182e-001 -4.2784e-001
646 +3.610281710e+000 +3.610281710e+000 +2.176202817e+002 +2.176202817e+002 -1.2361e+000 -7.8239e-001 +4.3581e-001 +1.1840e+000 -9.7950e-001 -1.0539e+000 +1.0620e+000 -1.6349e+000 +1.2325e+000 +3.0149e-001
2894 +2.172005034e+000 +2.172005034e+000 +2.161820050e+002 +2.161820050e+002 -4.8648e-001 +1.0979e+000 +8.3276e-002 +2.8948e-001 +9.7491e-002 +9.5947e-001 +1.9294e+000 -5.6740e-001 -1.4010e-001 -1.0207e+000
196779 +2.104649662e+000 +2.104649662e+000 +2.161146497e+002 +2.161146497e+002 +1.7444e+000 -7.9966e-001 -4.0375e-001 +1.3699e+000 +9.6321e-001 -5.3450e-001 +1.7928e+000 -2.6945e-001 +1.5013e+000 -3.6293e-001
259492 +2.029669118e+000 +2.029669118e+000 +2.160396691e+002 +2.160396691e+002 -1.0319e-002 -4.2682e-001 +8.5600e-001 +1.6868e+000 +3.8784e-001 +1.1872e+000 -7.4884e-002 +1.1167e+000 -5.5934e-001 -1.3282e+000
461476 +1.928916537e+000 +1.928916537e+000 +2.159389165e+002 +2.159389165e+002 +1.9625e+000 -1.7419e+000 -3.4363e-002 +3.2543e-001 +1.2004e+000 +3.2204e-002 +2.6404e+000 +8.4626e-001 +1.4705e+000 -7.4373e-001
487695 +1.880087438e+000 +1.880087438e+000 +2.158900874e+002 +2.158900874e+002 +9.8387e-001 -4.9052e-001 +1.4304e+000 +5.3405e-002 -1.7600e-001 -5.5461e-002 -1.0563e+000 +7.2947e-002 +6.3113e-002 +6.9163e-001
522118 +1.581277657e+000 +1.581277657e+000 +2.155912777e+002 +2.155912777e+002 +1.0343e+000 +5.6003e-001 -2.1174e-001 +4.2804e-001 -1.9255e-001 +3.5588e-001 +1.1713e+000 +4.6248e-001 +3.7027e-001 -6.6447e-001
653550 +1.367217255e+000 +1.367217255e+000 +2.153772173e+002 +2.153772173e+002 -1.3484e+000 +7.9621e-001 -1.2015e-001 +7.2419e-001 +3.0909e+000 -3.2545e+000 +1.9080e+000 -9.2522e-001 +3.2441e-001 -1.7098e+000
989356 +1.333128626e+000 +1.333128626e+000 +2.153431286e+002 +2.153431286e+002 -2.1509e-001 -7.6015e-002 -7.9327e-001 +6.8554e-001 -2.1755e-001 -1.9873e-001 +1.5480e+000 -5.8325e-001 -3.4335e-001 +3.7665e-001
1373371 +1.260538212e+000 +1.260538212e+000 +2.152705382e+002 +2.152705382e+002 +1.4210e-001 +5.9567e-002 -2.2697e-001 +4.0472e-001 +1.6103e+000 -1.0786e+000 -3.0562e-001 +3.8250e-001 +6.0527e-001 -6.9879e-001
4267240 +1.254965270e+000 +1.254965270e+000 +2.152649653e+002 +2.152649653e+002 -7.5743e-001 +9.3729e-002 -1.7021e+000 -7.0208e-002 +1.8099e-001 -1.2201e+000 +4.9636e-001 -8.1544e-001 -7.7242e-001 +1.2703e-001
8019279 +1.031881054e+000 +1.031881054e+000 +2.150418811e+002 +2.150418811e+002 +4.3012e-001 +1.4264e+000 +3.2025e-001 -8.8330e-001 -3.5872e-001 -1.4223e+000 +1.5936e+000 -6.8059e-001 +2.6518e-001 +8.7682e-001
% function evaluation | noise-free fitness - Fopt (-5.848000000000e+001) | best noise-free fitness - Fopt | measured fitness | best measured fitness | x1 | x2...
1 +3.714303230e+002 +3.714303230e+002 +3.129503230e+002 +3.129503230e+002 +4.6080e+000 +5.6241e-001 -1.1184e+001 +5.5736e+000 +2.2632e-001 -5.0022e+000 +2.3600e+000 +1.2684e+000 +3.1367e-001 +7.2681e+000
2 +5.909864443e+001 +5.909864443e+001 +6.186444309e-001 +6.186444309e-001 +5.4345e+000 -6.4769e-001 -2.0210e+000 +1.1070e+000 -1.7518e+000 -6.3221e+000 +2.5509e+000 +1.0403e+000 -4.0506e-001 -3.3069e+000
11 +1.494071398e+001 +1.494071398e+001 -4.353928602e+001 -4.353928602e+001 +3.1963e+000 +9.8398e-001 -1.8639e+000 +2.2752e+000 -1.7470e+000 +5.9957e-001 +7.0747e-001 +1.9675e+000 +1.1213e+000 -1.8178e+000
18 +1.086245978e+001 +1.086245978e+001 -4.761754022e+001 -4.761754022e+001 -5.1692e-001 -1.7517e+000 -8.0577e-001 +1.3742e+000 -6.8021e-001 -1.8545e+000 +1.2117e+000 -1.2753e+000 -1.2625e+000 -4.1182e-001
71 +1.015085886e+001 +1.015085886e+001 -4.832914114e+001 -4.832914114e+001 +2.2691e+000 -4.6680e-001 -8.4462e-001 +4.3048e-001 -6.0853e-001 -3.3934e+000 +1.4338e+000 +1.0747e+000 +5.2694e-001 -1.1836e+000
232 +8.996282360e+000 +8.996282360e+000 -4.948371764e+001 -4.948371764e+001 +2.3055e+000 -2.0275e-001 -2.9507e+000 -2.8552e-002 -3.0198e-001 -1.2045e+000 -1.2853e+000 +1.9719e+000 +9.5286e-001 -8.3390e-001
253 +8.684743971e+000 +8.684743971e+000 -4.979525603e+001 -4.979525603e+001 +3.4181e+000 -1.1272e+000 -1.9670e+000 -4.9323e-002 -6.0588e-001 +2.0197e+000 -1.3739e+000 +1.0646e+000 -7.5140e-001 -3.4570e-001
303 +7.241918984e+000 +7.241918984e+000 -5.123808102e+001 -5.123808102e+001 +8.4231e-001 -9.2956e-001 -1.1205e+000 -7.0683e-001 -1.2108e+000 +9.3275e-001 -3.2015e+000 +1.3162e+000 -7.6004e-002 -3.6344e+000
410 +6.626598794e+000 +6.626598794e+000 -5.185340121e+001 -5.185340121e+001 +1.8130e+000 -2.3569e+000 -1.3942e+000 +1.1093e-001 -5.8704e-001 +2.9285e-001 -7.4316e-001 +1.0942e+000 -7.1726e-001 -1.9267e+000
445 +5.055529812e+000 +5.055529812e+000 -5.342447019e+001 -5.342447019e+001 +1.3325e+000 -3.0333e-001 -7.6332e-001 +7.9716e-002 -2.2782e+000 -6.1376e-002 -1.4829e+000 +2.2294e+000 -2.2257e-001 -2.0666e+000
474 +4.889279902e+000 +4.889279902e+000 -5.359072010e+001 -5.359072010e+001 +1.8267e+000 -2.8764e-001 -4.0534e-001 -3.5137e-001 -7.6690e-001 +1.1580e+000 -7.3826e-001 +6.6325e-001 -6.6850e-001 -1.2328e+000
1431 +4.601059114e+000 +4.601059114e+000 -5.387894089e+001 -5.387894089e+001 +3.6261e+000 -9.8270e-001 +1.9483e+000 -3.6145e-001 -1.4141e+000 +9.7979e-001 -1.0407e+000 -1.0741e-002 -4.9068e-001 +3.2648e-001
1798 +3.685364570e+000 +3.685364570e+000 -5.479463543e+001 -5.479463543e+001 +2.0430e+000 +7.0622e-001 -1.7020e-001 -9.2330e-001 -7.4959e-002 +1.5462e+000 +9.5959e-001 -1.6715e-001 +7.9137e-001 +7.1325e-001
1881 +2.756959921e+000 +2.756959921e+000 -5.572304008e+001 -5.572304008e+001 +1.4515e+000 +1.3338e+000 -1.1418e+000 +1.5729e+000 -5.2451e-001 +1.8162e+000 +6.3324e-002 +1.0917e-001 +4.8963e-001 +3.7262e-001
7775 +2.561224637e+000 +2.561224637e+000 -5.591877536e+001 -5.591877536e+001 +1.6420e+000 -1.7008e+000 -1.4146e+000 +7.2668e-001 -1.3797e+000 -2.2205e-001 -7.4360e-001 +1.0679e+000 +9.2011e-001 -7.5172e-001
29373 +2.214442992e+000 +2.214442992e+000 -5.626555701e+001 -5.626555701e+001 +2.9567e-001 -5.0574e-002 +6.3671e-001 +1.8581e+000 -1.2148e+000 +9.3343e-002 +1.6895e-001 -5.0442e-001 -7.6556e-001 +9.1870e-001
53128 +1.964728946e+000 +1.964728946e+000 -5.651527105e+001 -5.651527105e+001 +8.4181e-001 -2.6411e+000 -2.0662e-001 -1.0125e+000 -5.5680e-001 +1.3777e+000 +1.2827e-001 +1.5225e-002 -1.4549e+000 -7.2006e-001
158901 +1.732718366e+000 +1.732718366e+000 -5.674728163e+001 -5.674728163e+001 +1.2968e+000 -1.9008e+000 -8.3635e-001 +1.1817e+000 -1.0395e-001 +9.8849e-001 +5.3431e-001 -4.1319e-002 -1.1585e-002 -9.4789e-001
606815 +1.500077392e+000 +1.500077392e+000 -5.697992261e+001 -5.697992261e+001 +7.1356e-001 -2.9453e-001 -1.7074e-001 +1.7365e-002 -2.4129e-001 -7.7572e-002 -2.9560e-002 -3.9849e-001 -7.7591e-001 -1.2275e+000
630598 +1.110719358e+000 +1.110719358e+000 -5.736928064e+001 -5.736928064e+001 -2.4385e-001 -8.2476e-001 -1.6326e-002 +1.5615e+000 -2.7988e-002 +3.8952e-001 -4.3138e-001 +6.5162e-001 +4.6383e-001 +2.3379e-002
2449904 +9.643472365e-001 +9.643472365e-001 -5.751565276e+001 -5.751565276e+001 +6.8764e-001 -8.6249e-001 -9.5160e-001 +1.0102e+000 -6.1690e-001 -1.9963e-001 -9.2729e-002 -7.9848e-001 +2.1011e-001 +9.2260e-001
5776661 +4.670699196e-001 +4.670699196e-001 -5.801293008e+001 -5.801293008e+001 +2.8123e-001 -1.1173e-001 +3.0304e-001 -4.2464e-001 -7.8831e-002 +1.1385e+000 +2.7271e-002 +8.5465e-001 +1.0971e-001 -1.2851e-001
% function evaluation | noise-free fitness - Fopt (-6.130800000000e+002) | best noise-free fitness - Fopt | measured fitness | best measured fitness | x1 | x2...
1 +1.277809138e+002 +1.277809138e+002 -4.852990862e+002 -4.852990862e+002 -6.4582e+000 -7.4392e+000 +6.7180e-001 +4.1328e+000 -1.1360e+000 +1.4304e+000 +3.0181e+000 -3.1802e+000 +4.0460e+000 +5.2078e+000
3 +1.196133196e+002 +1.196133196e+002 -4.934666804e+002 -4.934666804e+002 -6.5720e+000 -8.3274e+000 -1.2515e+000 +3.3291e+000 +5.4974e-001 +4.0424e+000 -2.1091e+000 +2.0782e+000 -4.4289e-001 +5.7540e-001
5 +6.628819373e+001 +6.628819373e+001 -5.467918063e+002 -5.467918063e+002 -3.8834e+000 -5.8172e+000 +1.5352e-001 +2.1938e+000 +4.7093e+000 +8.7020e-001 +2.0771e+000 -4.9492e-001 +4.9923e+000 +4.2936e+000
7 +5.260266190e+001 +5.260266190e+001 -5.604773381e+002 -5.604773381e+002 +1.6454e+000 -4.6499e+000 +1.0971e+000 +2.9333e+000 +5.6226e+000 -9.6225e-001 +9.3299e-001 -1.2768e+000 +4.6443e+000 +1.5482e+000
18 +4.814639304e+001 +4.814639304e+001 -5.649336070e+002 -5.649336070e+002 +2.9936e+000 -4.0468e-001 -4.8543e+000 +1.8631e+000 +4.7682e+000 +5.1656e+000 +2.3431e+000 -7.4659e-002 -1.9130e+000 -4.7395e-001
47 +3.283557492e+001 +3.283557492e+001 -5.802444251e+002 -5.802444251e+002 +9.8633e-001 -4.5332e+000 +6.9776e-001 +9.3827e-001 +2.5194e+000 +1.2936e+000 +5.1787e+000 -3.3505e-001 +4.1170e+000 +8.5365e-002
65 +2.695992401e+001 +2.695992401e+001 -5.861200760e+002 -5.861200760e+002 +6.7741e-001 -1.2991e+000 -2.4144e+000 +8.8786e-002 +3.3652e+000 +9.2127e-001 -9.4251e-001 +2.9557e+000 +3.4861e+000 +3.7241e+000
74 +2.377717982e+001 +2.377717982e+001 -5.893028202e+002 -5.893028202e+002 -3.6416e-001 -4.4038e+000 +3.9808e-001 +2.7030e+000 +4.6442e+000 +1.2541e+000 +3.9157e+000 -6.0034e-002 +2.1118e+000 +2.6553e-001
101 +1.668383340e+001 +1.668383340e+001 -5.963961666e+002 -5.963961666e+002 +1.4518e+000 -1.4710e+000 +1.0096e+000 +2.8651e+000 +3.6791e+000 +1.6799e+000 +9.3251e-001 +5.7385e-001 +3.1602e+000 +2.0669e+000
115 +9.720632098e+000 +9.720632098e+000 -6.033593679e+002 -6.033593679e+002 +6.5306e-001 -2.9274e+000 -6.6622e-001 +2.9270e+000 +3.5935e+000 +2.0525e+000 +7.0615e-001 +1.3744e+000 +6.4823e-001 +2.5150e+000
273 +9.425977704e+000 +9.425977704e+000 -6.036540223e+002 -6.036540223e+002 +3.0998e-001 -1.0544e+000 +1.2333e+000 +3.2003e+000 +2.3648e+000 +1.9439e+000 +8.3392e-001 +8.3723e-001 -1.0025e+000 +3.8977e-001
281 +8.426123458e+000 +8.426123458e+000 -6.046538765e+002 -6.046538765e+002 -2.1763e+000 -1.2686e+000 +1.3153e+000 +1.5585e+000 -5.6031e-001 +2.1721e-001 -1.1724e-002 +1.3980e-001 -1.4188e+000 -1.0708e+000
357 +6.863902395e+000 +6.863902395e+000 -6.062160976e+002 -6.062160976e+002 +1.7797e-001 -8.5537e-001 -7.1452e-002 +2.0127e+000 -2.1235e-002 +1.9843e+000 +5.8246e-001 +1.4429e+000 +7.7999e-001 -1.4555e-001
398 +5.659042922e+000 +5.659042922e+000 -6.074209571e+002 -6.074209571e+002 +5.2224e-001 -4.4823e-001 +7.0056e-001 +2.6154e+000 -2.2422e-001 +1.5829e+000 +1.1985e+000 +1.6611e+000 +1.8825e+000 -4.5139e-001
475 +5.366388452e+000 +5.366388452e+000 -6.077136115e+002 -6.077136115e+002 -5.2925e-001 -8.9568e-001 +6.2471e-001 +1.6369e+000 +1.2380e-001 +1.4014e+000 +1.1973e+000 +1.7627e+000 +3.8233e-001 -2.8022e-002
484 +4.063252981e+000 +4.063252981e+000 -6.090167470e+002 -6.090167470e+002 +1.3333e+000 -7.8199e-001 -5.7061e-003 +2.1832e-001 +1.8119e+000 +2.8334e+000 +1.0689e+000 +1.1258e+000 +3.0304e-001 -2.3304e-001
527 +3.772018871e+000 +3.772018871e+000 -6.093079811e+002 -6.093079811e+002 +9.1369e-001 -6.0656e-001 -1.3947e-002 +3.6833e+000 +3.8325e-001 +5.8327e-001 +7.4412e-001 +1.8897e+000 +8.5917e-001 +2.9215e-001
3098 +3.600429685e+000 +3.600429685e+000 -6.094795703e+002 -6.094795703e+002 +1.4109e+000 -5.0882e-001 +9.0761e-001 +1.3675e+000 -9.4899e-002 +1.6351e+000 +5.6327e-001 -3.3213e-001 +4.0509e-001 -7.4832e-001
6568 +3.173652105e+000 +3.173652105e+000 -6.099063479e+002 -6.099063479e+002 +1.8545e-001 +4.1574e-001 -4.6446e-001 +8.5373e-002 -3.2034e-001 +4.6291e-001 +2.3759e-001 -1.1132e+000 -2.1702e+000 +1.2994e+000
8708 +2.463043711e+000 +2.463043711e+000 -6.106169563e+002 -6.106169563e+002 +1.8502e+000 -5.6012e-001 +8.3234e-001 -4.4145e-001 +6.7936e-001 +7.4389e-001 -1.7731e-001 +4.8148e-001 -4.8931e-001 +9.2354e-001
33417 +1.639986463e+000 +1.639986463e+000 -6.114400135e+002 -6.114400135e+002 -1.7365e+000 +3.7104e-001 -5.8992e-001 +1.4828e-001 +5.5442e-001 -3.0475e-001 +5.7011e-001 -4.2387e-001 -6.7484e-001 +1.9173e+000
44472 +1.602750221e+000 +1.602750221e+000 -6.114772498e+002 -6.114772498e+002 +7.3358e-001 -1.8637e+000 -4.3192e-001 -1.5470e+000 -2.4885e-001 -1.0579e-002 -1.1906e+000 -1.7360e+000 +3.6865e-001 -5.2615e-002
230277 +8.144843390e-001 +8.144843390e-001 -6.122655157e+002 -6.122655157e+002 -9.3828e-001 -3.9999e-001 +4.3540e-001 +8.4319e-001 +2.0697e+000 +1.0398e+000 +1.7469e+000 +6.2734e-001 +7.7239e-002 -4.0294e-001
% function evaluation | noise-free fitness - Fopt (-4.317300000000e+002) | best noise-free fitness - Fopt | measured fitness | best measured fitness | x1 | x2...
1 +4.979193846e+002 +4.979193846e+002 +6.618938465e+001 +6.618938465e+001 -3.4004e+000 -5.6308e+000 -5.6767e-001 +1.6329e+000 -3.6063e+000 -4.9551e+000 +2.6113e+000 +8.0477e+000 -1.5232e-001 -9.6146e+000
2 +7.310646292e+001 +7.310646292e+001 -3.586235371e+002 -3.586235371e+002 -4.9275e+000 +1.7217e+000 -1.1553e+000 +4.4816e-001 +1.7514e+000 -5.0346e+000 +4.9681e+000 +1.9992e+000 -5.2349e-001 -5.4000e+000
3 +6.584238394e+001 +6.584238394e+001 -3.658876161e+002 -3.658876161e+002 -2.0139e+000 +8.2197e-002 -4.4661e+000 +6.2024e-001 -4.3955e+000 -4.9792e+000 -2.3142e-001 +1.0498e+000 -1.6099e+000 -3.6532e+000
19 +6.331589805e+001 +6.331589805e+001 -3.684141019e+002 -3.684141019e+002 -4.0225e+000 -3.1071e-001 -3.1153e+000 +1.5558e+000 -3.5806e+000 -5.8408e+000 +2.1712e+000 +3.9992e+000 -1.3145e+000 -3.1243e+000
28 +5.379231074e+001 +5.379231074e+001 -3.779376893e+002 -3.779376893e+002 -1.2943e+000 +6.3919e-001 -4.8290e+000 +5.1409e-001 -2.3681e+000 -4.7532e+000 +3.3601e+000 +4.6433e+000 -6.8273e-001 -1.5512e-001
31 +4.160177514e+001 +4.160177514e+001 -3.901282249e+002 -3.901282249e+002 -3.5872e+000 +1.8256e+000 -2.2565e+000 +2.6289e+000 -6.0432e+000 -3.8192e+000 +1.2933e-001 +2.2735e+000 -1.6916e+000 -1.3272e+000
58 +4.003949459e+001 +4.003949459e+001 -3.916905054e+002 -3.916905054e+002 -2.8772e+000 -1.0172e+000 -3.9046e+000 +2.2414e+000 -2.0790e+000 -4.8342e+000 -1.4587e+000 +2.2781e+000 +2.3446e-001 -3.1083e+000
86 +1.399170930e+001 +1.399170930e+001 -4.177382907e+002 -4.177382907e+002 -4.6690e+000 +1.5142e+000 -1.0943e+000 -8.0612e-001 -1.7516e+000 -2.2545e-001 +1.5488e+000 +2.4690e+000 -1.2550e+000 -1.8382e+000
174 +1.074656418e+001 +1.074656418e+001 -4.209834358e+002 -4.209834358e+002 -7.2921e-001 +1.8287e+000 -1.6736e+000 +1.3640e+000 -1.0484e+000 -4.4052e-001 +2.9821e-001 +3.0886e+000 -6.3372e-001 -2.6866e+000
238 +8.469857023e+000 +8.469857023e+000 -4.232601430e+002 -4.232601430e+002 -1.8465e+000 +3.0988e+000 -2.2045e+000 +1.6057e+000 -1.7524e+000 -5.2788e-001 +1.0733e+000 +1.5987e+000 -3.8840e-001 -2.0394e+000
370 +8.081630552e+000 +8.081630552e+000 -4.236483694e+002 -4.236483694e+002 -2.7217e-001 +3.2760e+000 -1.0022e+000 +1.5427e+000 -1.5969e+000 -1.5701e+000 -3.0981e-001 -3.7152e-002 -1.4974e+000 -1.1652e+000
379 +7.696111464e+000 +7.696111464e+000 -4.240338885e+002 -4.240338885e+002 -2.7220e-001 +2.7722e-001 -1.2385e+000 +9.3075e-001 -5.4649e-001 -1.1344e+000 -1.5873e-001 +1.6451e+000 -1.0414e+000 -4.5828e-001
399 +6.698377839e+000 +6.698377839e+000 -4.250316222e+002 -4.250316222e+002 +3.4819e-001 -1.1104e-001 -4.9665e-001 +3.2223e-001 -1.9008e+000 +4.7454e-001 -8.2807e-001 -1.5030e-001 -1.2758e+000 +2.5145e+000
417 +4.039858902e+000 +4.039858902e+000 -4.276901411e+002 -4.276901411e+002 -1.3191e+000 +1.2657e+000 -1.0893e+000 -6.8391e-001 -1.9491e+000 -6.9881e-001 +1.7277e+000 +1.3033e+000 -1.1027e+000 -2.3330e+000
950 +3.880933523e+000 +3.880933523e+000 -4.278490665e+002 -4.278490665e+002 +2.6033e-001 +2.5787e-001 -8.9259e-001 +4.1767e-001 -6.2441e-001 -6.9276e-001 +2.9166e-001 +2.0632e+000 -2.0140e+000 +2.3799e-001
2188 +3.058845170e+000 +3.058845170e+000 -4.286711548e+002 -4.286711548e+002 -2.7183e-001 +6.3479e-001 -7.9240e-001 +1.6719e+000 +2.2889e+000 -5.6126e-001 -3.0722e-001 +7.2690e-001 -1.8734e+000 -3.9355e-002
2472 +2.747176534e+000 +2.747176534e+000 -4.289828235e+002 -4.289828235e+002 -4.3809e-001 +6.8979e-001 +5.7983e-002 +2.2262e+000 +1.9641e+000 -1.0911e+000 -2.4415e-001 +1.5427e+000 +1.8672e+000 +2.2570e-001
37194 +2.346178156e+000 +2.346178156e+000 -4.293838218e+002 -4.293838218e+002 -1.5225e-001 -5.4400e-001 -1.5883e+000 -1.4498e+000 +2.7152e-001 -8.3624e-001 +6.1414e-001 +8.9472e-001 -9.3152e-002 -8.5205e-001
39232 +1.662952216e+000 +1.662952216e+000 -4.300670478e+002 -4.300670478e+002 +4.0132e-003 +5.4196e-001 -6.1850e-001 +1.3401e+000 +8.3246e-002 -4.1267e-001 -1.9471e-001 +1.4610e+000 +8.7668e-001 -2.7711e+000
231468 +1.308612007e+000 +1.308612007e+000 -4.304213880e+002 -4.304213880e+002 +2.1226e+000 -6.9144e-001 -4.3696e-004 +7.3596e-002 -3.5135e-001 +4.0169e-001 -9.1836e-001 -6.2599e-001 -2.2858e-001 -2.3592e-001
1666183 +1.206877534e+000 +1.206877534e+000 -4.305231225e+002 -4.305231225e+002 -8.2387e-001 -6.6343e-001 -1.6048e+000 +1.6441e+000 +6.3012e-001 -3.8731e-001 +9.7349e-001 -6.5206e-001 +4.5424e-001 -4.9656e-001
5300228 +1.033543944e+000 +1.033543944e+000 -4.306964561e+002 -4.306964561e+002 +6.2449e-001 -6.0992e-001 +7.5829e-001 -1.5072e+000 +3.9692e-001 -3.9501e-001 -6.4240e-002 +1.1148e+000 +3.7556e-001 -2.5928e-001
% function evaluation | noise-free fitness - Fopt (1.578000000000e+002) | best noise-free fitness - Fopt | measured fitness | best measured fitness | x1 | x2...
1 +1.436874371e+003 +1.436874371e+003 +1.594674371e+003 +1.594674371e+003 +8.2830e+000 +1.2877e+001 -7.3215e-001 +7.4790e-001 -1.2694e+000 +2.8880e+000 +9.2111e+000 +4.4171e+000 -2.3146e+000 -4.1751e+000
2 +1.949532724e+002 +1.949532724e+002 +3.527532724e+002 +3.527532724e+002 -3.3118e+000 -1.3033e+000 +4.1042e+000 -2.5667e+000 -1.6822e+000 +1.4591e+000 +6.6276e+000 -1.0865e+000 -8.0727e+000 -1.2600e+000
3 +7.870133808e+001 +7.870133808e+001 +2.365013381e+002 +2.365013381e+002 -2.7941e+000 +2.2233e+000 +1.4127e+000 -1.1828e+000 -1.8841e+000 -3.4823e+000 +5.9711e+000 +2.8416e+000 -3.0117e+000 +1.9302e-001
5 +6.732608151e+001 +6.732608151e+001 +2.251260815e+002 +2.251260815e+002 -3.3650e-001 +2.5302e+000 -4.1665e+000 -1.8659e+000 -1.9818e+000 +1.7120e+000 +2.7163e+000 -1.9489e+000 -4.4384e+000 -7.5544e+000
8 +5.147880307e+001 +5.147880307e+001 +2.092788031e+002 +2.092788031e+002 +5.8103e+000 +2.7740e+000 +4.2981e+000 -3.0978e+000 +6.3637e-002 -3.2411e+000 +1.6327e+000 +5.5383e+000 -2.6194e+000 +1.7304e+000
9 +2.819602226e+001 +2.819602226e+001 +1.859960223e+002 +1.859960223e+002 +8.0393e-001 +4.7028e+000 +1.0578e+000 -2.2102e+000 +2.6643e+000 -3.8429e+000 +3.3814e+000 +2.4964e+000 -3.0192e+000 +2.3421e+000
43 +2.153809266e+001 +2.153809266e+001 +1.793380927e+002 +1.793380927e+002 -3.7393e+000 -5.1660e-001 +4.5208e-001 -4.6817e+000 -1.3834e+000 +5.3413e+000 -1.8126e+000 +1.7206e+000 -4.3444e-002 -5.0915e-001
74 +2.096864918e+001 +2.096864918e+001 +1.787686492e+002 +1.787686492e+002 +2.8097e-001 -6.8206e-001 +1.0637e+000 -3.3415e+000 +1.0035e+000 -4.5863e-001 +2.9212e+000 +2.3500e+000 -3.7519e+000 +1.3005e-001
75 +1.405383949e+001 +1.405383949e+001 +1.718538395e+002 +1.718538395e+002 +1.3024e+000 +2.7621e+000 +3.3524e-001 -4.3961e-001 -9.5111e-001 -1.2232e+000 +1.7350e+000 +2.4146e+000 -1.6888e+000 -4.7991e-001
137 +1.217136652e+001 +1.217136652e+001 +1.699713665e+002 +1.699713665e+002 -7.3372e-001 -9.4460e-001 -1.3401e+000 -4.9320e-001 -8.1423e-001 -1.2530e+000 +3.3005e-001 +1.8901e+000 -2.5509e+000 +7.6534e-001
185 +1.060308359e+001 +1.060308359e+001 +1.684030836e+002 +1.684030836e+002 -3.2245e+000 -2.0815e+000 -8.1842e-001 -3.3344e-001 +6.2581e-001 -4.1950e-001 +2.6994e+000 +2.9854e+000 -7.0058e-001 -1.1488e+000
245 +1.038597813e+001 +1.038597813e+001 +1.681859781e+002 +1.681859781e+002 +1.9826e+000 -3.0263e-001 -2.7253e+000 -9.6161e-002 +6.3732e-003 -1.2828e+000 -4.0351e-001 +2.0116e+000 -2.6897e+000 +6.5028e-001
260 +1.007910205e+001 +1.007910205e+001 +1.678791021e+002 +1.678791021e+002 -1.9544e+000 -3.4712e+000 -1.6448e+000 -9.8306e-001 -2.1912e+000 -1.8879e+000 +1.9556e+000 +1.3483e+000 +1.5683e-001 +8.1537e-001
309 +9.818799478e+000 +9.818799478e+000 +1.676187995e+002 +1.676187995e+002 -3.1325e+000 -1.4494e+000 -4.4396e+000 -7.2677e-002 +5.3492e-001 +4.6160e-001 +1.2168e+000 +2.3943e+000 +4.4079e-002 -1.9902e+000
373 +9.497071252e+000 +9.497071252e+000 +1.672970713e+002 +1.672970713e+002 -3.1766e+000 -1.1654e+000 -6.4806e-001 +8.6848e-002 -1.4887e+000 +1.3131e+000 +3.3938e+000 -3.8776e-002 +7.6010e-001 -5.6816e-001
392 +8.688313194e+000 +8.688313194e+000 +1.664883132e+002 +1.664883132e+002 -3.4681e+000 -2.2663e-001 -1.9321e+000 +2.1276e-001 +2.5421e-002 +9.0467e-001 +6.8422e-001 +2.5511e+000 +3.7255e-001 +8.8561e-001
395 +7.724135197e+000 +7.724135197e+000 +1.655241352e+002 +1.655241352e+002 -5.0616e+000 -8.7881e-001 -1.2452e+000 -5.4288e-001 +5.4791e-001 -1.5322e-001 +2.2372e+000 +2.5501e-001 -3.6535e-001 -1.2134e+000
418 +5.811182951e+000 +5.811182951e+000 +1.636111830e+002 +1.636111830e+002 -2.7172e+000 -2.8571e-001 -1.0021e+000 -3.5990e-001 +5.5531e-001 +5.6165e-001 +9.1025e-001 +8.3955e-001 +3.8427e-001 -5.1141e-001
425 +3.224100382e+000 +3.224100382e+000 +1.610241004e+002 +1.610241004e+002 -1.1990e+000 +7.8322e-001 -1.6343e+000 +1.7351e+000 -3.4314e-001 +6.9313e-001 +8.5016e-001 +1.3932e+000 +1.7577e-001 +3.9499e-001
2514 +2.476453433e+000 +2.476453433e+000 +1.602764534e+002 +1.602764534e+002 -2.9197e-001 +1.0797e+000 -9.4111e-001 +4.1245e-001 -1.1815e-001 +4.9275e-001 +5.7241e-001 -3.7549e-001 +6.6614e-002 -1.2582e+000
9896 +2.331649028e+000 +2.331649028e+000 +1.601316490e+002 +1.601316490e+002 -1.1825e+000 -6.4515e-001 +6.5404e-001 -7.5950e-001 +8.8485e-001 -9.4706e-002 +1.8211e-001 +3.8667e-001 +9.6492e-001 +8.9282e-001
19651 +2.255666068e+000 +2.255666068e+000 +1.600556661e+002 +1.600556661e+002 -2.1561e+000 -7.1711e-001 -8.9588e-001 +1.0780e+000 -1.0836e-002 +1.4480e+000 +6.9210e-001 -1.5896e+000 +5.8451e-001 +1.3745e+000
49222 +1.824840033e+000 +1.824840033e+000 +1.596248400e+002 +1.596248400e+002 -6.1743e-001 +2.1102e-001 -7.3024e-001 +6.4879e-001 +1.2495e+000 +1.2041e-001 +3.0295e-001 -8.1492e-001 +2.5413e+000 +4.6052e-001
243591 +1.752555150e+000 +1.752555150e+000 +1.595525551e+002 +1.595525551e+002 -1.3720e+000 -5.4136e-002 -5.6582e-001 +6.1662e-001 +3.5805e-001 +1.7835e-001 +1.0397e-001 -1.0184e+000 +2.4636e-001 +4.4438e-001
391833 +1.573174413e+000 +1.573174413e+000 +1.593731744e+002 +1.593731744e+002 +1.3977e+000 -5.1880e-002 -5.8312e-002 +4.4914e-001 +9.2271e-001 +1.6009e+000 -7.1820e-001 +7.7593e-001 +1.4057e+000 +3.1726e-001
2023573 +1.398179529e+000 +1.398179529e+000 +1.591981795e+002 +1.591981795e+002 -1.7018e+000 -5.9809e-001 -8.3443e-001 +1.1567e+000 +8.1064e-001 +9.8350e-002 +7.0192e-002 +1.1223e+000 -4.0610e-001 -2.6460e-001
2893632 +1.201477807e+000 +1.201477807e+000 +1.590014778e+002 +1.590014778e+002 -1.7630e+000 -1.4325e+000 -1.0919e+000 -5.2706e-001 -5.7341e-001 +7.3268e-001 +3.2236e-001 +2.8204e-003 +1.5204e+000 -1.4723e+000
7874848 +1.163000789e+000 +1.163000789e+000 +1.589630008e+002 +1.589630008e+002 -4.0763e-001 -3.8491e-001 -7.7173e-002 -9.0695e-001 -8.0923e-001 +3.9700e-001 +3.3709e-002 -7.9065e-002 +7.6520e-001 +5.2141e-001
8809101 +9.919873531e-001 +9.919873531e-001 +1.587919874e+002 +1.587919874e+002 -3.1707e+000 +5.4091e-001 -1.5128e+000 -6.7677e-001 -2.2449e-001 -6.4459e-002 +1.1695e+000 +6.3216e-001 +4.7190e-001 -8.4762e-001
% function evaluation | noise-free fitness - Fopt (2.198800000000e+002) | best noise-free fitness - Fopt | measured fitness | best measured fitness | x1 | x2...
1 +3.045610907e+002 +3.045610907e+002 +5.244410907e+002 +5.244410907e+002 -3.0017e+000 -1.0390e-001 -5.4638e+000 -8.8991e+000 -9.1339e+000 -3.1402e+000 +4.2022e+000 +2.7013e+000 -6.8268e-001 -1.9362e-001
2 +9.951439391e+001 +9.951439391e+001 +3.193943939e+002 +3.193943939e+002 -4.9139e+000 +6.8006e+000 -6.8597e+000 +5.8218e+000 -1.1512e+000 -1.8749e+000 +3.2521e+000 -2.1373e+000 +5.4158e+000 +1.9449e+000
3 +5.869305668e+001 +5.869305668e+001 +2.785730567e+002 +2.785730567e+002 -4.2129e+000 +6.0325e+000 -1.2329e+001 -3.6949e+000 -3.0695e-001 -2.0121e+000 +1.3905e+000 -1.5454e+000 +1.9127e+000 -1.0173e+000
12 +3.230280438e+001 +3.230280438e+001 +2.521828044e+002 +2.521828044e+002 -1.2061e+000 -3.4850e+000 -2.0517e+000 +3.7447e-002 -2.6644e+000 +3.7368e+000 +3.8878e+000 -2.9792e-001 +1.8695e+000 +1.4650e+000
14 +3.012279678e+001 +3.012279678e+001 +2.500027968e+002 +2.500027968e+002 -2.4958e+000 +5.2272e+000 -2.6682e+000 -1.2848e+000 -4.5940e+000 +4.5870e-002 +1.0701e+000 -2.0010e+000 +2.1137e+000 -4.0857e-001
28 +2.648131087e+001 +2.648131087e+001 +2.463613109e+002 +2.463613109e+002 -1.0984e+000 -3.4729e-001 -2.0887e+000 -2.0313e+000 -2.3306e+000 -2.3732e+000 +3.9274e+000 +3.5141e+000 +2.0925e+000 +1.0643e+000
68 +1.321574808e+001 +1.321574808e+001 +2.330957481e+002 +2.330957481e+002 -6.4050e-001 +1.7530e+000 -2.1489e+000 -5.4065e+000 -3.7485e+000 +7.4130e-001 +1.2586e+000 -7.5012e-002 +3.7992e+000 +3.1384e-001
84 +1.258381098e+001 +1.258381098e+001 +2.324638110e+002 +2.324638110e+002 -2.7220e+000 +1.5004e+000 -6.8279e-001 -1.6497e+000 -4.6679e-001 +6.8020e-001 -1.0331e+000 -1.2110e+000 +3.1447e+000 +4.5132e+000
102 +1.043003157e+001 +1.043003157e+001 +2.303100316e+002 +2.303100316e+002 +3.2382e+000 -1.5974e-001 -3.6827e+000 -3.2221e+000 -3.5485e-001 +1.9470e+000 -1.3664e+000 +8.8725e-001 +3.4734e+000 +1.7129e+000
114 +9.716156899e+000 +9.716156899e+000 +2.295961569e+002 +2.295961569e+002 -3.1172e-001 +6.0120e-002 -4.1702e+000 -2.8128e+000 -1.0272e+000 -4.4590e-001 +1.0166e+000 -6.6366e-001 +4.3414e+000 +2.6571e+000
128 +9.114773510e+000 +9.114773510e+000 +2.289947735e+002 +2.289947735e+002 +1.1198e+000 +2.2418e+000 -1.9689e+000 +1.9630e+000 +5.1144e-001 -2.4821e+000 -1.5042e+000 -1.2277e-001 +3.7673e+000 -6.4558e-001
203 +5.918416004e+000 +5.918416004e+000 +2.257984160e+002 +2.257984160e+002 -6.4763e-001 +7.3335e-001 -5.3595e+000 -1.9625e+000 -7.8695e-001 +9.2971e-001 +2.1206e+000 +1.3254e+000 +1.7929e+000 +1.0315e+000
754 +5.611995131e+000 +5.611995131e+000 +2.254919951e+002 +2.254919951e+002 +9.3393e-003 +1.3868e+000 -1.5719e+000 -4.2583e-001 -1.7118e+000 +9.5293e-001 +1.2576e-001 -5.8430e-001 +3.6207e-001 +4.9211e-001
945 +4.963916564e+000 +4.963916564e+000 +2.248439166e+002 +2.248439166e+002 +2.0639e-001 +1.1356e+000 -3.6408e+000 -4.7269e-002 -3.5262e+000 -2.7247e-001 +6.3754e-001 +1.5385e-001 +2.1324e+000 -7.5610e-001
2438 +4.142009322e+000 +4.142009322e+000 +2.240220093e+002 +2.240220093e+002 -4.9486e-001 -8.2450e-001 -1.8354e+000 +4.4658e-001 +8.9626e-001 -7.4056e-001 +7.7541e-002 -3.1635e-001 +1.2241e+000 -3.9315e-001
2781 +3.930164329e+000 +3.930164329e+000 +2.238101643e+002 +2.238101643e+002 -9.1206e-001 +7.8915e-001 -3.3761e+000 +7.7632e-001 -2.8091e-001 +4.9376e-002 +1.0236e+000 -8.0995e-001 +1.5169e+000 -7.9509e-001
2926 +3.714164316e+000 +3.714164316e+000 +2.235941643e+002 +2.235941643e+002 -6.6454e-001 -9.4221e-001 -6.1461e-002 +6.5738e-001 -3.5052e-001 -1.0725e+000 -2.6554e+000 -8.0116e-001 +8.8910e-001 -7.4431e-001
3381 +3.370138210e+000 +3.370138210e+000 +2.232501382e+002 +2.232501382e+002 -5.5114e-001 -8.1934e-001 -4.8771e-001 -7.0802e-002 +6.3223e-001 -3.4656e-001 -1.1019e+000 +1.5183e+000 +1.7022e+000 -4.4973e-001
3678 +2.406359447e+000 +2.406359447e+000 +2.222863594e+002 +2.222863594e+002 +1.5847e-003 -5.8236e-002 -9.3164e-001 -7.3953e-001 +7.5420e-001 +1.0211e-001 -1.8403e-001 -1.8115e-001 +1.0826e+000 +2.4789e-001
8733 +2.279038297e+000 +2.279038297e+000 +2.221590383e+002 +2.221590383e+002 -4.2919e-001 +9.3389e-001 -6.3204e-001 -1.2140e+000 -4.0720e-001 +1.1153e+000 -9.8520e-001 -6.1786e-001 -2.6912e-001 +2.2765e+000
40609 +2.180959064e+000 +2.180959064e+000 +2.220609591e+002 +2.220609591e+002 -1.7403e+000 -1.1413e-001 -1.0461e+000 +1.3157e+000 -8.9663e-001 +2.2657e+000 -3.1822e-001 -1.4351e-001 +6.6887e-001 -7.8552e-001
48062 +2.124962334e+000 +2.124962334e+000 +2.220049623e+002 +2.220049623e+002 -1.1919e+000 +6.6148e-001 -7.7034e-001 +1.4555e+000 -1.6010e+000 -5.0315e-001 +1.1848e-001 -1.4879e-001 +1.5865e+000 +1.3257e-001
66731 +1.546155306e+000 +1.546155306e+000 +2.214261553e+002 +2.214261553e+002 +5.2802e-001 -1.4531e-001 -9.6628e-001 -2.1706e+000 -2.0897e-001 +5.9380e-001 -7.9260e-001 -7.6603e-001 +3.1327e+000 +5.8866e-003
327489 +1.365545884e+000 +1.365545884e+000 +2.212455459e+002 +2.212455459e+002 +1.7160e+000 +2.7412e-001 +6.4002e-001 -5.4898e-001 -3.2090e-001 +3.8186e-001 +1.1099e+000 +6.5469e-002 -1.4036e+000 -5.2612e-002
1193693 +1.046543984e+000 +1.046543984e+000 +2.209265440e+002 +2.209265440e+002 -9.5171e-001 -3.0598e-001 -1.9885e-001 -9.9492e-001 -7.1605e-001 -8.5798e-001 -1.4219e+000 +7.1763e-002 +3.3724e-001 -5.6160e-001
2056376 +9.128645045e-001 +9.128645045e-001 +2.207928645e+002 +2.207928645e+002 -6.0478e-001 -1.7834e-001 -2.2772e+000 -2.9154e-001 -3.7588e-001 -5.9391e-001 +5.1864e-001 +8.3147e-003 +9.7940e-001 +8.2294e-001
4927383 +8.150287473e-001 +8.150287473e-001 +2.206950287e+002 +2.206950287e+002 +1.1495e-001 +2.4805e-001 -2.6898e+000 -9.3500e-001 -1.3220e+000 -1.3465e-001 -8.8503e-002 +1.0427e-001 +1.8564e+000 +3.7280e-001
% function evaluation | noise-free fitness - Fopt (1.543700000000e+002) | best noise-free fitness - Fopt | measured fitness | best measured fitness | x1 | x2...
1 +8.128291806e+001 +8.128291806e+001 +2.356529181e+002 +2.356529181e+002 -1.7913e+000 -9.1088e-001 +2.9493e+000 +2.7342e+000 +1.4927e+000 +5.9521e+000 +6.1019e+000 +1.2817e+000 +4.1899e+000 -2.3770e-002
5 +5.196934201e+001 +5.196934201e+001 +2.063393420e+002 +2.063393420e+002 -2.0391e+000 +1.4315e+000 -1.9606e+000 +2.2386e+000 +3.6609e-001 +7.9260e-001 +2.1026e+000 +9.0468e+000 +2.0486e+000 +1.2548e+000
15 +3.433079249e+001 +3.433079249e+001 +1.887007925e+002 +1.887007925e+002 +1.5610e-001 +2.2619e+000 -2.6910e-001 +2.5627e+000 +9.7177e-001 +1.9517e+000 +3.6050e+000 +3.8085e+000 +2.1914e+000 +5.1555e-001
56 +2.362408582e+001 +2.362408582e+001 +1.779940858e+002 +1.779940858e+002 -2.0040e+000 +3.3422e+000 -3.3639e+000 +5.1168e-002 +2.6483e+000 +4.1053e+000 +1.4104e+000 +2.9558e+000 +3.6421e+000 +2.9528e-001
64 +1.820788962e+001 +1.820788962e+001 +1.725778896e+002 +1.725778896e+002 -1.9243e+000 -3.0229e-002 +3.6220e+000 +9.9963e-001 -4.1409e-002 +6.5103e-001 +4.0650e+000 -1.7313e+000 -3.0726e-002 +2.6585e+000
101 +1.538007623e+001 +1.538007623e+001 +1.697500762e+002 +1.697500762e+002 -2.1937e+000 +9.6614e-001 -3.0009e+000 +5.8638e-001 +1.9508e+000 -6.2193e-001 -3.7137e+000 +1.2158e-001 +5.1867e+000 +5.4669e-001
140 +1.249659317e+001 +1.249659317e+001 +1.668665932e+002 +1.668665932e+002 -1.1227e+000 +3.7894e-001 +8.4433e-001 -5.5310e-001 +1.7060e+000 -1.9183e-002 +8.0629e-001 +5.4399e+000 +5.9292e-001 +4.1412e-001
189 +1.225626546e+001 +1.225626546e+001 +1.666262655e+002 +1.666262655e+002 -1.5501e+000 -8.7067e-002 -1.3852e+000 +1.1988e+000 +9.3474e-001 +2.0577e+000 +1.4609e+000 +2.7500e+000 +7.1155e-002 +3.3543e+000
241 +1.174712824e+001 +1.174712824e+001 +1.661171282e+002 +1.661171282e+002 -1.8646e-001 +1.8935e+000 -1.9159e+000 +1.2662e+000 +7.8959e-002 +7.1000e-001 +2.7544e-001 -5.3189e-001 +1.4974e+000 -1.2158e+000
265 +9.224367365e+000 +9.224367365e+000 +1.635943674e+002 +1.635943674e+002 -1.4011e+000 +9.9043e-001 -1.2958e+000 +5.4534e-001 +2.7238e+000 +1.2538e+000 +1.7868e+000 +3.8038e+000 -2.1964e-001 +8.4260e-001
307 +8.028965635e+000 +8.028965635e+000 +1.623989656e+002 +1.623989656e+002 -8.4072e-001 +2.1413e+000 -9.6065e-001 +2.1988e-001 +2.1907e+000 +1.7099e+000 +7.5899e-001 +2.6754e+000 -7.3854e-001 +3.5782e-001
427 +7.462844754e+000 +7.462844754e+000 +1.618328448e+002 +1.618328448e+002 -6.2362e-001 +9.8621e-001 -1.1311e+000 -2.6230e-001 +2.4631e+000 -4.8677e-001 +1.0481e-001 +6.1593e-001 +2.3185e-001 -7.7280e-002
546 +6.954998421e+000 +6.954998421e+000 +1.613249984e+002 +1.613249984e+002 -8.3388e-001 +2.1995e+000 -1.2050e+000 -3.8477e-001 +1.7128e-001 +1.2549e+000 -4.1798e-001 +2.6032e-001 -7.9949e-002 -1.6260e-001
636 +5.588709182e+000 +5.588709182e+000 +1.599587092e+002 +1.599587092e+002 -7.4877e-001 +2.0913e+000 -2.2335e+000 -1.1973e-001 +1.0983e+000 +9.9839e-001 +9.7573e-001 +3.3326e-001 -1.5415e+000 -3.0733e-001
730 +4.685525761e+000 +4.685525761e+000 +1.590555258e+002 +1.590555258e+002 +2.5941e+000 +1.3594e+000 -1.0243e+000 -8.0380e-001 +1.4132e+000 +6.3947e-001 -4.3783e-002 +1.3625e+000 -3.6145e-001 -1.7463e-001
1134 +2.870255682e+000 +2.870255682e+000 +1.572402557e+002 +1.572402557e+002 +3.6444e-001 -2.9449e-002 -7.2162e-001 -9.3687e-001 +5.4994e-001 -2.1267e+000 -6.9954e-001 +1.4103e+000 +7.9278e-001 -8.4031e-001
5692 +2.681743272e+000 +2.681743272e+000 +1.570517433e+002 +1.570517433e+002 -1.0705e+000 -8.7593e-001 -8.6920e-001 +9.4649e-001 +3.8500e-001 +8.6288e-001 +1.5430e-001 +1.0319e-001 -8.7638e-001 +5.5404e-001
22684 +2.464641731e+000 +2.464641731e+000 +1.568346417e+002 +1.568346417e+002 -5.1473e-001 -1.0566e+000 +1.2201e+000 +2.8312e-001 +4.0033e-001 +9.6224e-001 +3.6169e-001 -1.0553e-001 +2.5555e-001 +1.2490e+000
27960 +2.438296971e+000 +2.438296971e+000 +1.568082970e+002 +1.568082970e+002 -9.3366e-001 -5.4348e-001 +5.9092e-001 +2.6980e-001 +2.0975e+000 -9.0638e-001 +1.6595e+000 +1.1239e+000 -2.9239e-002 +8.5171e-002
46001 +2.262015833e+000 +2.262015833e+000 +1.566320158e+002 +1.566320158e+002 +1.7517e+000 -5.7549e-001 -1.2618e+000 -1.0778e+000 +4.2339e-001 +1.6900e+000 -3.3172e-001 -1.2007e+000 -3.6153e-001 +2.2529e+000
56828 +1.988893067e+000 +1.988893067e+000 +1.563588931e+002 +1.563588931e+002 -8.2118e-002 +8.0307e-001 -1.7208e+000 +3.6267e-001 -2.9818e-001 -7.9477e-001 +7.1830e-001 +2.6688e-001 +8.0400e-001 +1.6516e+000
81313 +1.840824564e+000 +1.840824564e+000 +1.562108246e+002 +1.562108246e+002 +1.5612e+000 +1.3299e-002 -1.9174e-001 -9.0313e-001 -4.2411e-001 +2.0027e-001 -5.7141e-001 +5.2268e-001 -2.4757e-001 +9.2495e-001
83697 +1.311014520e+000 +1.311014520e+000 +1.556810145e+002 +1.556810145e+002 +1.7817e+000 -4.4588e-001 +3.2507e-001 +8.0109e-001 -1.3929e+000 -9.3020e-001 -4.0705e-002 +5.7185e-001 +3.3780e-001 +1.9924e+000
1671556 +9.958394772e-001 +9.958394772e-001 +1.553658395e+002 +1.553658395e+002 +1.4605e+000 -4.5694e-001 +9.3525e-001 +7.1124e-002 -9.2161e-001 +1.9215e-001 -1.2290e+000 -1.5318e-001 -1.3937e+000 -4.0287e-001
2150119 +9.037890232e-001 +9.037890232e-001 +1.552737890e+002 +1.552737890e+002 +8.7944e-001 +3.0895e-001 -1.1774e-001 -1.2121e+000 +2.2880e-001 -3.6028e-001 +9.4017e-001 -8.9851e-001 +4.2810e-001 +1.6238e-002
% function evaluation | noise-free fitness - Fopt (-1.217500000000e+002) | best noise-free fitness - Fopt | measured fitness | best measured fitness | x1 | x2...
1 +3.634023558e+001 +3.634023558e+001 -8.540976442e+001 -8.540976442e+001 +2.5520e+000 -1.0081e+000 +5.7188e-001 -2.2763e+000 -3.7702e-001 -3.8825e+000 +3.4379e+000 -4.0560e+000 +3.7506e+000 +3.1392e+000
29 +1.861688488e+001 +1.861688488e+001 -1.031331151e+002 -1.031331151e+002 +4.7765e-001 -2.9642e+000 +1.1143e+000 -9.0445e-001 -7.6525e-001 -3.2188e-001 -2.4159e+000 -3.4061e+000 +3.7379e+000 +1.3792e+000
77 +1.063151849e+001 +1.063151849e+001 -1.111184815e+002 -1.111184815e+002 +4.2565e-001 -3.8505e-001 +2.4716e+000 +5.1808e-001 +1.6104e+000 -2.2434e+000 +3.3393e+000 -1.6744e+000 +2.2929e+000 +2.0388e+000
195 +1.026558417e+001 +1.026558417e+001 -1.114844158e+002 -1.114844158e+002 +8.3725e-001 -1.1207e+000 +1.8810e+000 +4.2124e-001 -7.8594e-001 -3.3020e+000 -3.5735e-001 -1.5161e+000 +3.5366e+000 +2.7039e+000
243 +9.531229259e+000 +9.531229259e+000 -1.122187707e+002 -1.122187707e+002 +8.1761e-001 -1.1892e+000 +1.3417e+000 -5.6689e-001 -3.4103e-001 -5.4909e-001 -4.5310e+000 -1.9310e+000 +8.1530e-003 +1.5850e+000
252 +8.679762845e+000 +8.679762845e+000 -1.130702372e+002 -1.130702372e+002 -3.2987e-001 -9.6954e-001 -1.1497e-002 +2.3691e+000 -1.0781e-001 -8.7507e-001 +4.2479e-001 -1.2290e+000 +1.8574e+000 +1.3583e+000
403 +7.411153305e+000 +7.411153305e+000 -1.143388467e+002 -1.143388467e+002 +7.9709e-001 -2.7306e-001 +8.4391e-001 -4.6110e-001 +9.2797e-001 -9.2726e-001 +2.5269e+000 +7.5944e-001 +1.2571e-002 +2.0319e+000
419 +6.084005781e+000 +6.084005781e+000 -1.156659942e+002 -1.156659942e+002 +5.9566e-002 -9.9293e-001 +1.1165e-001 -6.3472e-001 -4.7078e-001 -9.0240e-001 +1.1949e+000 -1.6579e+000 -2.0905e-001 +7.7425e-001
509 +6.007141595e+000 +6.007141595e+000 -1.157428584e+002 -1.157428584e+002 +3.4682e-001 -5.2457e-001 -2.6118e+000 -3.8570e-001 -6.4829e-001 -9.9866e-001 -1.0520e+000 +3.3245e-001 -1.4089e-001 +3.1764e-001
543 +4.576620469e+000 +4.576620469e+000 -1.171733795e+002 -1.171733795e+002 +5.3827e-001 +3.8102e-002 +8.4812e-001 +8.5905e-002 -6.3925e-001 -5.3388e-001 +7.1374e-001 -2.5446e+000 -7.2792e-001 +1.8992e+000
588 +4.272680398e+000 +4.272680398e+000 -1.174773196e+002 -1.174773196e+002 +2.6987e-001 -5.2959e-001 +1.4384e-001 -3.3658e-001 -7.1419e-001 -8.4576e-001 -5.1901e-001 -2.6964e-001 -4.1943e-001 +5.4485e-001
1045 +4.183599636e+000 +4.183599636e+000 -1.175664004e+002 -1.175664004e+002 -9.8698e-001 -2.1493e+000 +7.7827e-001 -3.1420e-002 -1.0303e+000 -1.2101e+000 -7.8002e-001 -7.0683e-001 -4.7953e-001 +3.3288e-001
1899 +3.418235710e+000 +3.418235710e+000 -1.183317643e+002 -1.183317643e+002 +4.8495e-001 -1.2528e+000 +4.0384e-001 +1.5983e-001 +2.8919e-001 -2.2568e-001 -1.3622e+000 -1.9273e-001 -4.4838e-001 +1.0726e+000
5635 +3.337065640e+000 +3.337065640e+000 -1.184129344e+002 -1.184129344e+002 -3.5183e-001 -1.4739e+000 +2.0836e+000 +4.9234e-001 +1.6019e-001 -1.4680e+000 -1.0762e+000 +6.0436e-001 -7.3170e-001 +1.0341e+000
15965 +3.146623775e+000 +3.146623775e+000 -1.186033762e+002 -1.186033762e+002 +2.4067e+000 -9.2202e-001 -2.1956e-001 +6.0684e-001 -1.7146e+000 -1.7046e+000 +9.6018e-001 +4.9835e-001 +9.2896e-001 +3.9725e-001
20017 +2.545470799e+000 +2.545470799e+000 -1.192045292e+002 -1.192045292e+002 -6.3533e-001 +2.7642e-001 +1.0062e-001 +2.0783e-001 -4.7190e-001 -1.4550e+000 +6.9328e-001 -1.8063e+000 -9.5895e-001 -9.3541e-001
27067 +2.348941591e+000 +2.348941591e+000 -1.194010584e+002 -1.194010584e+002 +6.4932e-001 -1.5465e-001 -4.8272e-001 +7.7304e-001 +1.1506e-001 -3.7803e-001 +5.8899e-001 -1.1617e-001 -3.4890e-001 +8.8301e-001
38656 +2.259645456e+000 +2.259645456e+000 -1.194903545e+002 -1.194903545e+002 -3.5457e-001 -1.2290e+000 +2.8904e-001 +3.6346e-001 +2.3363e+000 -6.3321e-003 +5.7639e-001 +8.3302e-002 +2.8382e-001 +8.1974e-001
60467 +2.160505741e+000 +2.160505741e+000 -1.195894943e+002 -1.195894943e+002 +3.0645e-001 -1.7367e-001 +1.5334e+000 -4.0720e-001 +5.7540e-001 -2.3130e+000 +1.6284e+000 -5.8007e-001 +1.3955e+000 -2.6598e-002
63890 +1.270431927e+000 +1.270431927e+000 -1.204795681e+002 -1.204795681e+002 +3.9696e-001 -1.4403e+000 +6.9160e-001 +1.7428e-001 -3.6769e-001 +2.2681e-001 -4.7480e-001 -3.1396e-001 -1.9648e-001 +7.2286e-001
917488 +1.166276026e+000 +1.166276026e+000 -1.205837240e+002 -1.205837240e+002 +3.2592e-001 -2.5559e+000 +7.9678e-001 +7.6702e-001 -7.7074e-001 -3.2171e+000 -6.5423e-001 -8.2209e-001 -2.7506e-001 -5.4658e-002
3157875 +8.196139674e-001 +8.196139674e-001 -1.209303860e+002 -1.209303860e+002 +2.6486e-001 -7.0751e-001 +9.4914e-001 -3.4040e-001 +4.7275e-001 -1.3057e-001 +5.1180e-001 +4.2101e-001 +8.6438e-001 +4.8647e-001
% function evaluation | noise-free fitness - Fopt (1.630000000000e+001) | best noise-free fitness - Fopt | measured fitness | best measured fitness | x1 | x2...
1 +1.291792100e+002 +1.291792100e+002 +1.454792100e+002 +1.454792100e+002 -2.1378e+000 -1.3920e+000 +6.6260e+000 +1.5366e+000 +2.7802e-001 +3.9491e+000 -6.2370e-001 +4.9890e+000 -2.3634e+000 -3.8998e+000
2 +7.363644985e+001 +7.363644985e+001 +8.993644985e+001 +8.993644985e+001 -3.9172e+000 -1.9830e+000 +1.0154e-001 +1.6463e+000 +6.4686e+000 -2.1689e+000 -3.1210e+000 +7.4454e+000 -1.4214e+000 -1.2293e+000
7 +5.074818871e+001 +5.074818871e+001 +6.704818871e+001 +6.704818871e+001 -3.1615e+000 +5.5088e-001 -1.6840e+000 -2.3818e+000 +9.6937e-001 -3.4408e+000 +2.0677e+000 +4.8207e+000 +6.3753e-001 -3.9728e+000
11 +2.889273299e+001 +2.889273299e+001 +4.519273299e+001 +4.519273299e+001 -9.7715e-002 +1.4908e+000 +4.1228e+000 -4.2998e-001 +3.0312e+000 -2.0121e+000 -2.6793e-001 +2.9846e+000 -1.5875e+000 -2.4630e+000
14 +9.483735680e+000 +9.483735680e+000 +2.578373568e+001 +2.578373568e+001 -6.3399e-001 +1.2039e+000 -1.3872e+000 -2.3660e+000 +7.3113e-001 +1.3898e+000 +1.0136e+000 +1.2302e+000 +4.3341e-001 -5.1225e-001
122 +8.694498351e+000 +8.694498351e+000 +2.499449835e+001 +2.499449835e+001 -1.4151e+000 -2.1566e+000 -4.0149e-001 -5.8259e-001 +3.5678e-001 +1.1943e+000 +1.9596e+000 +1.4107e+000 -1.1156e+000 -1.5980e+000
181 +8.379821089e+000 +8.379821089e+000 +2.467982109e+001 +2.467982109e+001 -6.6331e-001 -3.0357e+000 -1.8616e+000 +3.3864e-002 +1.5576e+000 -9.8826e-001 +3.5642e+000 +8.5329e-001 -9.1312e-001 -1.5487e+000
285 +7.090248940e+000 +7.090248940e+000 +2.339024894e+001 +2.339024894e+001 -1.3439e+000 -5.9374e+000 -4.6043e-001 +1.9211e+000 +3.0773e-001 -1.1289e+000 +1.6766e+000 +6.4180e-001 -2.2576e+000 +7.5431e-001
302 +4.454599760e+000 +4.454599760e+000 +2.075459976e+001 +2.075459976e+001 -1.4094e+000 -1.9706e+000 -4.6418e-001 +1.4218e+000 +4.3826e-001 +4.9804e-001 -1.2125e+000 +5.5831e-001 -1.7401e+000 +4.5751e-001
668 +4.130463268e+000 +4.130463268e+000 +2.043046327e+001 +2.043046327e+001 -6.5909e-001 -1.1059e+000 -2.8972e-001 -1.0413e+000 +1.0135e+000 -1.9455e-001 +2.6165e+000 +8.2679e-001 -1.2578e-001 +7.5917e-001
672 +3.911230956e+000 +3.911230956e+000 +2.021123096e+001 +2.021123096e+001 -5.3438e-001 -2.0317e+000 +2.9166e-001 -2.0794e-001 -1.0085e-002 -1.9421e+000 +2.1463e+000 +5.6305e-001 +4.7780e-001 +2.7790e-001
1179 +2.746996256e+000 +2.746996256e+000 +1.904699626e+001 +1.904699626e+001 +2.4069e-001 -1.1973e+000 -3.3592e-001 -1.6035e-002 -1.4986e-001 -1.0075e+000 +8.5008e-001 +5.9619e-001 -5.4166e-001 -7.8986e-001
37424 +2.520246309e+000 +2.520246309e+000 +1.882024631e+001 +1.882024631e+001 +5.9342e-002 +1.2624e+000 -2.3445e-001 +6.1329e-002 -6.1123e-001 -1.0568e+000 -3.8180e-001 +4.0112e-001 -1.4235e+000 +7.0925e-001
68904 +2.450903486e+000 +2.450903486e+000 +1.875090349e+001 +1.875090349e+001 -4.9631e-001 +6.4072e-001 -5.1563e-001 +5.6694e-001 +8.0751e-001 -7.8787e-001 -1.2898e-001 +6.7813e-002 -1.4985e+000 -1.5379e+000
76287 +2.290183820e+000 +2.290183820e+000 +1.859018382e+001 +1.859018382e+001 -5.4713e-001 -6.6008e-001 -1.0985e+000 +7.4422e-001 -1.9085e-001 -5.7681e-001 +1.0451e+000 -2.4808e-002 -7.4360e-001 -1.3770e-001
90245 +2.174160977e+000 +2.174160977e+000 +1.847416098e+001 +1.847416098e+001 -2.1518e+000 +3.6083e-001 -4.3577e-002 -2.2911e-003 +9.5283e-001 -2.0139e+000 +1.1674e+000 -1.0331e-001 -2.5571e+000 +2.4720e-001
103521 +1.893704607e+000 +1.893704607e+000 +1.819370461e+001 +1.819370461e+001 +2.1009e-001 +6.9542e-001 -1.4649e+000 -1.4037e+000 -1.2224e-001 +1.5662e-001 +3.5281e-001 +2.0237e-001 -3.2978e-001 +1.0051e+000
170001 +1.603157440e+000 +1.603157440e+000 +1.790315744e+001 +1.790315744e+001 -2.1522e+000 -4.6676e-001 -5.6066e-001 -7.6010e-001 -4.2457e-003 +4.5092e-001 +3.1516e-001 +5.4875e-001 -2.4066e-001 +1.5096e+000
288339 +1.051011921e+000 +1.051011921e+000 +1.735101192e+001 +1.735101192e+001 +2.1760e-001 -4.6102e-003 +6.3378e-001 -3.2926e-001 +3.9885e-001 +1.4490e-001 -8.4499e-002 -3.8560e-001 -2.8371e-003 +3.2652e-001
1564439 +8.725997044e-001 +8.725997044e-001 +1.717259970e+001 +1.717259970e+001 +5.4498e-001 -1.4526e+000 +1.1609e+000 +2.8481e-001 +1.1648e+000 -5.6562e-001 +1.4600e+000 +5.9940e-001 -4.2843e-001 +1.3020e+000
4847548 +8.375236139e-001 +8.375236139e-001 +1.713752361e+001 +1.713752361e+001 -3.3487e-001 -7.3414e-002 -2.0178e-001 -3.1810e-001 +2.9939e-002 -8.6603e-002 +4.9357e-002 +2.5002e-001 -7.9959e-002 +3.2120e-001
% function evaluation | noise-free fitness - Fopt (-2.839700000000e+002) | best noise-free fitness - Fopt | measured fitness | best measured fitness | x1 | x2...
1 +1.986081232e+002 +1.986081232e+002 -8.536187677e+001 -8.536187677e+001 -7.0994e+000 -2.7699e+000 -4.4347e+000 +9.0836e+000 +3.6399e+000 +4.6023e+000 +3.8145e+000 -4.0835e+000 +3.6537e+000 +5.8062e+000
3 +1.829714698e+002 +1.829714698e+002 -1.009985302e+002 -1.009985302e+002 -5.4587e+000 -3.2513e+000 -2.2065e+000 +6.7455e+000 +1.4516e+000 +1.8794e+000 +6.8276e+000 -5.4431e+000 +6.8099e-001 +3.8645e+000
6 +1.623460789e+002 +1.623460789e+002 -1.216239211e+002 -1.216239211e+002 +2.3773e+000 -6.8694e+000 -1.7128e+000 +5.5762e+000 +3.8535e+000 +3.2224e+000 +3.9513e+000 -3.0720e+000 +8.9406e-001 +3.2631e+000
7 +1.502031957e+002 +1.502031957e+002 -1.337668043e+002 -1.337668043e+002 -1.5788e+000 -5.0571e+000 -2.8327e+000 +5.2733e+000 +2.9306e+000 +5.3325e+000 +5.0488e-001 -5.4881e+000 +5.1429e-001 +5.0046e+000
8 +1.083124606e+002 +1.083124606e+002 -1.756575394e+002 -1.756575394e+002 -1.3272e+000 -5.5609e+000 -6.5502e-001 +1.8569e+000 +2.5491e+000 +4.9427e+000 +5.7899e+000 -5.0568e+000 -1.6428e+000 +2.1112e+000
10 +9.505594251e+001 +9.505594251e+001 -1.889140575e+002 -1.889140575e+002 +5.4416e-001 -2.9581e+000 -4.5650e+000 +4.6704e+000 +3.7070e+000 +3.3208e+000 +3.7924e+000 -1.3802e+000 +1.7480e+000 +4.1612e+000
19 +7.581160657e+001 +7.581160657e+001 -2.081583934e+002 -2.081583934e+002 -2.9632e+000 -3.6543e+000 -3.6826e+000 +4.0911e+000 +2.5343e+000 +2.8990e+000 +4.9299e+000 -2.7455e+000 +1.2141e+000 +4.7606e+000
28 +7.045632373e+001 +7.045632373e+001 -2.135136763e+002 -2.135136763e+002 -6.4543e+000 -2.2348e+000 -1.6652e+000 +7.6018e+000 +3.7630e+000 +6.1193e+000 +1.8597e+000 -8.6770e-001 +7.3909e-001 +3.3323e+000
53 +5.630068933e+001 +5.630068933e+001 -2.276693107e+002 -2.276693107e+002 +2.6070e+000 -9.6232e-001 -1.4850e+000 +2.0740e+000 -7.8848e-001 +2.7990e+000 +3.8148e+000 -1.4439e+000 +3.3325e-001 +4.2807e+000
55 +4.675916401e+001 +4.675916401e+001 -2.372108360e+002 -2.372108360e+002 -3.7470e+000 -5.4674e-001 -2.8825e+000 +4.3255e+000 +5.9455e+000 +1.4780e+000 +2.8036e+000 -1.7024e+000 -8.8728e-001 +3.6830e+000
57 +4.191700595e+001 +4.191700595e+001 -2.420529940e+002 -2.420529940e+002 -2.5214e+000 -2.6020e+000 -1.1639e+000 +5.4280e+000 +2.7720e+000 +3.0934e+000 +2.4054e+000 -2.1010e+000 +1.2421e+000 +3.7459e+000
62 +3.549803346e+001 +3.549803346e+001 -2.484719665e+002 -2.484719665e+002 -4.2100e+000 -3.1057e+000 -3.2083e+000 +4.8764e+000 +2.7498e+000 +2.9611e+000 +2.9092e+000 -6.5758e-001 +1.3827e+000 +4.3666e+000
81 +2.743920640e+001 +2.743920640e+001 -2.565307936e+002 -2.565307936e+002 -5.4919e+000 -2.0070e+000 +7.5027e-001 +1.8170e+000 +8.2190e-001 +4.8602e+000 +7.6045e-001 +1.8519e+000 +1.2841e+000 +3.3145e+000
92 +2.438365461e+001 +2.438365461e+001 -2.595863454e+002 -2.595863454e+002 -2.4792e+000 -3.3210e+000 -3.5797e+000 +4.6153e+000 +8.7029e+000 +3.4806e+000 +2.2191e+000 +1.0899e+001 +4.0310e+000 +2.9552e+000
103 +2.289450075e+001 +2.289450075e+001 -2.610754993e+002 -2.610754993e+002 -3.5847e+000 +2.2229e-002 -3.4832e-001 +4.0753e+000 +3.2190e+000 +3.6708e+000 +2.4036e+000 -6.4869e-001 +1.3136e+000 +3.0884e+000
118 +2.132331315e+001 +2.132331315e+001 -2.626466868e+002 -2.626466868e+002 -3.3286e+000 -1.2358e+000 -3.1163e+000 +5.0674e+000 +3.7572e+000 +4.1117e+000 +2.5968e-002 +1.1217e+000 +2.0203e+000 +3.7105e+000
123 +1.831297413e+001 +1.831297413e+001 -2.656570259e+002 -2.656570259e+002 -3.6907e+000 +1.0303e-001 -2.6717e-002 +3.8545e+000 +3.0468e+000 +2.8694e+000 -5.8294e-002 +5.4683e-001 +8.8845e-001 -1.3515e+000
148 +1.708341820e+001 +1.708341820e+001 -2.668865818e+002 -2.668865818e+002 -2.6024e+000 -1.0131e+000 -1.2571e+000 +3.5658e+000 +2.8605e+000 +3.8080e+000 -6.5462e-001 -1.5622e+000 +2.3540e+000 +2.0382e+000
152 +9.308348335e+000 +9.308348335e+000 -2.746616517e+002 -2.746616517e+002 -2.7603e+000 -2.4236e+000 -2.0662e-001 +2.5726e+000 +4.5927e+000 +3.6940e+000 +1.3750e+000 +6.2607e+000 -3.8461e-002 +2.3578e+000
281 +5.022338026e+000 +5.022338026e+000 -2.789476620e+002 -2.789476620e+002 -2.8898e+000 -9.0640e-001 +3.0983e-001 +3.2346e+000 +2.9395e+000 +2.3550e+000 -5.8900e-003 +1.9884e+000 +4.1644e-001 +6.8282e-001
1346 +4.753209478e+000 +4.753209478e+000 -2.792167905e+002 -2.792167905e+002 -1.8012e+000 -1.0324e+000 -6.4589e-001 +1.1507e-002 +1.6997e+000 +6.6022e-001 +2.6609e-001 +1.1248e+000 +3.6464e-001 +2.9234e-002
1412 +3.128789731e+000 +3.128789731e+000 -2.808412103e+002 -2.808412103e+002 -1.3213e+000 -1.4776e+000 +1.2745e-001 +2.0526e-001 +2.9616e+000 +5.2348e-001 +4.6145e-001 +1.3308e+000 +3.3411e-001 +9.8749e-001
5107 +3.084617630e+000 +3.084617630e+000 -2.808853824e+002 -2.808853824e+002 +1.2406e-001 -2.6171e-001 -6.9319e-002 -1.2170e+000 -8.7119e-001 -1.0419e+000 -2.8371e-001 -5.9989e-001 -1.6511e+000 +6.7368e-001
6112 +1.716076192e+000 +1.716076192e+000 -2.822539238e+002 -2.822539238e+002 -8.7269e-001 -2.4669e-002 +8.6831e-001 +3.0922e-002 +1.1129e+000 -1.6264e+000 -3.4517e-001 -1.0426e+000 +2.9377e-001 +1.8044e-001
664807 +1.441587533e+000 +1.441587533e+000 -2.825284125e+002 -2.825284125e+002 +3.8093e-001 +2.4465e+000 +1.3851e+000 -1.2244e+000 +2.7912e-001 +8.9232e-001 +1.0689e-001 -6.5848e-001 +2.3237e+000 +1.7405e-001
816397 +1.031792118e+000 +1.031792118e+000 -2.829382079e+002 -2.829382079e+002 -3.1720e-001 +6.0532e-002 +1.4240e+000 -1.1016e-001 -1.9574e+000 +5.8171e-002 +1.6694e-002 -6.8683e-001 -1.1533e-002 -1.1228e+000
1799861 +1.020983372e+000 +1.020983372e+000 -2.829490166e+002 -2.829490166e+002 -7.9457e-001 -1.9312e-001 +8.8381e-001 -8.7514e-001 -9.2387e-002 -2.2999e-001 +2.0515e-001 -7.4139e-001 +3.7723e-001 -1.2262e+000
3603776 +9.697212603e-001 +9.697212603e-001 -2.830002787e+002 -2.830002787e+002 -1.2367e+000 +1.1331e-001 +5.8849e-001 -5.5879e-001 +4.6040e-001 +4.8466e-002 +2.5602e-002 -5.1285e-001 -6.7224e-001 +1.7591e-001
% function evaluation | noise-free fitness - Fopt (1.094000000000e+002) | best noise-free fitness - Fopt | measured fitness | best measured fitness | x1 | x2...
1 +1.750568190e+002 +1.750568190e+002 +2.844568190e+002 +2.844568190e+002 -5.2623e+000 +5.1312e+000 +7.1593e-002 -6.1231e+000 +4.5545e-001 +2.3252e+000 +5.6587e+000 -4.2805e+000 -4.9430e+000 +2.7380e-001
2 +1.208270787e+002 +1.208270787e+002 +2.302270787e+002 +2.302270787e+002 -2.9212e+000 -7.1411e-001 -2.1158e+000 -4.8020e+000 +5.7332e+000 +1.0624e+000 -3.8792e+000 -4.4489e+000 +3.4192e+000 -1.8605e+000
6 +1.093771004e+002 +1.093771004e+002 +2.187771004e+002 +2.187771004e+002 -2.3487e+000 +2.9002e+000 -4.7029e+000 -1.3017e+000 +1.9780e+000 +4.5599e+000 +1.4692e+000 -5.1783e+000 +7.8087e+000 +3.4166e-001
11 +6.455063350e+001 +6.455063350e+001 +1.739506335e+002 +1.739506335e+002 -6.1910e+000 +5.5072e+000 -2.4441e-001 -5.0767e+000 +1.1371e+000 -1.5524e+000 +1.7591e+000 -1.9716e+000 +1.8909e+000 -1.4195e+000
13 +5.339478441e+001 +5.339478441e+001 +1.627947844e+002 +1.627947844e+002 -2.6677e+000 +2.8002e+000 -6.2421e-001 -4.8935e+000 +2.2618e+000 +5.7629e-001 +3.6622e+000 -2.1974e+000 +3.6812e+000 -2.2574e+000
54 +4.554446892e+001 +4.554446892e+001 +1.549444689e+002 +1.549444689e+002 +2.1562e+000 -2.0142e+000 -3.6516e-001 -2.8073e+000 +2.5908e+000 -2.1003e+000 +6.2089e+000 -1.7631e+000 +4.7051e+000 -3.1926e+000
56 +3.226995898e+001 +3.226995898e+001 +1.416699590e+002 +1.416699590e+002 +3.0926e+000 +1.9884e+000 +1.5980e+000 -2.9143e+000 +1.7722e+000 +7.9175e-001 +2.0126e+000 -1.5447e+000 +4.1758e+000 -2.6182e+000
108 +2.454733409e+001 +2.454733409e+001 +1.339473341e+002 +1.339473341e+002 -8.5995e-001 -8.3063e-001 -3.1745e+000 -2.6046e+000 +4.8633e-001 +5.2548e-001 +2.8974e+000 -7.7882e-001 +2.6191e+000 -1.8842e+000
110 +2.211815739e+001 +2.211815739e+001 +1.315181574e+002 +1.315181574e+002 -6.2936e-002 -1.1789e-001 -9.1003e-001 -2.7206e+000 +1.5396e+000 +3.2506e+000 +3.5259e+000 -2.0944e+000 +1.8262e+000 -2.3246e+000
137 +1.609251264e+001 +1.609251264e+001 +1.254925126e+002 +1.254925126e+002 -1.6296e+000 +1.8084e+000 -6.1828e-001 -3.1250e+000 -6.8073e-001 +1.5940e+000 +2.4742e+000 -2.0368e+000 +1.9672e+000 +9.9685e-001
200 +1.252339412e+001 +1.252339412e+001 +1.219233941e+002 +1.219233941e+002 -2.3564e-002 -2.3001e+000 -3.1998e+000 -3.1128e+000 -6.2396e-001 +4.5989e-002 +1.6013e+000 -1.4887e+000 +1.1948e+000 -5.5929e-001
270 +5.595093964e+000 +5.595093964e+000 +1.149950940e+002 +1.149950940e+002 -5.1284e-001 -1.4966e+000 -3.5323e-001 -1.3546e+000 +8.7016e-001 +5.3646e-001 +8.6850e-001 -2.4049e+000 +2.5680e+000 -7.9462e-002
452 +5.170571053e+000 +5.170571053e+000 +1.145705711e+002 +1.145705711e+002 +5.9251e-001 -2.4738e-001 +3.3394e-001 -8.8279e-001 -5.9251e-001 +9.0029e-001 +1.7058e+000 -1.8339e-001 -5.1937e-001 +1.5544e+000
831 +4.143519157e+000 +4.143519157e+000 +1.135435192e+002 +1.135435192e+002 -2.0840e-002 +7.4589e-001 +4.3889e-001 +1.0785e+000 +9.1533e-001 -8.3501e-001 -1.7907e+000 -1.1803e+000 +8.4528e-001 +1.5486e+000
2325 +3.965840884e+000 +3.965840884e+000 +1.133658409e+002 +1.133658409e+002 -1.5423e+000 -1.1783e+000 +9.0581e-002 -3.6260e-002 -4.1286e-001 +6.7055e-001 +7.1351e-001 -1.2647e+000 -1.2225e-001 +1.4754e+000
2669 +3.551991021e+000 +3.551991021e+000 +1.129519910e+002 +1.129519910e+002 -6.0282e-001 -1.5571e+000 +1.0203e+000 -6.0749e-001 -7.8279e-001 +3.6451e-001 +4.2008e-001 -4.4376e-001 +1.0345e+000 -1.9408e-001
3568 +2.110891866e+000 +2.110891866e+000 +1.115108919e+002 +1.115108919e+002 -3.6060e-001 -1.2551e+000 -1.1733e+000 -2.4768e-001 -4.8333e-001 +3.9044e-001 -1.7947e+000 -6.5940e-002 -6.8738e-001 -4.3704e-001
6281 +2.028609237e+000 +2.028609237e+000 +1.114286092e+002 +1.114286092e+002 +2.7914e-001 +1.3867e-001 +7.0283e-001 -4.6665e-001 +1.1104e+000 -3.8237e-001 -6.5446e-001 -3.1150e-001 -3.8101e-001 +1.0293e+000
39848 +1.675284577e+000 +1.675284577e+000 +1.110752846e+002 +1.110752846e+002 +6.2183e-001 +7.8381e-001 +2.9274e-001 +4.0186e-001 +9.5011e-001 -5.1984e-001 -2.9272e-001 -3.0061e+000 -1.5740e+000 +8.4621e-001
201409 +1.076554125e+000 +1.076554125e+000 +1.104765541e+002 +1.104765541e+002 -3.5225e-001 +1.4226e+000 +7.6200e-001 -2.4473e-001 +9.7501e-001 +4.0812e-001 -1.1013e+000 +9.6218e-002 +7.2216e-002 +2.0582e+000
3156351 +9.312034250e-001 +9.312034250e-001 +1.103312034e+002 +1.103312034e+002 -4.8249e-001 +8.7905e-003 +5.1493e-001 +3.9171e-001 -3.8138e-001 +3.7822e-001 +3.1462e-001 +7.5659e-001 -5.6076e-001 -3.4737e-001
8514815 +8.269894582e-001 +8.269894582e-001 +1.102269895e+002 +1.102269895e+002 +7.6515e-002 +8.2785e-001 -1.0605e+000 -8.2658e-001 +1.9324e-001 -3.7568e-001 +7.8505e-001 +7.0467e-001 -4.6048e-001 +1.4561e+000
8855547 +7.470911472e-001 +7.470911472e-001 +1.101470911e+002 +1.101470911e+002 +3.2351e-001 +8.4561e-001 -1.3378e-001 +1.4105e-001 +4.7112e-001 -8.1667e-001 -3.5300e-001 -4.0292e-001 -1.4352e+000 +1.6086e+000
% function evaluation | noise-free fitness - Fopt (-5.755000000000e+001) | best noise-free fitness - Fopt | measured fitness | best measured fitness | x1 | x2...
1 +8.000674900e+002 +8.000674900e+002 +7.425174900e+002 +7.425174900e+002 -1.9530e+000 +1.6822e+001 +4.3628e+000 -4.2261e-001 -5.6121e+000 -2.1522e+000 +1.0168e+001 +1.1799e+000 +1.3127e+000 -1.8669e+000
2 +5.886695473e+001 +5.886695473e+001 +1.316954734e+000 +1.316954734e+000 -6.0808e+000 +5.5130e+000 -3.5656e+000 -5.8229e+000 +2.0117e+000 -1.3252e+000 +4.4756e+000 +5.1424e-001 +7.4700e-001 -1.2562e+000
5 +5.274752479e+001 +5.274752479e+001 -4.802475210e+000 -4.802475210e+000 +2.6631e+000 +3.0206e+000 -2.6056e+000 -5.4147e+000 -2.8389e+000 -2.5753e+000 +4.8082e-001 +1.4435e+000 +1.7256e+000 +6.2931e-001
52 +2.027955640e+001 +2.027955640e+001 -3.727044360e+001 -3.727044360e+001 -2.9820e+000 +3.5810e+000 -1.6958e+000 -1.9526e+000 +3.5609e-001 +1.4103e+000 +3.0007e+000 +9.1697e-001 -2.3822e-001 -9.0699e-002
111 +1.560365126e+001 +1.560365126e+001 -4.194634874e+001 -4.194634874e+001 -2.9741e+000 +2.4353e+000 -1.2381e+000 -2.7666e+000 -8.9452e-001 +2.7992e+000 +4.0653e+000 +1.9286e+000 +2.2395e+000 -6.7739e-001
141 +1.159974325e+001 +1.159974325e+001 -4.595025675e+001 -4.595025675e+001 -2.9999e+000 +2.6002e+000 +1.8942e+000 -2.2099e+000 -8.2978e-001 -1.2878e+000 +3.4325e+000 +2.1749e+000 +1.6691e+000 -6.8427e-003
276 +8.934581757e+000 +8.934581757e+000 -4.861541824e+001 -4.861541824e+001 -1.3722e+000 +2.1872e+000 -2.0116e+000 -9.0419e-001 -4.5089e-001 -1.1124e+000 +2.9167e+000 -1.0324e+000 -3.4164e-001 -9.8523e-002
309 +7.539530613e+000 +7.539530613e+000 -5.001046939e+001 -5.001046939e+001 -3.1353e+000 +1.8165e+000 -1.4970e-001 -7.1368e-001 -2.4110e-001 -1.5899e+000 +2.0729e+000 +5.2090e-001 -3.3153e-001 +3.9264e-001
344 +7.284692566e+000 +7.284692566e+000 -5.026530743e+001 -5.026530743e+001 -1.0748e+000 +1.6566e+000 -1.1703e+000 -5.6460e-001 -2.6608e-001 -5.6827e-001 +1.4148e+000 +1.4681e+000 +4.2229e-001 -1.9366e-001
372 +6.377027109e+000 +6.377027109e+000 -5.117297289e+001 -5.117297289e+001 -6.1224e-001 +1.7320e+000 -2.2401e-001 -3.2922e-001 -5.3015e-001 +6.7316e-001 +1.6189e+000 -1.5673e-001 -2.7314e-001 +1.5917e+000
452 +5.131710774e+000 +5.131710774e+000 -5.241828923e+001 -5.241828923e+001 -1.4319e+000 +1.0590e+000 +1.2707e-001 -3.4038e-001 +4.1581e-001 -2.0811e-001 +1.6710e+000 -1.5694e-001 +1.5162e+000 +1.1553e+000
606 +1.411730483e+000 +1.411730483e+000 -5.613826952e+001 -5.613826952e+001 -6.9372e-001 -5.4951e-001 -3.1471e-001 -1.1570e+000 -7.1563e-002 -4.0426e-001 +8.8241e-001 +1.0446e+000 +1.6235e+000 +4.0042e-001
184556 +1.159114510e+000 +1.159114510e+000 -5.639088549e+001 -5.639088549e+001 +6.2776e-002 +5.6739e-001 -2.3359e-001 -2.8868e-001 -1.0468e+000 -1.1461e+000 -4.6018e-001 +1.0601e-001 -8.0436e-001 +7.3998e-001
3742155 +1.053245655e+000 +1.053245655e+000 -5.649675434e+001 -5.649675434e+001 +9.7887e-001 +3.5709e-001 -3.8965e-001 -2.6647e-001 +3.7803e-001 -1.2816e-001 -1.5398e+000 -4.6524e-001 -6.6589e-001 +1.2058e+000
5521398 +1.006910245e+000 +1.006910245e+000 -5.654308975e+001 -5.654308975e+001 -1.0914e+000 -2.3093e-001 +2.7800e-001 +1.0863e-001 -2.9733e-001 +5.7621e-001 +8.1349e-001 +2.1488e-001 -1.9899e+000 +5.0306e-001
6570980 +8.460524768e-001 +8.460524768e-001 -5.670394752e+001 -5.670394752e+001 -1.0967e+000 +5.4660e-001 +6.3522e-001 -1.0282e+000 +1.0485e+000 +1.1054e+000 +1.0032e-001 +1.8053e-001 +8.0216e-001 +9.1586e-001
% function evaluation | noise-free fitness - Fopt (-1.883200000000e+002) | best noise-free fitness - Fopt | measured fitness | best measured fitness | x1 | x2...
1 +8.240118102e+002 +8.240118102e+002 +6.356918102e+002 +6.356918102e+002 -8.8451e+000 +1.3109e+000 -5.0892e+000 -1.4279e+001 +5.4873e+000 -4.8205e+000 -3.9711e+000 +1.8780e+000 +5.7179e+000 +2.8368e+000
4 +1.487524971e+002 +1.487524971e+002 -3.956750288e+001 -3.956750288e+001 -1.4949e+000 -2.1262e-001 +1.0214e+000 -3.3222e+000 -2.5539e+000 -3.6442e+000 -6.6181e+000 +3.6892e+000 +3.0178e+000 +5.4297e+000
5 +5.253097571e+001 +5.253097571e+001 -1.357890243e+002 -1.357890243e+002 -3.0379e+000 -3.1178e+000 -2.0480e+000 +4.8780e-001 -2.1066e+000 -2.9098e+000 +3.3699e+000 +4.5574e+000 +3.7422e+000 +3.6773e+000
11 +1.621050988e+001 +1.621050988e+001 -1.721094901e+002 -1.721094901e+002 -2.8175e+000 -2.0162e+000 -2.0695e+000 -1.5232e+000 -5.5642e-001 -2.8328e+000 -3.6028e+000 +2.6591e-001 +1.4594e+000 +6.0334e-001
23 +1.509934690e+001 +1.509934690e+001 -1.732206531e+002 -1.732206531e+002 +5.7361e-001 -3.4609e-001 -2.9987e+000 -1.8990e-001 -1.6012e+000 -7.9853e-001 +1.2920e+000 +1.3997e+000 +3.3170e+000 +3.1495e+000
64 +1.405034616e+001 +1.405034616e+001 -1.742696538e+002 -1.742696538e+002 -9.9345e-001 -9.5116e-001 -3.8020e+000 -3.6660e-001 +1.7561e+000 -1.3237e+000 +8.1572e-001 +3.8668e+000 +1.6708e+000 +6.2235e-002
68 +1.293525494e+001 +1.293525494e+001 -1.753847451e+002 -1.753847451e+002 -1.2964e-001 -7.3074e-001 -2.4964e+000 -2.3949e+000 -2.4840e-001 -2.4950e+000 -1.5328e+000 +2.3639e+000 +2.0335e+000 +6.5237e-001
99 +1.250055460e+001 +1.250055460e+001 -1.758194454e+002 -1.758194454e+002 -1.0634e+000 -7.2788e-002 -9.3379e-001 -2.6405e+000 -4.3060e-001 -3.7136e+000 -1.3210e+000 -9.2779e-002 +2.2564e+000 +6.5814e-002
111 +1.165750871e+001 +1.165750871e+001 -1.766624913e+002 -1.766624913e+002 -1.1966e+000 -1.5637e+000 -2.2390e+000 -2.6716e+000 -8.2083e-001 -3.4490e+000 -2.8830e-001 +1.6183e+000 +2.2376e+000 +5.7939e-001
155 +1.017874487e+001 +1.017874487e+001 -1.781412551e+002 -1.781412551e+002 +2.2515e-001 -1.5537e+000 -8.4977e-001 -2.5408e+000 +2.1085e+000 -1.9748e+000 +2.3150e-001 +1.4475e+000 -7.8865e-001 -3.1256e+000
157 +6.532973421e+000 +6.532973421e+000 -1.817870266e+002 -1.817870266e+002 -1.5864e+000 -3.4034e+000 +2.1298e+000 -3.5688e+000 -4.5075e-001 -1.6748e+000 -2.7617e-001 +3.9657e-002 +6.3192e-001 +2.8908e+000
267 +5.004796448e+000 +5.004796448e+000 -1.833152036e+002 -1.833152036e+002 +3.3880e-001 -2.7540e-001 -1.1422e+000 -2.3555e+000 -1.3176e-001 -6.4137e-001 -1.1999e+000 +1.6703e+000 +3.2310e-001 +5.2498e-001
717 +4.589908162e+000 +4.589908162e+000 -1.837300918e+002 -1.837300918e+002 -8.2920e-001 -7.9011e-001 -7.5034e-001 -7.8359e-001 +4.0730e-001 -2.0457e+000 +5.9936e-001 -1.1459e-001 +2.9217e-001 +1.1014e+000
1088 +4.266896526e+000 +4.266896526e+000 -1.840531035e+002 -1.840531035e+002 +6.6205e-002 +5.4579e-001 -5.6007e-001 -7.9140e-001 -2.1394e-002 -1.8792e+000 +7.6549e-001 -1.0055e-001 -5.0823e-001 -4.5203e-001
1260 +4.207977879e+000 +4.207977879e+000 -1.841120221e+002 -1.841120221e+002 -4.8209e-001 +2.2437e-001 -9.1581e-001 +5.3036e-001 +3.8247e-002 -1.8597e+000 -2.5071e-002 -4.3203e-001 -1.2799e-001 -3.2863e-001
2557 +4.154914270e+000 +4.154914270e+000 -1.841650857e+002 -1.841650857e+002 +1.4967e-001 +1.9379e-001 -1.1784e-001 -1.2811e-001 -9.5260e-001 -1.8190e+000 -9.6654e-001 +1.5660e+000 +7.4636e-002 +3.0207e-001
3001 +3.510508835e+000 +3.510508835e+000 -1.848094912e+002 -1.848094912e+002 -1.5581e-002 -3.7322e-001 -8.7282e-001 -7.2073e-001 -2.0961e-001 -3.5213e-001 +1.0207e+000 +1.2363e-001 -2.2764e-001 -2.3759e-001
3085 +3.419769903e+000 +3.419769903e+000 -1.849002301e+002 -1.849002301e+002 -2.1706e-001 -5.8061e-003 +3.3234e-001 -3.9735e+000 -2.8783e-001 +7.4274e-001 +2.0729e+000 +5.3214e-001 -1.0120e-001 +1.0523e-001
3094 +3.130534677e+000 +3.130534677e+000 -1.851894653e+002 -1.851894653e+002 +2.3175e-001 -2.8841e-001 +1.0472e-001 -1.6614e-001 -1.3384e-001 +1.0548e+000 +1.4891e+000 +2.0666e-001 +2.1765e-001 -1.2815e+000
10411 +3.085169278e+000 +3.085169278e+000 -1.852348307e+002 -1.852348307e+002 -6.1895e-001 -9.6752e-001 +5.2030e-001 -5.1884e-001 -1.4940e-001 -7.5597e-001 +3.7336e-001 -1.5104e-001 -5.6500e-001 -8.4437e-001
14061 +3.001331452e+000 +3.001331452e+000 -1.853186685e+002 -1.853186685e+002 -2.2338e+000 -9.8674e-001 +1.6493e+000 -5.9877e-001 +9.8664e-001 -3.1678e+000 -1.0807e+000 +5.1445e-001 -1.9997e+000 +5.1938e-001
15341 +2.842004365e+000 +2.842004365e+000 -1.854779956e+002 -1.854779956e+002 -1.4074e+000 -8.7276e-001 +3.6785e+000 -1.7319e+000 -8.0656e-001 -2.2656e+000 +3.7926e-001 +9.9749e-001 -6.7358e-001 +6.8137e-001
17779 +2.194259312e+000 +2.194259312e+000 -1.861257407e+002 -1.861257407e+002 -2.3853e+000 -8.4765e-001 +2.5112e+000 -4.0201e+000 -1.0163e+000 -3.0242e+000 +1.1308e+000 -1.8676e+000 -1.2310e+000 +4.4947e-001
23577 +1.900594540e+000 +1.900594540e+000 -1.864194055e+002 -1.864194055e+002 -7.8835e-001 +2.7497e-001 +1.0843e+000 -6.1477e-001 +1.1088e+000 -6.9202e-001 -8.4653e-002 -3.1336e-001 -9.4167e-001 -8.3356e-002
657764 +1.103900557e+000 +1.103900557e+000 -1.872160994e+002 -1.872160994e+002 +5.3279e-001 +7.2438e-001 -9.5932e-001 -4.7317e-001 +1.6070e-001 +2.0614e-001 -3.9327e-001 +1.0062e+000 +2.7334e+000 +3.2763e-001
1763589 +8.348217603e-001 +8.348217603e-001 -1.874851782e+002 -1.874851782e+002 -5.6904e-001 -1.7775e-001 +3.9535e-001 +2.1444e-002 -8.4702e-001 -1.4788e+000 -6.4541e-001 +4.1093e-001 -3.4439e-001 +7.8262e-001
4508624 +5.494808103e-001 +5.494808103e-001 -1.877705192e+002 -1.877705192e+002 +1.9288e-001 -3.1400e-001 -8.2868e-001 +4.1525e-001 +4.7609e-002 +2.4414e-001 +5.8686e-001 -1.0043e-001 -2.6388e-001 -1.8929e-002
