% function evaluation | noise-free fitness - Fopt (2.997000000000e+001) | best noise-free fitness - Fopt | measured fitness | best measured fitness | x1 | x2...
1 +3.127066005e+003 +3.127066005e+003 +3.157036005e+003 +3.157036005e+003 -2.4362e+000 -5.2331e+000 +2.3380e+000 +5.4121e+000 -2.0110e+000
2 +2.140717757e+003 +2.140717757e+003 +2.170687757e+003 +2.170687757e+003 -3.3819e+000 -2.5222e+000 -2.3038e+000 +3.4147e+000 -5.0846e+000
3 +1.150753805e+003 +1.150753805e+003 +1.180723805e+003 +1.180723805e+003 -2.1650e-001 -2.6041e+000 -3.0878e+000 +1.7644e+000 -2.2957e-001
7 +8.427148509e+002 +8.427148509e+002 +8.726848509e+002 +8.726848509e+002 -1.6821e+000 -3.2187e+000 -1.8866e+000 -1.6703e+000 +1.4971e-001
26 +3.712322929e+002 +3.712322929e+002 +4.012022929e+002 +4.012022929e+002 +2.2098e+000 -3.4940e+000 -3.1499e+000 -1.8542e+000 -3.2315e-001
102 +3.559127120e+002 +3.559127120e+002 +3.858827120e+002 +3.858827120e+002 +1.5303e+000 -1.6137e+000 -3.4664e+000 -6.4562e-001 +1.8950e+000
104 +3.300676531e+002 +3.300676531e+002 +3.600376531e+002 +3.600376531e+002 +3.0852e-001 -2.7009e+000 -3.7959e+000 -1.8943e+000 +6.8118e-001
149 +2.488398883e+002 +2.488398883e+002 +2.788098883e+002 +2.788098883e+002 +1.2711e+000 -5.0915e+000 -4.2591e+000 -2.0090e+000 +9.9684e-001
179 +2.107402723e+002 +2.107402723e+002 +2.407102723e+002 +2.407102723e+002 +8.4013e-001 -3.0750e+000 -4.1093e+000 -1.3627e+000 +2.4424e+000
251 +7.703058845e+001 +7.703058845e+001 +1.070005884e+002 +1.070005884e+002 +3.7727e-001 -1.0948e+000 -3.4989e+000 -1.8946e+000 +2.9029e+000
323 +5.013147564e+001 +5.013147564e+001 +8.010147564e+001 +8.010147564e+001 +7.8234e-001 -1.1934e+000 -3.6070e+000 -1.8331e+000 +3.0570e+000
340 +4.597560179e+001 +4.597560179e+001 +7.594560179e+001 +7.594560179e+001 +6.9509e-001 -1.7464e+000 -3.6480e+000 -2.1206e+000 +2.8929e+000
413 +4.437159620e+001 +4.437159620e+001 +7.434159620e+001 +7.434159620e+001 +8.4962e-001 -1.2552e+000 -3.4343e+000 -1.8367e+000 +3.0114e+000
499 +4.118782685e+001 +4.118782685e+001 +7.115782685e+001 +7.115782685e+001 +5.4395e-001 -1.1841e+000 -3.4111e+000 -1.8829e+000 +3.1990e+000
541 +1.775620453e+001 +1.775620453e+001 +4.772620453e+001 +4.772620453e+001 +6.5956e-001 -1.2446e+000 -3.4934e+000 -1.9731e+000 +3.1708e+000
703 +1.511338844e+001 +1.511338844e+001 +4.508338844e+001 +4.508338844e+001 +7.3915e-001 -1.5789e+000 -3.6582e+000 -1.9387e+000 +3.1953e+000
770 +1.437192147e+001 +1.437192147e+001 +4.434192147e+001 +4.434192147e+001 +7.0440e-001 -1.3022e+000 -3.5035e+000 -1.9400e+000 +3.1588e+000
783 +1.100714035e+001 +1.100714035e+001 +4.097714035e+001 +4.097714035e+001 +7.0768e-001 -1.2438e+000 -3.5012e+000 -1.9353e+000 +3.2244e+000
856 +9.591052167e+000 +9.591052167e+000 +3.956105217e+001 +3.956105217e+001 +6.9243e-001 -1.1983e+000 -3.5003e+000 -1.9304e+000 +3.2520e+000
869 +9.137846930e+000 +9.137846930e+000 +3.910784693e+001 +3.910784693e+001 +6.9121e-001 -1.2530e+000 -3.5144e+000 -1.9345e+000 +3.2307e+000
883 +8.341841477e+000 +8.341841477e+000 +3.831184148e+001 +3.831184148e+001 +7.0190e-001 -1.2279e+000 -3.5220e+000 -1.9228e+000 +3.2261e+000
896 +6.850787605e+000 +6.850787605e+000 +3.682078761e+001 +3.682078761e+001 +6.8695e-001 -1.2148e+000 -3.5141e+000 -1.9168e+000 +3.2884e+000
908 +6.084736714e+000 +6.084736714e+000 +3.605473671e+001 +3.605473671e+001 +6.9613e-001 -1.2330e+000 -3.5190e+000 -1.9099e+000 +3.2777e+000
914 +4.780292415e+000 +4.780292415e+000 +3.475029242e+001 +3.475029242e+001 +6.8579e-001 -1.2036e+000 -3.5238e+000 -1.9085e+000 +3.2681e+000
923 +4.065632961e+000 +4.065632961e+000 +3.403563296e+001 +3.403563296e+001 +6.6916e-001 -1.2143e+000 -3.5371e+000 -1.8992e+000 +3.3137e+000
924 +3.611516230e+000 +3.611516230e+000 +3.358151623e+001 +3.358151623e+001 +6.9320e-001 -1.2288e+000 -3.5326e+000 -1.9122e+000 +3.2830e+000
973 +3.283439520e+000 +3.283439520e+000 +3.325343952e+001 +3.325343952e+001 +6.8568e-001 -1.1994e+000 -3.5232e+000 -1.9009e+000 +3.2897e+000
1018 +2.186020487e+000 +2.186020487e+000 +3.215602049e+001 +3.215602049e+001 +6.7759e-001 -1.1883e+000 -3.5262e+000 -1.8939e+000 +3.3059e+000
1160 +1.815507288e+000 +1.815507288e+000 +3.178550729e+001 +3.178550729e+001 +6.7384e-001 -1.1820e+000 -3.5286e+000 -1.8982e+000 +3.3076e+000
1180 +1.285827007e+000 +1.285827007e+000 +3.125582701e+001 +3.125582701e+001 +6.7794e-001 -1.1949e+000 -3.5325e+000 -1.8970e+000 +3.3078e+000
1228 +1.246853550e+000 +1.246853550e+000 +3.121685355e+001 +3.121685355e+001 +6.8172e-001 -1.1953e+000 -3.5320e+000 -1.8970e+000 +3.3064e+000
1256 +1.207238352e+000 +1.207238352e+000 +3.117723835e+001 +3.117723835e+001 +6.8161e-001 -1.1940e+000 -3.5318e+000 -1.8944e+000 +3.3085e+000
1273 +1.160962521e+000 +1.160962521e+000 +3.113096252e+001 +3.113096252e+001 +6.8034e-001 -1.1934e+000 -3.5320e+000 -1.8942e+000 +3.3084e+000
1362 +1.080322896e+000 +1.080322896e+000 +3.105032290e+001 +3.105032290e+001 +6.8065e-001 -1.1922e+000 -3.5322e+000 -1.8952e+000 +3.3091e+000
1383 +9.698163799e-001 +9.698163799e-001 +3.093981638e+001 +3.093981638e+001 +6.7965e-001 -1.1925e+000 -3.5325e+000 -1.8956e+000 +3.3098e+000
1386 +9.389033895e-001 +9.389033895e-001 +3.090890339e+001 +3.090890339e+001 +6.8004e-001 -1.1929e+000 -3.5324e+000 -1.8950e+000 +3.3105e+000
1404 +8.810211248e-001 +8.810211248e-001 +3.085102112e+001 +3.085102112e+001 +6.7961e-001 -1.1927e+000 -3.5325e+000 -1.8952e+000 +3.3101e+000
1471 +8.602199679e-001 +8.602199679e-001 +3.083021997e+001 +3.083021997e+001 +6.7980e-001 -1.1936e+000 -3.5325e+000 -1.8952e+000 +3.3098e+000
1552 +8.436491770e-001 +8.436491770e-001 +3.081364918e+001 +3.081364918e+001 +6.7974e-001 -1.1933e+000 -3.5326e+000 -1.8951e+000 +3.3099e+000
1854 +8.313715657e-001 +8.313715657e-001 +3.080137157e+001 +3.080137157e+001 +6.7973e-001 -1.1934e+000 -3.5326e+000 -1.8952e+000 +3.3098e+000
% function evaluation | noise-free fitness - Fopt (-5.171000000000e+001) | best noise-free fitness - Fopt | measured fitness | best measured fitness | x1 | x2...
1 +2.339168187e+003 +2.339168187e+003 +2.287458187e+003 +2.287458187e+003 -4.8356e+000 +2.1533e+000 -6.9117e+000 +5.3563e+000 +1.2266e+000
2 +1.846543556e+003 +1.846543556e+003 +1.794833556e+003 +1.794833556e+003 -2.2796e+000 +1.9738e+000 +1.5838e+000 +1.0397e+000 -2.2621e+000
17 +1.123304738e+003 +1.123304738e+003 +1.071594738e+003 +1.071594738e+003 +3.7591e-001 +8.0175e-001 -9.0634e+000 -2.2015e+000 +3.0249e+000
42 +9.216123339e+002 +9.216123339e+002 +8.699023339e+002 +8.699023339e+002 -1.1279e+000 +6.8025e-001 -2.0604e+000 -6.0925e+000 +1.1534e+000
55 +6.341571102e+002 +6.341571102e+002 +5.824471102e+002 +5.824471102e+002 +1.1259e+000 +3.1900e-001 -5.6854e+000 -4.9736e+000 +1.1895e+000
203 +5.614124601e+002 +5.614124601e+002 +5.097024601e+002 +5.097024601e+002 +1.4165e-001 +3.2475e+000 -2.7325e+000 -6.0318e+000 +1.4778e+000
229 +5.384774183e+002 +5.384774183e+002 +4.867674183e+002 +4.867674183e+002 +1.3009e+000 +4.1338e+000 -5.3994e+000 -6.3532e+000 +1.4966e+000
256 +4.961830460e+002 +4.961830460e+002 +4.444730460e+002 +4.444730460e+002 +2.0855e+000 +4.1473e+000 -3.7395e+000 -6.5486e+000 +1.9169e+000
258 +4.677081909e+002 +4.677081909e+002 +4.159981909e+002 +4.159981909e+002 +6.5021e-001 +2.8500e+000 -4.3998e+000 -6.6195e+000 +1.6905e+000
262 +3.304918868e+002 +3.304918868e+002 +2.787818868e+002 +2.787818868e+002 +1.9529e+000 +3.9594e+000 -2.9842e+000 -5.3966e+000 -1.0583e+000
304 +3.174593647e+002 +3.174593647e+002 +2.657493647e+002 +2.657493647e+002 +1.9644e+000 +2.6729e+000 -3.2774e+000 -5.6695e+000 -1.5803e-001
307 +2.998290709e+002 +2.998290709e+002 +2.481190709e+002 +2.481190709e+002 +2.8452e+000 +4.3415e+000 -3.0211e+000 -5.9583e+000 -8.8661e-002
331 +2.842675347e+002 +2.842675347e+002 +2.325575347e+002 +2.325575347e+002 +2.5117e+000 +2.6570e+000 -2.6792e+000 -5.7917e+000 +6.8276e-002
332 +2.677957981e+002 +2.677957981e+002 +2.160857981e+002 +2.160857981e+002 +3.9374e+000 +4.0808e+000 -3.2999e+000 -4.3147e+000 +2.3241e-001
349 +2.104547004e+002 +2.104547004e+002 +1.587447004e+002 +1.587447004e+002 +2.0686e+000 +3.2585e+000 -3.2738e+000 -5.2896e+000 +4.7793e-001
369 +1.013184022e+002 +1.013184022e+002 +4.960840220e+001 +4.960840220e+001 +2.2728e+000 +3.5149e+000 -3.4825e+000 -3.3022e+000 +8.7272e-001
440 +8.452543567e+001 +8.452543567e+001 +3.281543567e+001 +3.281543567e+001 +2.2648e+000 +3.2524e+000 -3.2960e+000 -4.0409e+000 +7.2915e-001
519 +6.713038229e+001 +6.713038229e+001 +1.542038229e+001 +1.542038229e+001 +2.2050e+000 +2.6739e+000 -3.4460e+000 -4.0195e+000 +1.3213e+000
527 +5.959498997e+001 +5.959498997e+001 +7.884989968e+000 +7.884989968e+000 +2.2491e+000 +2.8301e+000 -3.4613e+000 -4.0057e+000 +1.1873e+000
552 +5.607776531e+001 +5.607776531e+001 +4.367765307e+000 +4.367765307e+000 +2.2997e+000 +3.0902e+000 -3.3678e+000 -3.9398e+000 +1.0911e+000
581 +3.903244695e+001 +3.903244695e+001 -1.267755305e+001 -1.267755305e+001 +2.3985e+000 +2.9028e+000 -3.3884e+000 -3.8712e+000 +1.1115e+000
601 +3.523141156e+001 +3.523141156e+001 -1.647858844e+001 -1.647858844e+001 +2.3991e+000 +2.9759e+000 -3.4188e+000 -3.7999e+000 +1.0740e+000
602 +2.210609951e+001 +2.210609951e+001 -2.960390049e+001 -2.960390049e+001 +2.5826e+000 +2.9974e+000 -3.3921e+000 -3.5202e+000 +1.2383e+000
615 +1.692662903e+001 +1.692662903e+001 -3.478337097e+001 -3.478337097e+001 +2.3860e+000 +2.7923e+000 -3.5464e+000 -3.7339e+000 +1.3982e+000
709 +1.586206396e+001 +1.586206396e+001 -3.584793604e+001 -3.584793604e+001 +2.4376e+000 +2.8698e+000 -3.6090e+000 -3.7022e+000 +1.3586e+000
711 +1.527913930e+001 +1.527913930e+001 -3.643086070e+001 -3.643086070e+001 +2.4424e+000 +2.8059e+000 -3.5581e+000 -3.7132e+000 +1.2892e+000
713 +1.362821558e+001 +1.362821558e+001 -3.808178442e+001 -3.808178442e+001 +2.4372e+000 +2.9051e+000 -3.5326e+000 -3.6530e+000 +1.3585e+000
718 +1.151033129e+001 +1.151033129e+001 -4.019966871e+001 -4.019966871e+001 +2.4553e+000 +2.7534e+000 -3.5875e+000 -3.7238e+000 +1.4015e+000
725 +1.115651006e+001 +1.115651006e+001 -4.055348994e+001 -4.055348994e+001 +2.4242e+000 +2.8240e+000 -3.5459e+000 -3.6868e+000 +1.3146e+000
731 +7.074076775e+000 +7.074076775e+000 -4.463592322e+001 -4.463592322e+001 +2.4409e+000 +2.8175e+000 -3.5332e+000 -3.6877e+000 +1.3391e+000
811 +4.661917714e+000 +4.661917714e+000 -4.704808229e+001 -4.704808229e+001 +2.4436e+000 +2.7852e+000 -3.5500e+000 -3.6688e+000 +1.3747e+000
836 +3.901246518e+000 +3.901246518e+000 -4.780875348e+001 -4.780875348e+001 +2.4463e+000 +2.8020e+000 -3.5663e+000 -3.6745e+000 +1.3694e+000
862 +3.640050000e+000 +3.640050000e+000 -4.806995000e+001 -4.806995000e+001 +2.4461e+000 +2.8117e+000 -3.5553e+000 -3.6713e+000 +1.3619e+000
871 +3.556185233e+000 +3.556185233e+000 -4.815381477e+001 -4.815381477e+001 +2.4533e+000 +2.7778e+000 -3.5588e+000 -3.6660e+000 +1.3752e+000
883 +3.480794227e+000 +3.480794227e+000 -4.822920577e+001 -4.822920577e+001 +2.4499e+000 +2.8143e+000 -3.5573e+000 -3.6720e+000 +1.3603e+000
886 +3.265256447e+000 +3.265256447e+000 -4.844474355e+001 -4.844474355e+001 +2.4515e+000 +2.8080e+000 -3.5507e+000 -3.6724e+000 +1.3585e+000
964 +2.896310965e+000 +2.896310965e+000 -4.881368904e+001 -4.881368904e+001 +2.4550e+000 +2.8171e+000 -3.5605e+000 -3.6575e+000 +1.3642e+000
1020 +2.820463807e+000 +2.820463807e+000 -4.888953619e+001 -4.888953619e+001 +2.4505e+000 +2.8037e+000 -3.5509e+000 -3.6633e+000 +1.3625e+000
1062 +2.767846035e+000 +2.767846035e+000 -4.894215396e+001 -4.894215396e+001 +2.4516e+000 +2.8043e+000 -3.5584e+000 -3.6663e+000 +1.3619e+000
1077 +2.593891760e+000 +2.593891760e+000 -4.911610824e+001 -4.911610824e+001 +2.4498e+000 +2.8096e+000 -3.5576e+000 -3.6623e+000 +1.3677e+000
1131 +2.357307090e+000 +2.357307090e+000 -4.935269291e+001 -4.935269291e+001 +2.4493e+000 +2.8018e+000 -3.5587e+000 -3.6641e+000 +1.3685e+000
1135 +2.281138593e+000 +2.281138593e+000 -4.942886141e+001 -4.942886141e+001 +2.4501e+000 +2.7997e+000 -3.5602e+000 -3.6626e+000 +1.3682e+000
1162 +2.087826674e+000 +2.087826674e+000 -4.962217333e+001 -4.962217333e+001 +2.4506e+000 +2.8001e+000 -3.5567e+000 -3.6592e+000 +1.3684e+000
1204 +1.978599603e+000 +1.978599603e+000 -4.973140040e+001 -4.973140040e+001 +2.4509e+000 +2.7985e+000 -3.5595e+000 -3.6624e+000 +1.3704e+000
1222 +1.935086053e+000 +1.935086053e+000 -4.977491395e+001 -4.977491395e+001 +2.4525e+000 +2.8011e+000 -3.5588e+000 -3.6621e+000 +1.3713e+000
1236 +1.870431161e+000 +1.870431161e+000 -4.983956884e+001 -4.983956884e+001 +2.4524e+000 +2.8039e+000 -3.5579e+000 -3.6598e+000 +1.3703e+000
1257 +1.663405416e+000 +1.663405416e+000 -5.004659458e+001 -5.004659458e+001 +2.4569e+000 +2.8007e+000 -3.5583e+000 -3.6568e+000 +1.3694e+000
1285 +1.538157320e+000 +1.538157320e+000 -5.017184268e+001 -5.017184268e+001 +2.4531e+000 +2.8011e+000 -3.5587e+000 -3.6570e+000 +1.3695e+000
1286 +1.497589440e+000 +1.497589440e+000 -5.021241056e+001 -5.021241056e+001 +2.4530e+000 +2.7994e+000 -3.5596e+000 -3.6574e+000 +1.3733e+000
1307 +1.389413810e+000 +1.389413810e+000 -5.032058619e+001 -5.032058619e+001 +2.4551e+000 +2.8007e+000 -3.5584e+000 -3.6564e+000 +1.3703e+000
1405 +1.361817890e+000 +1.361817890e+000 -5.034818211e+001 -5.034818211e+001 +2.4551e+000 +2.8002e+000 -3.5575e+000 -3.6571e+000 +1.3698e+000
1413 +1.345788053e+000 +1.345788053e+000 -5.036421195e+001 -5.036421195e+001 +2.4549e+000 +2.8014e+000 -3.5583e+000 -3.6569e+000 +1.3700e+000
1428 +1.308735430e+000 +1.308735430e+000 -5.040126457e+001 -5.040126457e+001 +2.4544e+000 +2.8008e+000 -3.5585e+000 -3.6568e+000 +1.3703e+000
1455 +1.266297022e+000 +1.266297022e+000 -5.044370298e+001 -5.044370298e+001 +2.4544e+000 +2.8004e+000 -3.5580e+000 -3.6570e+000 +1.3703e+000
1488 +1.255504558e+000 +1.255504558e+000 -5.045449544e+001 -5.045449544e+001 +2.4542e+000 +2.8006e+000 -3.5581e+000 -3.6574e+000 +1.3702e+000
1751 +1.229830069e+000 +1.229830069e+000 -5.048016993e+001 -5.048016993e+001 +2.4542e+000 +2.8003e+000 -3.5583e+000 -3.6572e+000 +1.3704e+000
% function evaluation | noise-free fitness - Fopt (-2.799500000000e+002) | best noise-free fitness - Fopt | measured fitness | best measured fitness | x1 | x2...
1 +3.026828355e+003 +3.026828355e+003 +2.746878355e+003 +2.746878355e+003 -4.5968e+000 +6.5965e-001 -3.1165e+000 -5.0236e+000 +1.1106e+001
2 +5.656625527e+002 +5.656625527e+002 +2.857125527e+002 +2.857125527e+002 -2.8632e+000 -6.3364e+000 -1.2443e+000 -2.3825e-001 -5.5569e-001
70 +4.842688085e+002 +4.842688085e+002 +2.043188085e+002 +2.043188085e+002 -4.4056e+000 -4.6246e+000 +7.0870e-001 -4.7601e-001 -4.3756e+000
131 +4.404793473e+002 +4.404793473e+002 +1.605293473e+002 +1.605293473e+002 -4.1174e+000 -3.9766e+000 +6.2621e+000 -1.7356e-001 -3.9750e+000
139 +3.741422202e+002 +3.741422202e+002 +9.419222018e+001 +9.419222018e+001 -4.1100e+000 -4.7435e+000 +3.2552e+000 -5.2087e-001 -5.4790e-001
153 +2.894149547e+002 +2.894149547e+002 +9.464954699e+000 +9.464954699e+000 -5.2370e+000 -3.2327e+000 +5.5144e+000 -1.4375e+000 -2.0356e+000
173 +2.112909353e+002 +2.112909353e+002 -6.865906467e+001 -6.865906467e+001 -4.4544e+000 -3.1913e+000 +4.1466e+000 -4.2541e-001 -2.1976e+000
188 +1.591135850e+002 +1.591135850e+002 -1.208364150e+002 -1.208364150e+002 -4.0881e+000 -3.4563e+000 +3.6511e+000 -8.2254e-001 -2.2671e+000
269 +1.250272619e+002 +1.250272619e+002 -1.549227381e+002 -1.549227381e+002 -4.0398e+000 -3.4093e+000 +3.2455e+000 -8.2537e-001 -3.1258e+000
284 +1.198662845e+002 +1.198662845e+002 -1.600837155e+002 -1.600837155e+002 -3.8350e+000 -3.7593e+000 +2.6105e+000 -9.6834e-001 -3.0448e+000
331 +9.710355501e+001 +9.710355501e+001 -1.828464450e+002 -1.828464450e+002 -4.2715e+000 -3.4781e+000 +4.1734e+000 -9.8119e-001 -2.9460e+000
333 +6.799442111e+001 +6.799442111e+001 -2.119555789e+002 -2.119555789e+002 -3.8514e+000 -3.6962e+000 +3.6952e+000 -7.7080e-001 -3.2112e+000
352 +5.894332241e+001 +5.894332241e+001 -2.210066776e+002 -2.210066776e+002 -3.6179e+000 -3.8561e+000 +3.5129e+000 -8.8836e-001 -3.0553e+000
477 +4.243659445e+001 +4.243659445e+001 -2.375134056e+002 -2.375134056e+002 -3.7699e+000 -3.8024e+000 +3.7841e+000 -1.0182e+000 -3.3433e+000
488 +2.673331574e+001 +2.673331574e+001 -2.532166843e+002 -2.532166843e+002 -3.8980e+000 -3.7350e+000 +3.5360e+000 -1.0386e+000 -3.3930e+000
546 +2.337866558e+001 +2.337866558e+001 -2.565713344e+002 -2.565713344e+002 -3.9008e+000 -3.7706e+000 +3.4772e+000 -1.1532e+000 -3.4382e+000
566 +2.156649874e+001 +2.156649874e+001 -2.583835013e+002 -2.583835013e+002 -3.7593e+000 -3.7772e+000 +3.5033e+000 -1.1049e+000 -3.3810e+000
594 +1.678831880e+001 +1.678831880e+001 -2.631616812e+002 -2.631616812e+002 -3.8782e+000 -3.7550e+000 +3.5408e+000 -1.1275e+000 -3.4325e+000
637 +1.209778436e+001 +1.209778436e+001 -2.678522156e+002 -2.678522156e+002 -3.8135e+000 -3.7452e+000 +3.6083e+000 -1.1329e+000 -3.4829e+000
652 +8.040025359e+000 +8.040025359e+000 -2.719099746e+002 -2.719099746e+002 -3.8198e+000 -3.7496e+000 +3.5404e+000 -1.1695e+000 -3.5133e+000
662 +7.630114195e+000 +7.630114195e+000 -2.723198858e+002 -2.723198858e+002 -3.8694e+000 -3.7017e+000 +3.6271e+000 -1.1597e+000 -3.5594e+000
697 +6.032849659e+000 +6.032849659e+000 -2.739171503e+002 -2.739171503e+002 -3.8418e+000 -3.7381e+000 +3.5622e+000 -1.1329e+000 -3.5153e+000
701 +3.762674448e+000 +3.762674448e+000 -2.761873256e+002 -2.761873256e+002 -3.8412e+000 -3.7368e+000 +3.5452e+000 -1.1633e+000 -3.5428e+000
815 +3.498263113e+000 +3.498263113e+000 -2.764517369e+002 -2.764517369e+002 -3.8268e+000 -3.7397e+000 +3.5372e+000 -1.1387e+000 -3.5192e+000
824 +3.228921608e+000 +3.228921608e+000 -2.767210784e+002 -2.767210784e+002 -3.8209e+000 -3.7427e+000 +3.5307e+000 -1.1371e+000 -3.5211e+000
848 +3.056601598e+000 +3.056601598e+000 -2.768933984e+002 -2.768933984e+002 -3.8221e+000 -3.7470e+000 +3.5404e+000 -1.1398e+000 -3.5205e+000
857 +2.907732060e+000 +2.907732060e+000 -2.770422679e+002 -2.770422679e+002 -3.8163e+000 -3.7493e+000 +3.5346e+000 -1.1424e+000 -3.5220e+000
881 +2.262457661e+000 +2.262457661e+000 -2.776875423e+002 -2.776875423e+002 -3.8221e+000 -3.7456e+000 +3.5317e+000 -1.1425e+000 -3.5274e+000
1000 +2.229262166e+000 +2.229262166e+000 -2.777207378e+002 -2.777207378e+002 -3.8199e+000 -3.7497e+000 +3.5284e+000 -1.1367e+000 -3.5327e+000
1019 +2.001348186e+000 +2.001348186e+000 -2.779486518e+002 -2.779486518e+002 -3.8180e+000 -3.7507e+000 +3.5288e+000 -1.1385e+000 -3.5278e+000
1020 +1.867742518e+000 +1.867742518e+000 -2.780822575e+002 -2.780822575e+002 -3.8172e+000 -3.7488e+000 +3.5301e+000 -1.1374e+000 -3.5390e+000
1036 +1.805942254e+000 +1.805942254e+000 -2.781440577e+002 -2.781440577e+002 -3.8190e+000 -3.7494e+000 +3.5257e+000 -1.1397e+000 -3.5342e+000
1046 +1.684580786e+000 +1.684580786e+000 -2.782654192e+002 -2.782654192e+002 -3.8135e+000 -3.7502e+000 +3.5316e+000 -1.1359e+000 -3.5342e+000
1051 +1.583160052e+000 +1.583160052e+000 -2.783668399e+002 -2.783668399e+002 -3.8141e+000 -3.7496e+000 +3.5291e+000 -1.1375e+000 -3.5321e+000
1068 +1.511520972e+000 +1.511520972e+000 -2.784384790e+002 -2.784384790e+002 -3.8157e+000 -3.7493e+000 +3.5301e+000 -1.1382e+000 -3.5330e+000
1077 +1.352662645e+000 +1.352662645e+000 -2.785973374e+002 -2.785973374e+002 -3.8158e+000 -3.7503e+000 +3.5310e+000 -1.1402e+000 -3.5336e+000
1082 +1.245252036e+000 +1.245252036e+000 -2.787047480e+002 -2.787047480e+002 -3.8158e+000 -3.7495e+000 +3.5305e+000 -1.1404e+000 -3.5344e+000
1086 +1.164670240e+000 +1.164670240e+000 -2.787853298e+002 -2.787853298e+002 -3.8154e+000 -3.7506e+000 +3.5293e+000 -1.1456e+000 -3.5399e+000
1087 +1.065210557e+000 +1.065210557e+000 -2.788847894e+002 -2.788847894e+002 -3.8138e+000 -3.7514e+000 +3.5301e+000 -1.1410e+000 -3.5362e+000
1130 +9.882691917e-001 +9.882691917e-001 -2.789617308e+002 -2.789617308e+002 -3.8150e+000 -3.7487e+000 +3.5289e+000 -1.1413e+000 -3.5381e+000
1156 +8.589829914e-001 +8.589829914e-001 -2.790910170e+002 -2.790910170e+002 -3.8144e+000 -3.7502e+000 +3.5305e+000 -1.1425e+000 -3.5384e+000
1158 +8.462332260e-001 +8.462332260e-001 -2.791037668e+002 -2.791037668e+002 -3.8136e+000 -3.7501e+000 +3.5302e+000 -1.1417e+000 -3.5410e+000
1163 +7.357606144e-001 +7.357606144e-001 -2.792142394e+002 -2.792142394e+002 -3.8141e+000 -3.7505e+000 +3.5289e+000 -1.1418e+000 -3.5386e+000
1194 +6.297015924e-001 +6.297015924e-001 -2.793202984e+002 -2.793202984e+002 -3.8145e+000 -3.7499e+000 +3.5293e+000 -1.1430e+000 -3.5405e+000
1252 +5.758684305e-001 +5.758684305e-001 -2.793741316e+002 -2.793741316e+002 -3.8147e+000 -3.7495e+000 +3.5292e+000 -1.1433e+000 -3.5407e+000
1431 +5.724562459e-001 +5.724562459e-001 -2.793775438e+002 -2.793775438e+002 -3.8145e+000 -3.7495e+000 +3.5292e+000 -1.1430e+000 -3.5404e+000
1435 +5.551806850e-001 +5.551806850e-001 -2.793948193e+002 -2.793948193e+002 -3.8146e+000 -3.7495e+000 +3.5292e+000 -1.1432e+000 -3.5404e+000
1533 +5.430255593e-001 +5.430255593e-001 -2.794069744e+002 -2.794069744e+002 -3.8145e+000 -3.7495e+000 +3.5292e+000 -1.1433e+000 -3.5407e+000
1664 +5.361973265e-001 +5.361973265e-001 -2.794138027e+002 -2.794138027e+002 -3.8145e+000 -3.7495e+000 +3.5291e+000 -1.1432e+000 -3.5407e+000
% function evaluation | noise-free fitness - Fopt (9.319900000000e+002) | best noise-free fitness - Fopt | measured fitness | best measured fitness | x1 | x2...
1 +1.752592671e+003 +1.752592671e+003 +2.684582671e+003 +2.684582671e+003 +9.0729e+000 +1.1263e+000 +5.3011e+000 +1.5843e-001 -4.6504e-001
6 +1.251165929e+003 +1.251165929e+003 +2.183155929e+003 +2.183155929e+003 +3.7805e+000 +2.9312e+000 +6.7169e+000 -2.2766e+000 -1.1542e+000
14 +1.220640493e+003 +1.220640493e+003 +2.152630493e+003 +2.152630493e+003 +6.1281e+000 -3.7209e+000 +4.0783e+000 -2.4404e+000 +5.4757e+000
26 +1.200771987e+003 +1.200771987e+003 +2.132761987e+003 +2.132761987e+003 +2.0732e+000 -1.1918e+000 +8.4560e+000 +7.6741e-001 -1.1403e-001
33 +5.501622075e+002 +5.501622075e+002 +1.482152208e+003 +1.482152208e+003 +4.1955e+000 -8.8653e-001 +2.4756e+000 -2.4743e+000 +4.5216e+000
53 +4.869123611e+002 +4.869123611e+002 +1.418902361e+003 +1.418902361e+003 +3.6967e+000 -7.9662e-001 +3.7844e+000 +6.5580e-001 +3.7364e+000
60 +4.704259748e+002 +4.704259748e+002 +1.402415975e+003 +1.402415975e+003 +2.8189e+000 +4.3475e-001 +4.9307e+000 -1.0494e+000 +3.2186e+000
72 +3.805784303e+002 +3.805784303e+002 +1.312568430e+003 +1.312568430e+003 +4.1658e+000 +2.0590e+000 +2.9199e+000 -9.5985e-001 +3.2106e+000
127 +2.489777145e+002 +2.489777145e+002 +1.180967715e+003 +1.180967715e+003 +3.3794e+000 +2.4823e+000 +4.5286e+000 -9.4307e-002 +2.4501e+000
276 +2.449261286e+002 +2.449261286e+002 +1.176916129e+003 +1.176916129e+003 +3.1214e+000 +1.7503e+000 +4.2376e+000 -5.5232e-001 +2.8958e+000
318 +2.392168336e+002 +2.392168336e+002 +1.171206834e+003 +1.171206834e+003 +3.2062e+000 +1.4500e+000 +4.0737e+000 -4.4311e-001 +2.8072e+000
364 +2.013215737e+002 +2.013215737e+002 +1.133311574e+003 +1.133311574e+003 +3.1136e+000 +1.7883e+000 +3.8276e+000 -1.9955e-002 +2.7535e+000
411 +1.866337880e+002 +1.866337880e+002 +1.118623788e+003 +1.118623788e+003 +2.9152e+000 +1.2851e+000 +3.4419e+000 -3.8687e-001 +2.7934e+000
427 +1.794224941e+002 +1.794224941e+002 +1.111412494e+003 +1.111412494e+003 +2.7610e+000 +1.4629e+000 +3.2188e+000 -2.7004e-001 +2.5833e+000
437 +1.755411681e+002 +1.755411681e+002 +1.107531168e+003 +1.107531168e+003 +2.6712e+000 +1.1381e+000 +3.3603e+000 -4.2643e-001 +3.0692e+000
438 +1.735102789e+002 +1.735102789e+002 +1.105500279e+003 +1.105500279e+003 +1.9882e+000 +1.2594e+000 +3.3296e+000 -2.9972e-001 +3.0230e+000
439 +1.651680479e+002 +1.651680479e+002 +1.097158048e+003 +1.097158048e+003 +2.6907e+000 +1.3550e+000 +3.5454e+000 +2.1949e-001 +2.6082e+000
454 +1.281205298e+002 +1.281205298e+002 +1.060110530e+003 +1.060110530e+003 +2.4710e+000 +1.3886e+000 +3.3957e+000 -2.4224e-001 +2.5258e+000
478 +1.048201753e+002 +1.048201753e+002 +1.036810175e+003 +1.036810175e+003 +1.8975e+000 +1.3724e+000 +3.1657e+000 -5.5501e-001 +2.0697e+000
497 +8.803816948e+001 +8.803816948e+001 +1.020028169e+003 +1.020028169e+003 +2.0271e+000 +1.3048e+000 +4.1052e+000 +5.4516e-001 +2.1502e+000
512 +7.643746670e+001 +7.643746670e+001 +1.008427467e+003 +1.008427467e+003 +1.8042e+000 +1.1658e+000 +3.4284e+000 +5.6512e-002 +2.3940e+000
539 +5.626698889e+001 +5.626698889e+001 +9.882569889e+002 +9.882569889e+002 +1.7844e+000 +1.1952e+000 +3.5095e+000 -3.8211e-001 +2.2349e+000
590 +4.468686444e+001 +4.468686444e+001 +9.766768644e+002 +9.766768644e+002 +1.7816e+000 +1.2055e+000 +3.4925e+000 -2.8930e-001 +2.2616e+000
666 +3.851503636e+001 +3.851503636e+001 +9.705050364e+002 +9.705050364e+002 +1.6712e+000 +1.3436e+000 +3.4240e+000 -2.6996e-001 +2.2506e+000
691 +2.655381291e+001 +2.655381291e+001 +9.585438129e+002 +9.585438129e+002 +1.6689e+000 +1.2852e+000 +3.4582e+000 -2.0503e-001 +2.1971e+000
735 +2.159835101e+001 +2.159835101e+001 +9.535883510e+002 +9.535883510e+002 +1.5993e+000 +1.2631e+000 +3.4114e+000 -1.9938e-001 +2.1800e+000
808 +1.063456570e+001 +1.063456570e+001 +9.426245657e+002 +9.426245657e+002 +1.4555e+000 +1.0834e+000 +3.3111e+000 -2.3591e-001 +2.1119e+000
1011 +9.657871065e+000 +9.657871065e+000 +9.416478711e+002 +9.416478711e+002 +1.5489e+000 +1.1961e+000 +3.3794e+000 -2.3173e-001 +2.1447e+000
1013 +9.120136193e+000 +9.120136193e+000 +9.411101362e+002 +9.411101362e+002 +1.5366e+000 +1.1607e+000 +3.3914e+000 -2.2045e-001 +2.1453e+000
1069 +8.609589402e+000 +8.609589402e+000 +9.405995894e+002 +9.405995894e+002 +1.5353e+000 +1.1858e+000 +3.3620e+000 -2.1742e-001 +2.1328e+000
1072 +8.178401474e+000 +8.178401474e+000 +9.401684015e+002 +9.401684015e+002 +1.5243e+000 +1.1566e+000 +3.3701e+000 -2.1198e-001 +2.1480e+000
1079 +4.769257432e+000 +4.769257432e+000 +9.367592574e+002 +9.367592574e+002 +1.5079e+000 +1.1505e+000 +3.3530e+000 -2.3046e-001 +2.1320e+000
1222 +4.494190192e+000 +4.494190192e+000 +9.364841902e+002 +9.364841902e+002 +1.5013e+000 +1.1599e+000 +3.3485e+000 -2.5618e-001 +2.1362e+000
1223 +4.151040369e+000 +4.151040369e+000 +9.361410404e+002 +9.361410404e+002 +1.4986e+000 +1.1472e+000 +3.3464e+000 -2.4360e-001 +2.1402e+000
1265 +3.848765808e+000 +3.848765808e+000 +9.358387658e+002 +9.358387658e+002 +1.4974e+000 +1.1567e+000 +3.3496e+000 -2.4670e-001 +2.1362e+000
1305 +3.710216061e+000 +3.710216061e+000 +9.357002161e+002 +9.357002161e+002 +1.4939e+000 +1.1524e+000 +3.3467e+000 -2.5057e-001 +2.1378e+000
1308 +3.395913574e+000 +3.395913574e+000 +9.353859136e+002 +9.353859136e+002 +1.4903e+000 +1.1446e+000 +3.3473e+000 -2.5236e-001 +2.1316e+000
1333 +3.333327738e+000 +3.333327738e+000 +9.353233277e+002 +9.353233277e+002 +1.4953e+000 +1.1500e+000 +3.3427e+000 -2.4994e-001 +2.1363e+000
1352 +3.278784120e+000 +3.278784120e+000 +9.352687841e+002 +9.352687841e+002 +1.4936e+000 +1.1481e+000 +3.3432e+000 -2.5326e-001 +2.1367e+000
1363 +3.217185860e+000 +3.217185860e+000 +9.352071859e+002 +9.352071859e+002 +1.4937e+000 +1.1463e+000 +3.3453e+000 -2.5030e-001 +2.1346e+000
1365 +3.047248843e+000 +3.047248843e+000 +9.350372488e+002 +9.350372488e+002 +1.4935e+000 +1.1483e+000 +3.3427e+000 -2.5046e-001 +2.1347e+000
1376 +2.975558557e+000 +2.975558557e+000 +9.349655586e+002 +9.349655586e+002 +1.4934e+000 +1.1499e+000 +3.3462e+000 -2.4875e-001 +2.1308e+000
1378 +2.854828857e+000 +2.854828857e+000 +9.348448289e+002 +9.348448289e+002 +1.4880e+000 +1.1482e+000 +3.3391e+000 -2.5219e-001 +2.1358e+000
1403 +2.772055232e+000 +2.772055232e+000 +9.347620552e+002 +9.347620552e+002 +1.4913e+000 +1.1516e+000 +3.3436e+000 -2.4982e-001 +2.1315e+000
1412 +2.527125946e+000 +2.527125946e+000 +9.345171259e+002 +9.345171259e+002 +1.4882e+000 +1.1491e+000 +3.3407e+000 -2.4982e-001 +2.1325e+000
1437 +2.483601860e+000 +2.483601860e+000 +9.344736019e+002 +9.344736019e+002 +1.4892e+000 +1.1500e+000 +3.3426e+000 -2.4853e-001 +2.1310e+000
1454 +2.235887738e+000 +2.235887738e+000 +9.342258877e+002 +9.342258877e+002 +1.4867e+000 +1.1496e+000 +3.3436e+000 -2.4943e-001 +2.1296e+000
1477 +2.063736480e+000 +2.063736480e+000 +9.340537365e+002 +9.340537365e+002 +1.4846e+000 +1.1483e+000 +3.3431e+000 -2.4742e-001 +2.1257e+000
1516 +1.964735618e+000 +1.964735618e+000 +9.339547356e+002 +9.339547356e+002 +1.4850e+000 +1.1488e+000 +3.3442e+000 -2.4671e-001 +2.1287e+000
1535 +1.943181251e+000 +1.943181251e+000 +9.339331813e+002 +9.339331813e+002 +1.4854e+000 +1.1469e+000 +3.3439e+000 -2.4588e-001 +2.1289e+000
1538 +1.716789706e+000 +1.716789706e+000 +9.337067897e+002 +9.337067897e+002 +1.4843e+000 +1.1476e+000 +3.3439e+000 -2.4515e-001 +2.1270e+000
1585 +1.581804037e+000 +1.581804037e+000 +9.335718040e+002 +9.335718040e+002 +1.4828e+000 +1.1481e+000 +3.3442e+000 -2.4484e-001 +2.1254e+000
1692 +1.503178547e+000 +1.503178547e+000 +9.334931785e+002 +9.334931785e+002 +1.4820e+000 +1.1481e+000 +3.3443e+000 -2.4477e-001 +2.1254e+000
1776 +1.464046567e+000 +1.464046567e+000 +9.334540466e+002 +9.334540466e+002 +1.4819e+000 +1.1473e+000 +3.3439e+000 -2.4507e-001 +2.1261e+000
1796 +1.444064218e+000 +1.444064218e+000 +9.334340642e+002 +9.334340642e+002 +1.4820e+000 +1.1473e+000 +3.3439e+000 -2.4520e-001 +2.1260e+000
1894 +1.409627678e+000 +1.409627678e+000 +9.333996277e+002 +9.333996277e+002 +1.4818e+000 +1.1473e+000 +3.3440e+000 -2.4492e-001 +2.1257e+000
% function evaluation | noise-free fitness - Fopt (1.133100000000e+002) | best noise-free fitness - Fopt | measured fitness | best measured fitness | x1 | x2...
1 +3.347553859e+003 +3.347553859e+003 +3.460863859e+003 +3.460863859e+003 +9.0724e-001 -8.1956e+000 +5.5977e+000 -6.7970e-001 +3.6286e+000
2 +2.169860618e+003 +2.169860618e+003 +2.283170618e+003 +2.283170618e+003 +4.1706e+000 -2.1297e+000 +3.1201e+000 +3.3460e-001 +5.9130e+000
4 +1.048101049e+003 +1.048101049e+003 +1.161411049e+003 +1.161411049e+003 -1.9008e-001 -1.5925e+000 +1.4616e+000 -4.0043e+000 +3.3369e+000
18 +7.812246614e+002 +7.812246614e+002 +8.945346614e+002 +8.945346614e+002 +4.8583e+000 +2.4204e+000 +1.1258e+000 -7.3562e-001 +2.5643e+000
26 +4.802908857e+002 +4.802908857e+002 +5.936008857e+002 +5.936008857e+002 +1.6800e+000 -4.9046e-001 -1.0340e+000 -2.4962e+000 +9.5409e-001
66 +4.350851744e+002 +4.350851744e+002 +5.483951744e+002 +5.483951744e+002 +9.7125e-001 +1.2687e+000 -2.1477e+000 -9.4133e-001 +2.2669e+000
68 +4.116464703e+002 +4.116464703e+002 +5.249564703e+002 +5.249564703e+002 +2.0393e+000 +2.6115e-001 -1.9030e+000 -2.0697e+000 +2.0776e+000
112 +3.024252068e+002 +3.024252068e+002 +4.157352068e+002 +4.157352068e+002 +2.2013e+000 +2.5824e-001 -2.0185e+000 -1.1824e+000 +1.8471e+000
157 +2.658569907e+002 +2.658569907e+002 +3.791669907e+002 +3.791669907e+002 +2.5729e+000 +1.1589e+000 -1.1759e+000 -3.5218e-002 +2.4431e+000
176 +2.484897193e+002 +2.484897193e+002 +3.617997193e+002 +3.617997193e+002 +2.8452e+000 +4.3994e-001 -3.3051e+000 +1.5634e+000 +1.9937e+000
195 +2.079785765e+002 +2.079785765e+002 +3.212885765e+002 +3.212885765e+002 +2.7208e+000 +1.8107e-001 -2.6684e+000 +2.0586e-001 +2.2775e+000
235 +1.942462727e+002 +1.942462727e+002 +3.075562727e+002 +3.075562727e+002 +2.1498e+000 +1.1973e-001 -2.3608e+000 +8.2278e-001 +1.8976e+000
273 +1.688862767e+002 +1.688862767e+002 +2.821962767e+002 +2.821962767e+002 +2.4212e+000 +1.3689e-001 -2.6426e+000 +4.4659e-001 +1.7618e+000
301 +1.626042808e+002 +1.626042808e+002 +2.759142808e+002 +2.759142808e+002 +2.3806e+000 +1.7780e-002 -2.5850e+000 +4.2039e-001 +1.7866e+000
338 +1.521017772e+002 +1.521017772e+002 +2.654117772e+002 +2.654117772e+002 +2.3080e+000 +3.0419e-001 -2.0884e+000 +1.5119e-001 +1.7192e+000
348 +1.469379532e+002 +1.469379532e+002 +2.602479532e+002 +2.602479532e+002 +2.3428e+000 +2.7955e-001 -1.8157e+000 +3.3150e-001 +1.6184e+000
354 +1.388371756e+002 +1.388371756e+002 +2.521471756e+002 +2.521471756e+002 +2.3052e+000 +7.7627e-001 -1.8064e+000 +1.5058e-001 +1.6755e+000
362 +1.312405712e+002 +1.312405712e+002 +2.445505712e+002 +2.445505712e+002 +2.2758e+000 +6.6240e-001 -1.6867e+000 +1.8203e-001 +1.6338e+000
386 +1.221093593e+002 +1.221093593e+002 +2.354193593e+002 +2.354193593e+002 +2.3529e+000 +8.8157e-001 -1.4209e+000 +5.0838e-002 +1.4078e+000
433 +1.058066598e+002 +1.058066598e+002 +2.191166598e+002 +2.191166598e+002 +2.2453e+000 +1.0717e+000 -1.2680e+000 +3.0299e-001 +1.4981e+000
499 +1.046701325e+002 +1.046701325e+002 +2.179801325e+002 +2.179801325e+002 +2.2562e+000 +9.3249e-001 -1.4197e+000 +4.2854e-001 +1.4779e+000
517 +1.002290478e+002 +1.002290478e+002 +2.135390478e+002 +2.135390478e+002 +2.3295e+000 +9.9487e-001 -1.4242e+000 +2.9709e-001 +1.4865e+000
537 +9.776732108e+001 +9.776732108e+001 +2.110773211e+002 +2.110773211e+002 +2.3752e+000 +9.8048e-001 -1.4091e+000 +4.2070e-001 +1.5360e+000
582 +9.324686728e+001 +9.324686728e+001 +2.065568673e+002 +2.065568673e+002 +2.3075e+000 +1.0148e+000 -1.4718e+000 +5.7913e-001 +1.4705e+000
617 +9.104544149e+001 +9.104544149e+001 +2.043554415e+002 +2.043554415e+002 +2.3330e+000 +1.0758e+000 -1.4955e+000 +5.2789e-001 +1.4954e+000
620 +8.594764273e+001 +8.594764273e+001 +1.992576427e+002 +1.992576427e+002 +2.3376e+000 +1.0588e+000 -1.4903e+000 +4.9701e-001 +1.3428e+000
654 +7.622241942e+001 +7.622241942e+001 +1.895324194e+002 +1.895324194e+002 +2.4203e+000 +1.1009e+000 -1.4217e+000 +5.5131e-001 +1.4541e+000
699 +7.206074994e+001 +7.206074994e+001 +1.853707499e+002 +1.853707499e+002 +2.4351e+000 +1.1782e+000 -1.4700e+000 +5.8605e-001 +1.3985e+000
705 +6.888886965e+001 +6.888886965e+001 +1.821988697e+002 +1.821988697e+002 +2.4556e+000 +1.1199e+000 -1.4788e+000 +5.8751e-001 +1.4010e+000
722 +5.763081966e+001 +5.763081966e+001 +1.709408197e+002 +1.709408197e+002 +2.5661e+000 +1.1579e+000 -1.4786e+000 +6.8539e-001 +1.4360e+000
770 +5.741454392e+001 +5.741454392e+001 +1.707245439e+002 +1.707245439e+002 +2.6756e+000 +1.1549e+000 -1.5270e+000 +6.4258e-001 +1.3646e+000
781 +5.490248705e+001 +5.490248705e+001 +1.682124870e+002 +1.682124870e+002 +2.5724e+000 +1.1026e+000 -1.5074e+000 +6.4287e-001 +1.3387e+000
801 +5.008083853e+001 +5.008083853e+001 +1.633908385e+002 +1.633908385e+002 +2.6158e+000 +1.1329e+000 -1.4388e+000 +6.5129e-001 +1.3517e+000
812 +4.650481124e+001 +4.650481124e+001 +1.598148112e+002 +1.598148112e+002 +2.5931e+000 +1.1804e+000 -1.4577e+000 +7.0311e-001 +1.3501e+000
848 +4.341688468e+001 +4.341688468e+001 +1.567268847e+002 +1.567268847e+002 +2.6726e+000 +1.1534e+000 -1.4767e+000 +7.1554e-001 +1.3484e+000
948 +4.190798975e+001 +4.190798975e+001 +1.552179898e+002 +1.552179898e+002 +2.6450e+000 +1.1771e+000 -1.4595e+000 +7.1564e-001 +1.3230e+000
958 +3.957622920e+001 +3.957622920e+001 +1.528862292e+002 +1.528862292e+002 +2.6250e+000 +1.1749e+000 -1.4407e+000 +7.6115e-001 +1.3368e+000
980 +3.884534322e+001 +3.884534322e+001 +1.521553432e+002 +1.521553432e+002 +2.6367e+000 +1.1662e+000 -1.4562e+000 +7.4535e-001 +1.3156e+000
984 +3.764891172e+001 +3.764891172e+001 +1.509589117e+002 +1.509589117e+002 +2.6666e+000 +1.1610e+000 -1.4892e+000 +7.6363e-001 +1.3226e+000
1046 +3.639131995e+001 +3.639131995e+001 +1.497013199e+002 +1.497013199e+002 +2.6412e+000 +1.1631e+000 -1.4584e+000 +7.8396e-001 +1.3128e+000
1059 +3.590478162e+001 +3.590478162e+001 +1.492147816e+002 +1.492147816e+002 +2.6445e+000 +1.1610e+000 -1.4749e+000 +8.1437e-001 +1.3095e+000
1079 +3.525421251e+001 +3.525421251e+001 +1.485642125e+002 +1.485642125e+002 +2.6447e+000 +1.1876e+000 -1.4463e+000 +7.9125e-001 +1.3222e+000
1108 +3.444839118e+001 +3.444839118e+001 +1.477583912e+002 +1.477583912e+002 +2.6518e+000 +1.1872e+000 -1.4516e+000 +7.9127e-001 +1.3202e+000
1152 +3.377736363e+001 +3.377736363e+001 +1.470873636e+002 +1.470873636e+002 +2.6737e+000 +1.1829e+000 -1.4423e+000 +7.7984e-001 +1.2987e+000
1176 +3.294361214e+001 +3.294361214e+001 +1.462536121e+002 +1.462536121e+002 +2.6557e+000 +1.1954e+000 -1.4439e+000 +7.9315e-001 +1.3053e+000
1180 +3.130799640e+001 +3.130799640e+001 +1.446179964e+002 +1.446179964e+002 +2.6621e+000 +1.2038e+000 -1.4438e+000 +8.1025e-001 +1.3034e+000
1246 +3.050445202e+001 +3.050445202e+001 +1.438144520e+002 +1.438144520e+002 +2.6674e+000 +1.2053e+000 -1.4444e+000 +8.1328e-001 +1.2991e+000
1269 +2.997492063e+001 +2.997492063e+001 +1.432849206e+002 +1.432849206e+002 +2.6744e+000 +1.2001e+000 -1.4366e+000 +8.1896e-001 +1.2894e+000
1305 +2.926466437e+001 +2.926466437e+001 +1.425746644e+002 +1.425746644e+002 +2.6775e+000 +1.2041e+000 -1.4454e+000 +8.1985e-001 +1.2938e+000
1362 +2.728274498e+001 +2.728274498e+001 +1.405927450e+002 +1.405927450e+002 +2.7032e+000 +1.2103e+000 -1.4428e+000 +8.3938e-001 +1.2939e+000
1426 +2.662824252e+001 +2.662824252e+001 +1.399382425e+002 +1.399382425e+002 +2.6961e+000 +1.2148e+000 -1.4501e+000 +8.4047e-001 +1.2929e+000
1450 +2.598298201e+001 +2.598298201e+001 +1.392929820e+002 +1.392929820e+002 +2.7012e+000 +1.2189e+000 -1.4437e+000 +8.4179e-001 +1.2920e+000
1453 +2.560678908e+001 +2.560678908e+001 +1.389167891e+002 +1.389167891e+002 +2.7038e+000 +1.2196e+000 -1.4459e+000 +8.5006e-001 +1.2903e+000
1644 +2.503832591e+001 +2.503832591e+001 +1.383483259e+002 +1.383483259e+002 +2.7017e+000 +1.2201e+000 -1.4446e+000 +8.4919e-001 +1.2934e+000
% function evaluation | noise-free fitness - Fopt (-2.095500000000e+002) | best noise-free fitness - Fopt | measured fitness | best measured fitness | x1 | x2...
1 +1.639831941e+003 +1.639831941e+003 +1.430281941e+003 +1.430281941e+003 -7.9280e-001 +5.3891e+000 +2.7670e+000 +5.0042e+000 +9.9667e-001
2 +1.409023073e+003 +1.409023073e+003 +1.199473073e+003 +1.199473073e+003 -4.4744e+000 +2.1330e+000 +3.4852e+000 +2.7942e+000 +8.1853e-001
5 +1.057508437e+003 +1.057508437e+003 +8.479584367e+002 +8.479584367e+002 -4.6258e+000 +2.4452e+000 +1.6851e+000 +2.5443e+000 -2.2165e-001
7 +9.998702028e+002 +9.998702028e+002 +7.903202028e+002 +7.903202028e+002 -3.6584e+000 +4.1869e+000 +1.0084e+000 -6.7261e-001 +2.8710e+000
12 +8.970744218e+002 +8.970744218e+002 +6.875244218e+002 +6.875244218e+002 -3.7498e+000 +4.9940e+000 -7.2763e-002 -1.7625e-001 +2.9292e+000
19 +7.078948009e+002 +7.078948009e+002 +4.983448009e+002 +4.983448009e+002 -4.9256e+000 +4.2404e+000 +1.3932e-001 -6.1489e-001 +2.0145e-001
33 +4.642690888e+002 +4.642690888e+002 +2.547190888e+002 +2.547190888e+002 -4.6574e+000 +2.8719e+000 -1.9433e+000 -5.8630e-001 +1.5218e+000
111 +4.239169263e+002 +4.239169263e+002 +2.143669263e+002 +2.143669263e+002 -3.3850e+000 +3.6132e+000 -6.6127e-001 -2.1617e+000 -2.3709e-001
112 +3.647803233e+002 +3.647803233e+002 +1.552303233e+002 +1.552303233e+002 -4.0743e+000 +3.0500e+000 -1.2589e+000 -1.0451e+000 +1.4935e-001
169 +3.588756049e+002 +3.588756049e+002 +1.493256049e+002 +1.493256049e+002 -3.7159e+000 +3.6307e+000 -1.1401e+000 -2.2968e+000 -1.3962e-002
178 +3.303309859e+002 +3.303309859e+002 +1.207809859e+002 +1.207809859e+002 -3.4554e+000 +2.8120e+000 -1.5944e+000 -6.4813e-001 -2.0218e-001
220 +2.772740872e+002 +2.772740872e+002 +6.772408724e+001 +6.772408724e+001 -3.4204e+000 +3.4633e+000 -1.3859e+000 -1.4587e+000 -1.1357e+000
231 +2.196701866e+002 +2.196701866e+002 +1.012018660e+001 +1.012018660e+001 -3.9304e+000 +3.5488e+000 -2.0084e+000 -1.5044e+000 -6.4079e-001
232 +1.955697283e+002 +1.955697283e+002 -1.398027172e+001 -1.398027172e+001 -3.3608e+000 +2.3908e+000 -2.1734e+000 -1.1111e+000 -9.6399e-001
241 +1.740702401e+002 +1.740702401e+002 -3.547975987e+001 -3.547975987e+001 -3.1059e+000 +3.4956e+000 -3.7870e+000 -1.3400e+000 -2.1716e+000
257 +1.070280109e+002 +1.070280109e+002 -1.025219891e+002 -1.025219891e+002 -3.5157e+000 +3.4992e+000 -2.6245e+000 -1.6727e+000 -1.3253e+000
282 +9.271682111e+001 +9.271682111e+001 -1.168331789e+002 -1.168331789e+002 -3.3188e+000 +3.3191e+000 -2.8857e+000 -6.8648e-001 -1.0917e+000
310 +5.811429003e+001 +5.811429003e+001 -1.514357100e+002 -1.514357100e+002 -3.4377e+000 +2.8792e+000 -2.7823e+000 -1.6860e+000 -1.4920e+000
450 +5.721221379e+001 +5.721221379e+001 -1.523377862e+002 -1.523377862e+002 -3.3548e+000 +3.2307e+000 -2.8716e+000 -1.1808e+000 -1.6914e+000
463 +5.527916362e+001 +5.527916362e+001 -1.542708364e+002 -1.542708364e+002 -3.5105e+000 +2.9500e+000 -2.8837e+000 -1.3159e+000 -1.5557e+000
482 +5.121034316e+001 +5.121034316e+001 -1.583396568e+002 -1.583396568e+002 -3.4700e+000 +3.0703e+000 -2.8706e+000 -1.2836e+000 -1.5628e+000
501 +4.061437106e+001 +4.061437106e+001 -1.689356289e+002 -1.689356289e+002 -3.3996e+000 +2.8753e+000 -2.7825e+000 -1.2213e+000 -1.6099e+000
531 +3.659549287e+001 +3.659549287e+001 -1.729545071e+002 -1.729545071e+002 -3.4010e+000 +2.9494e+000 -2.8195e+000 -1.2824e+000 -1.6064e+000
560 +2.180979295e+001 +2.180979295e+001 -1.877402070e+002 -1.877402070e+002 -3.1589e+000 +3.1596e+000 -2.7955e+000 -1.2902e+000 -1.6452e+000
610 +1.552173229e+001 +1.552173229e+001 -1.940282677e+002 -1.940282677e+002 -3.2221e+000 +3.0405e+000 -2.8742e+000 -1.2025e+000 -1.7088e+000
620 +1.546255363e+001 +1.546255363e+001 -1.940874464e+002 -1.940874464e+002 -3.2146e+000 +3.0911e+000 -2.8411e+000 -1.1999e+000 -1.6156e+000
638 +1.450708967e+001 +1.450708967e+001 -1.950429103e+002 -1.950429103e+002 -3.2092e+000 +3.1265e+000 -2.9177e+000 -1.1981e+000 -1.6224e+000
648 +1.136696920e+001 +1.136696920e+001 -1.981830308e+002 -1.981830308e+002 -3.2017e+000 +3.0682e+000 -2.8554e+000 -1.1963e+000 -1.6400e+000
654 +1.118846974e+001 +1.118846974e+001 -1.983615303e+002 -1.983615303e+002 -3.1856e+000 +3.1059e+000 -2.8837e+000 -1.2007e+000 -1.6277e+000
670 +1.044650075e+001 +1.044650075e+001 -1.991034992e+002 -1.991034992e+002 -3.1586e+000 +3.0492e+000 -2.8726e+000 -1.1951e+000 -1.6769e+000
687 +1.003247886e+001 +1.003247886e+001 -1.995175211e+002 -1.995175211e+002 -3.1996e+000 +3.0517e+000 -2.8716e+000 -1.2194e+000 -1.6431e+000
701 +9.030973389e+000 +9.030973389e+000 -2.005190266e+002 -2.005190266e+002 -3.1991e+000 +3.0545e+000 -2.8487e+000 -1.2715e+000 -1.6506e+000
709 +8.664618954e+000 +8.664618954e+000 -2.008853810e+002 -2.008853810e+002 -3.1821e+000 +3.0897e+000 -2.8753e+000 -1.1859e+000 -1.6550e+000
734 +8.061343255e+000 +8.061343255e+000 -2.014886567e+002 -2.014886567e+002 -3.1701e+000 +3.0850e+000 -2.8663e+000 -1.2267e+000 -1.6579e+000
736 +7.240845418e+000 +7.240845418e+000 -2.023091546e+002 -2.023091546e+002 -3.1834e+000 +3.0718e+000 -2.8709e+000 -1.2237e+000 -1.6571e+000
751 +5.908392486e+000 +5.908392486e+000 -2.036416075e+002 -2.036416075e+002 -3.1854e+000 +3.0794e+000 -2.8749e+000 -1.2215e+000 -1.6697e+000
789 +5.742151876e+000 +5.742151876e+000 -2.038078481e+002 -2.038078481e+002 -3.1791e+000 +3.0792e+000 -2.8840e+000 -1.2275e+000 -1.6643e+000
830 +5.249878113e+000 +5.249878113e+000 -2.043001219e+002 -2.043001219e+002 -3.1787e+000 +3.0817e+000 -2.8829e+000 -1.2281e+000 -1.6674e+000
932 +4.758529615e+000 +4.758529615e+000 -2.047914704e+002 -2.047914704e+002 -3.1760e+000 +3.0784e+000 -2.8760e+000 -1.2288e+000 -1.6731e+000
988 +4.532864339e+000 +4.532864339e+000 -2.050171357e+002 -2.050171357e+002 -3.1736e+000 +3.0838e+000 -2.8842e+000 -1.2166e+000 -1.6730e+000
1028 +4.138913641e+000 +4.138913641e+000 -2.054110864e+002 -2.054110864e+002 -3.1745e+000 +3.0832e+000 -2.8777e+000 -1.2405e+000 -1.6775e+000
1033 +3.727000595e+000 +3.727000595e+000 -2.058229994e+002 -2.058229994e+002 -3.1727e+000 +3.0807e+000 -2.8833e+000 -1.2342e+000 -1.6804e+000
1051 +3.665283239e+000 +3.665283239e+000 -2.058847168e+002 -2.058847168e+002 -3.1728e+000 +3.0818e+000 -2.8808e+000 -1.2327e+000 -1.6830e+000
1139 +3.592012982e+000 +3.592012982e+000 -2.059579870e+002 -2.059579870e+002 -3.1725e+000 +3.0809e+000 -2.8803e+000 -1.2345e+000 -1.6800e+000
1144 +3.529679007e+000 +3.529679007e+000 -2.060203210e+002 -2.060203210e+002 -3.1731e+000 +3.0800e+000 -2.8821e+000 -1.2313e+000 -1.6821e+000
1285 +3.437588596e+000 +3.437588596e+000 -2.061124114e+002 -2.061124114e+002 -3.1720e+000 +3.0805e+000 -2.8825e+000 -1.2303e+000 -1.6809e+000
1373 +3.350478632e+000 +3.350478632e+000 -2.061995214e+002 -2.061995214e+002 -3.1717e+000 +3.0795e+000 -2.8830e+000 -1.2292e+000 -1.6822e+000
1389 +3.311213255e+000 +3.311213255e+000 -2.062387867e+002 -2.062387867e+002 -3.1714e+000 +3.0794e+000 -2.8830e+000 -1.2294e+000 -1.6826e+000
1483 +3.203902408e+000 +3.203902408e+000 -2.063460976e+002 -2.063460976e+002 -3.1701e+000 +3.0805e+000 -2.8839e+000 -1.2260e+000 -1.6831e+000
1540 +3.160826110e+000 +3.160826110e+000 -2.063891739e+002 -2.063891739e+002 -3.1700e+000 +3.0806e+000 -2.8829e+000 -1.2297e+000 -1.6826e+000
1619 +3.088940431e+000 +3.088940431e+000 -2.064610596e+002 -2.064610596e+002 -3.1697e+000 +3.0804e+000 -2.8831e+000 -1.2295e+000 -1.6833e+000
1763 +3.012495659e+000 +3.012495659e+000 -2.065375043e+002 -2.065375043e+002 -3.1694e+000 +3.0805e+000 -2.8821e+000 -1.2320e+000 -1.6840e+000
% function evaluation | noise-free fitness - Fopt (2.850000000000e+000) | best noise-free fitness - Fopt | measured fitness | best measured fitness | x1 | x2...
1 +3.742534371e+003 +3.742534371e+003 +3.745384371e+003 +3.745384371e+003 +1.3063e+000 -2.3009e+000 -9.2162e+000 -2.7791e+000 +6.9289e+000
2 +3.413604079e+003 +3.413604079e+003 +3.416454079e+003 +3.416454079e+003 -9.3883e+000 -5.2606e+000 -1.4857e+000 -2.5379e+000 +1.9872e+000
3 +2.453098215e+003 +2.453098215e+003 +2.455948215e+003 +2.455948215e+003 -2.3522e+000 -1.2752e+000 -4.4558e+000 -1.6607e+000 +4.6289e+000
13 +1.535599038e+003 +1.535599038e+003 +1.538449038e+003 +1.538449038e+003 -2.1354e+000 -6.6033e+000 -4.1524e+000 -1.2762e+000 -8.1368e+000
21 +1.495023981e+003 +1.495023981e+003 +1.497873981e+003 +1.497873981e+003 +2.6904e+000 -5.4615e+000 -1.0128e+000 +4.0756e+000 +1.3841e+000
31 +1.439854798e+003 +1.439854798e+003 +1.442704798e+003 +1.442704798e+003 -2.8608e+000 +3.5436e+000 -4.4806e+000 -6.4076e-001 -2.1195e+000
32 +1.258670453e+003 +1.258670453e+003 +1.261520453e+003 +1.261520453e+003 -3.0067e+000 -1.9483e+000 -3.1437e+000 -1.1281e+000 -2.1619e+000
37 +1.093816927e+003 +1.093816927e+003 +1.096666927e+003 +1.096666927e+003 -2.5370e+000 -6.9832e-001 -1.6744e+000 +1.3407e+000 +2.9980e-001
43 +4.742918103e+002 +4.742918103e+002 +4.771418103e+002 +4.771418103e+002 -4.1747e-001 +1.3105e+000 -4.5112e-001 +1.3108e+000 -4.4457e+000
93 +3.324792361e+002 +3.324792361e+002 +3.353292361e+002 +3.353292361e+002 +2.0959e+000 +1.5819e-002 -7.2422e-001 -1.7170e+000 -3.8425e+000
123 +2.656238365e+002 +2.656238365e+002 +2.684738365e+002 +2.684738365e+002 +1.4346e+000 -5.0441e-001 -8.0437e-001 +4.1078e-001 -2.5004e+000
141 +1.937876467e+002 +1.937876467e+002 +1.966376467e+002 +1.966376467e+002 +1.0408e+000 +8.0183e-001 -1.7834e+000 +5.1948e-001 -3.5599e+000
246 +1.885569303e+002 +1.885569303e+002 +1.914069303e+002 +1.914069303e+002 +1.8164e+000 +2.1010e+000 -1.4084e+000 -6.7521e-001 -4.3380e+000
253 +1.033822835e+002 +1.033822835e+002 +1.062322835e+002 +1.062322835e+002 +2.2449e+000 +1.8165e+000 -5.2468e-001 -5.3978e-001 -3.5808e+000
335 +9.123102369e+001 +9.123102369e+001 +9.408102369e+001 +9.408102369e+001 +2.5686e+000 +1.5295e+000 -1.1034e+000 -8.2082e-001 -3.4745e+000
337 +3.768959388e+001 +3.768959388e+001 +4.053959388e+001 +4.053959388e+001 +2.3183e+000 +1.9867e+000 -7.1347e-001 -9.1044e-001 -3.4247e+000
407 +2.319786097e+001 +2.319786097e+001 +2.604786097e+001 +2.604786097e+001 +2.1200e+000 +1.7933e+000 -7.6841e-001 -8.3151e-001 -3.3924e+000
429 +2.202265248e+001 +2.202265248e+001 +2.487265248e+001 +2.487265248e+001 +2.2545e+000 +1.6862e+000 -8.6602e-001 -8.9835e-001 -3.4314e+000
570 +2.119132004e+001 +2.119132004e+001 +2.404132004e+001 +2.404132004e+001 +2.2728e+000 +1.7190e+000 -9.4270e-001 -1.0913e+000 -3.5029e+000
582 +1.976847088e+001 +1.976847088e+001 +2.261847088e+001 +2.261847088e+001 +2.3017e+000 +1.7347e+000 -9.0940e-001 -1.0642e+000 -3.4825e+000
601 +1.130353891e+001 +1.130353891e+001 +1.415353891e+001 +1.415353891e+001 +2.2027e+000 +1.7111e+000 -8.7691e-001 -1.0074e+000 -3.4971e+000
700 +1.108408791e+001 +1.108408791e+001 +1.393408791e+001 +1.393408791e+001 +2.2335e+000 +1.7620e+000 -8.8974e-001 -1.0407e+000 -3.4934e+000
702 +9.971962722e+000 +9.971962722e+000 +1.282196272e+001 +1.282196272e+001 +2.2200e+000 +1.7538e+000 -8.8367e-001 -9.9331e-001 -3.4993e+000
722 +6.718289145e+000 +6.718289145e+000 +9.568289145e+000 +9.568289145e+000 +2.2168e+000 +1.8103e+000 -8.5431e-001 -1.0252e+000 -3.4761e+000
762 +6.268788116e+000 +6.268788116e+000 +9.118788116e+000 +9.118788116e+000 +2.2047e+000 +1.8004e+000 -8.5340e-001 -1.0376e+000 -3.4646e+000
814 +6.065174252e+000 +6.065174252e+000 +8.915174252e+000 +8.915174252e+000 +2.2250e+000 +1.7858e+000 -8.5758e-001 -1.0173e+000 -3.4634e+000
815 +5.800511577e+000 +5.800511577e+000 +8.650511577e+000 +8.650511577e+000 +2.2018e+000 +1.8464e+000 -8.3509e-001 -1.0255e+000 -3.4590e+000
899 +5.557833575e+000 +5.557833575e+000 +8.407833575e+000 +8.407833575e+000 +2.2283e+000 +1.8202e+000 -8.4319e-001 -1.0339e+000 -3.4638e+000
902 +5.235484596e+000 +5.235484596e+000 +8.085484596e+000 +8.085484596e+000 +2.2183e+000 +1.8159e+000 -8.4324e-001 -1.0295e+000 -3.4650e+000
934 +5.096579911e+000 +5.096579911e+000 +7.946579911e+000 +7.946579911e+000 +2.2129e+000 +1.8137e+000 -8.4920e-001 -1.0329e+000 -3.4615e+000
954 +4.649241950e+000 +4.649241950e+000 +7.499241950e+000 +7.499241950e+000 +2.2182e+000 +1.8145e+000 -8.4592e-001 -1.0286e+000 -3.4594e+000
979 +3.985172219e+000 +3.985172219e+000 +6.835172219e+000 +6.835172219e+000 +2.2170e+000 +1.8139e+000 -8.4445e-001 -1.0147e+000 -3.4490e+000
987 +3.621595114e+000 +3.621595114e+000 +6.471595114e+000 +6.471595114e+000 +2.2208e+000 +1.8221e+000 -8.3907e-001 -1.0323e+000 -3.4493e+000
1003 +3.309713444e+000 +3.309713444e+000 +6.159713444e+000 +6.159713444e+000 +2.2173e+000 +1.8216e+000 -8.3660e-001 -1.0311e+000 -3.4496e+000
1005 +3.041201852e+000 +3.041201852e+000 +5.891201852e+000 +5.891201852e+000 +2.2064e+000 +1.8194e+000 -8.3679e-001 -1.0321e+000 -3.4444e+000
1037 +2.494481716e+000 +2.494481716e+000 +5.344481716e+000 +5.344481716e+000 +2.2113e+000 +1.8189e+000 -8.3409e-001 -1.0255e+000 -3.4455e+000
1041 +2.402752180e+000 +2.402752180e+000 +5.252752180e+000 +5.252752180e+000 +2.2195e+000 +1.8280e+000 -8.2447e-001 -1.0377e+000 -3.4376e+000
1054 +2.165332928e+000 +2.165332928e+000 +5.015332928e+000 +5.015332928e+000 +2.2132e+000 +1.8187e+000 -8.3199e-001 -1.0254e+000 -3.4419e+000
1076 +1.861389980e+000 +1.861389980e+000 +4.711389980e+000 +4.711389980e+000 +2.2098e+000 +1.8167e+000 -8.3369e-001 -1.0260e+000 -3.4383e+000
1132 +1.474629496e+000 +1.474629496e+000 +4.324629496e+000 +4.324629496e+000 +2.2035e+000 +1.8142e+000 -8.3434e-001 -1.0212e+000 -3.4357e+000
1185 +1.230499600e+000 +1.230499600e+000 +4.080499600e+000 +4.080499600e+000 +2.2009e+000 +1.8225e+000 -8.2447e-001 -1.0202e+000 -3.4330e+000
1211 +8.850605370e-001 +8.850605370e-001 +3.735060537e+000 +3.735060537e+000 +2.2082e+000 +1.8214e+000 -8.2856e-001 -1.0211e+000 -3.4323e+000
1251 +7.082857182e-001 +7.082857182e-001 +3.558285718e+000 +3.558285718e+000 +2.2072e+000 +1.8211e+000 -8.2788e-001 -1.0205e+000 -3.4318e+000
1314 +6.632024381e-001 +6.632024381e-001 +3.513202438e+000 +3.513202438e+000 +2.2062e+000 +1.8197e+000 -8.2841e-001 -1.0195e+000 -3.4313e+000
1325 +6.079981196e-001 +6.079981196e-001 +3.457998120e+000 +3.457998120e+000 +2.2056e+000 +1.8203e+000 -8.2632e-001 -1.0207e+000 -3.4292e+000
1328 +5.908009449e-001 +5.908009449e-001 +3.440800945e+000 +3.440800945e+000 +2.2062e+000 +1.8219e+000 -8.2754e-001 -1.0194e+000 -3.4312e+000
1339 +5.355509570e-001 +5.355509570e-001 +3.385550957e+000 +3.385550957e+000 +2.2045e+000 +1.8213e+000 -8.2752e-001 -1.0201e+000 -3.4314e+000
1369 +5.053531985e-001 +5.053531985e-001 +3.355353199e+000 +3.355353199e+000 +2.2057e+000 +1.8213e+000 -8.2726e-001 -1.0189e+000 -3.4314e+000
1377 +4.402179354e-001 +4.402179354e-001 +3.290217935e+000 +3.290217935e+000 +2.2052e+000 +1.8216e+000 -8.2649e-001 -1.0200e+000 -3.4313e+000
1408 +4.244202890e-001 +4.244202890e-001 +3.274420289e+000 +3.274420289e+000 +2.2048e+000 +1.8197e+000 -8.2699e-001 -1.0188e+000 -3.4311e+000
1409 +3.471328974e-001 +3.471328974e-001 +3.197132897e+000 +3.197132897e+000 +2.2046e+000 +1.8199e+000 -8.2646e-001 -1.0184e+000 -3.4301e+000
1432 +3.400643240e-001 +3.400643240e-001 +3.190064324e+000 +3.190064324e+000 +2.2048e+000 +1.8205e+000 -8.2642e-001 -1.0186e+000 -3.4301e+000
1433 +3.360947284e-001 +3.360947284e-001 +3.186094728e+000 +3.186094728e+000 +2.2048e+000 +1.8205e+000 -8.2628e-001 -1.0182e+000 -3.4299e+000
1442 +2.843350320e-001 +2.843350320e-001 +3.134335032e+000 +3.134335032e+000 +2.2046e+000 +1.8215e+000 -8.2609e-001 -1.0183e+000 -3.4298e+000
1454 +2.567333810e-001 +2.567333810e-001 +3.106733381e+000 +3.106733381e+000 +2.2043e+000 +1.8208e+000 -8.2638e-001 -1.0182e+000 -3.4303e+000
1509 +2.480325048e-001 +2.480325048e-001 +3.098032505e+000 +3.098032505e+000 +2.2042e+000 +1.8212e+000 -8.2624e-001 -1.0186e+000 -3.4299e+000
1531 +2.430810592e-001 +2.430810592e-001 +3.093081059e+000 +3.093081059e+000 +2.2043e+000 +1.8209e+000 -8.2608e-001 -1.0184e+000 -3.4300e+000
1556 +2.384500964e-001 +2.384500964e-001 +3.088450096e+000 +3.088450096e+000 +2.2040e+000 +1.8214e+000 -8.2622e-001 -1.0182e+000 -3.4298e+000
1558 +2.332623856e-001 +2.332623856e-001 +3.083262386e+000 +3.083262386e+000 +2.2034e+000 +1.8209e+000 -8.2587e-001 -1.0180e+000 -3.4298e+000
1563 +2.197675227e-001 +2.197675227e-001 +3.069767523e+000 +3.069767523e+000 +2.2040e+000 +1.8211e+000 -8.2598e-001 -1.0184e+000 -3.4297e+000
1577 +1.857439652e-001 +1.857439652e-001 +3.035743965e+000 +3.035743965e+000 +2.2039e+000 +1.8212e+000 -8.2576e-001 -1.0182e+000 -3.4298e+000
1582 +1.768830963e-001 +1.768830963e-001 +3.026883096e+000 +3.026883096e+000 +2.2037e+000 +1.8211e+000 -8.2594e-001 -1.0179e+000 -3.4299e+000
1609 +1.696285851e-001 +1.696285851e-001 +3.019628585e+000 +3.019628585e+000 +2.2038e+000 +1.8212e+000 -8.2596e-001 -1.0181e+000 -3.4298e+000
1684 +1.643350820e-001 +1.643350820e-001 +3.014335082e+000 +3.014335082e+000 +2.2038e+000 +1.8212e+000 -8.2593e-001 -1.0180e+000 -3.4298e+000
1742 +1.589646998e-001 +1.589646998e-001 +3.008964700e+000 +3.008964700e+000 +2.2039e+000 +1.8213e+000 -8.2584e-001 -1.0181e+000 -3.4298e+000
1870 +1.571000661e-001 +1.571000661e-001 +3.007100066e+000 +3.007100066e+000 +2.2038e+000 +1.8212e+000 -8.2589e-001 -1.0180e+000 -3.4298e+000
2075 +1.547761214e-001 +1.547761214e-001 +3.004776121e+000 +3.004776121e+000 +2.2038e+000 +1.8212e+000 -8.2587e-001 -1.0180e+000 -3.4298e+000
% function evaluation | noise-free fitness - Fopt (1.975200000000e+002) | best noise-free fitness - Fopt | measured fitness | best measured fitness | x1 | x2...
1 +4.482470660e+002 +4.482470660e+002 +6.457670660e+002 +6.457670660e+002 -3.4675e-001 +1.6044e+000 -7.8442e-001 +3.0609e+000 +4.3048e-001
20 +4.261511210e+002 +4.261511210e+002 +6.236711210e+002 +6.236711210e+002 -5.5116e-001 -4.1953e-001 -3.6162e+000 +2.6265e+000 +2.1151e+000
41 +3.283961798e+002 +3.283961798e+002 +5.259161798e+002 +5.259161798e+002 -7.3802e-001 -3.0380e-001 -3.0847e+000 +1.8922e+000 +1.6969e+000
140 +2.246919177e+002 +2.246919177e+002 +4.222119177e+002 +4.222119177e+002 -7.0428e-001 +3.1859e-001 -2.4584e+000 +1.7590e+000 -3.2990e-002
153 +1.904029123e+002 +1.904029123e+002 +3.879229123e+002 +3.879229123e+002 -5.7977e-001 +5.5471e-001 -2.6156e+000 +2.3648e+000 +4.0856e-001
168 +8.372283077e+001 +8.372283077e+001 +2.812428308e+002 +2.812428308e+002 -6.2284e-001 +6.8069e-002 -3.1630e+000 +2.1860e+000 -4.8212e-001
219 +7.328593298e+001 +7.328593298e+001 +2.708059330e+002 +2.708059330e+002 -6.6414e-001 -1.1142e-003 -2.8942e+000 +2.5387e+000 -1.1407e+000
259 +5.468947381e+001 +5.468947381e+001 +2.522094738e+002 +2.522094738e+002 -6.7534e-001 -4.4547e-003 -3.0656e+000 +2.3090e+000 -4.6840e-001
327 +4.999081495e+001 +4.999081495e+001 +2.475108150e+002 +2.475108150e+002 -6.9807e-001 +1.5450e-001 -2.6592e+000 +2.5016e+000 -7.6299e-001
389 +4.053477922e+001 +4.053477922e+001 +2.380547792e+002 +2.380547792e+002 -8.2252e-001 +2.8016e-001 -2.6757e+000 +2.7151e+000 -4.6505e-001
425 +3.504021603e+001 +3.504021603e+001 +2.325602160e+002 +2.325602160e+002 -8.7377e-001 +2.7952e-001 -2.6955e+000 +2.8159e+000 -3.8372e-001
432 +3.437445118e+001 +3.437445118e+001 +2.318944512e+002 +2.318944512e+002 -7.4176e-001 +1.1566e-001 -2.8857e+000 +2.6100e+000 -6.7263e-001
452 +3.112193252e+001 +3.112193252e+001 +2.286419325e+002 +2.286419325e+002 -8.4333e-001 +2.1324e-001 -2.7208e+000 +2.7518e+000 -4.3630e-001
462 +2.496597136e+001 +2.496597136e+001 +2.224859714e+002 +2.224859714e+002 -8.7961e-001 +1.9029e-001 -2.8058e+000 +2.7212e+000 -5.3842e-001
509 +2.313266757e+001 +2.313266757e+001 +2.206526676e+002 +2.206526676e+002 -8.4573e-001 +1.5890e-001 -2.8051e+000 +2.6883e+000 -3.5996e-001
531 +1.311557665e+001 +1.311557665e+001 +2.106355767e+002 +2.106355767e+002 -9.2290e-001 +1.4560e-001 -2.8062e+000 +2.7319e+000 -3.7720e-001
620 +1.226163122e+001 +1.226163122e+001 +2.097816312e+002 +2.097816312e+002 -9.3822e-001 +1.7338e-001 -2.7673e+000 +2.7405e+000 -3.3848e-001
660 +1.111078600e+001 +1.111078600e+001 +2.086307860e+002 +2.086307860e+002 -9.3935e-001 +1.4852e-001 -2.7834e+000 +2.7184e+000 -3.3214e-001
680 +1.057463297e+001 +1.057463297e+001 +2.080946330e+002 +2.080946330e+002 -9.4678e-001 +1.5254e-001 -2.7799e+000 +2.7212e+000 -3.3846e-001
704 +7.769719859e+000 +7.769719859e+000 +2.052897199e+002 +2.052897199e+002 -9.5984e-001 +1.5957e-001 -2.8019e+000 +2.7367e+000 -3.3210e-001
742 +7.742936755e+000 +7.742936755e+000 +2.052629368e+002 +2.052629368e+002 -9.5338e-001 +1.5140e-001 -2.8018e+000 +2.7262e+000 -3.3793e-001
801 +7.558437261e+000 +7.558437261e+000 +2.050784373e+002 +2.050784373e+002 -9.5370e-001 +1.4914e-001 -2.7998e+000 +2.7254e+000 -3.4555e-001
818 +7.307790259e+000 +7.307790259e+000 +2.048277903e+002 +2.048277903e+002 -9.5056e-001 +1.4890e-001 -2.8029e+000 +2.7230e+000 -3.4911e-001
842 +7.128199980e+000 +7.128199980e+000 +2.046482000e+002 +2.046482000e+002 -9.4835e-001 +1.4857e-001 -2.8026e+000 +2.7199e+000 -3.5987e-001
896 +6.958779979e+000 +6.958779979e+000 +2.044787800e+002 +2.044787800e+002 -9.4794e-001 +1.5233e-001 -2.8044e+000 +2.7195e+000 -3.5669e-001
930 +6.790197322e+000 +6.790197322e+000 +2.043101973e+002 +2.043101973e+002 -9.4704e-001 +1.5225e-001 -2.8014e+000 +2.7225e+000 -3.6231e-001
935 +6.504951420e+000 +6.504951420e+000 +2.040249514e+002 +2.040249514e+002 -9.4689e-001 +1.5254e-001 -2.8022e+000 +2.7234e+000 -3.5749e-001
961 +6.304236939e+000 +6.304236939e+000 +2.038242369e+002 +2.038242369e+002 -9.4682e-001 +1.5429e-001 -2.8011e+000 +2.7248e+000 -3.5691e-001
970 +6.108760562e+000 +6.108760562e+000 +2.036287606e+002 +2.036287606e+002 -9.4527e-001 +1.5414e-001 -2.8003e+000 +2.7227e+000 -3.5875e-001
1034 +5.956828440e+000 +5.956828440e+000 +2.034768284e+002 +2.034768284e+002 -9.4494e-001 +1.5536e-001 -2.7994e+000 +2.7239e+000 -3.5664e-001
1090 +5.881091669e+000 +5.881091669e+000 +2.034010917e+002 +2.034010917e+002 -9.4531e-001 +1.5527e-001 -2.7998e+000 +2.7237e+000 -3.5513e-001
% function evaluation | noise-free fitness - Fopt (-1.052700000000e+002) | best noise-free fitness - Fopt | measured fitness | best measured fitness | x1 | x2...
1 +1.408827349e+003 +1.408827349e+003 +1.303557349e+003 +1.303557349e+003 -1.4527e+000 -4.4900e+000 +5.7571e-001 +3.7656e+000 +4.4629e+000
23 +1.190249448e+003 +1.190249448e+003 +1.084979448e+003 +1.084979448e+003 -2.4097e+000 +1.6245e+000 +1.8085e+000 -4.2957e+000 +4.1715e+000
26 +7.923785498e+002 +7.923785498e+002 +6.871085498e+002 +6.871085498e+002 -1.5984e+000 -1.3071e+000 +2.3247e-001 -1.6652e+000 +2.7469e+000
30 +6.875641370e+002 +6.875641370e+002 +5.822941370e+002 +5.822941370e+002 +6.8862e-001 -3.9035e+000 +2.0795e+000 -8.9848e-001 +2.4533e+000
92 +6.128885903e+002 +6.128885903e+002 +5.076185903e+002 +5.076185903e+002 +1.2035e+000 -2.9585e+000 -2.9872e-002 -3.1216e+000 +2.9347e+000
102 +5.784572117e+002 +5.784572117e+002 +4.731872117e+002 +4.731872117e+002 +1.4595e+000 -3.1803e+000 +3.7996e-001 -1.0020e+000 +1.2478e+000
138 +3.052967725e+002 +3.052967725e+002 +2.000267725e+002 +2.000267725e+002 +5.0341e-001 -2.1474e+000 -4.4153e+000 -3.3687e+000 -5.2550e-001
199 +2.493699333e+002 +2.493699333e+002 +1.440999333e+002 +1.440999333e+002 +9.8467e-001 -1.2397e+000 +9.0696e-002 -3.1613e+000 +1.1991e+000
231 +2.230386809e+002 +2.230386809e+002 +1.177686809e+002 +1.177686809e+002 +8.0448e-001 -1.9113e+000 -2.2244e+000 -3.0520e+000 +8.2213e-001
232 +1.725733698e+002 +1.725733698e+002 +6.730336980e+001 +6.730336980e+001 +9.1597e-001 -1.6212e+000 -1.9022e+000 -3.0824e+000 +5.9906e-001
244 +1.598703043e+002 +1.598703043e+002 +5.460030435e+001 +5.460030435e+001 +9.6390e-001 -1.5229e+000 -1.0349e+000 -3.5864e+000 +9.2414e-001
289 +1.438450592e+002 +1.438450592e+002 +3.857505924e+001 +3.857505924e+001 +9.8846e-001 -1.0545e+000 -2.1790e+000 -3.1288e+000 +1.2278e+000
292 +1.077010511e+002 +1.077010511e+002 +2.431051089e+000 +2.431051089e+000 +1.2821e+000 -8.8432e-001 -1.4121e+000 -3.3366e+000 +1.0581e+000
304 +9.861898882e+001 +9.861898882e+001 -6.651011184e+000 -6.651011184e+000 +1.1840e+000 -8.0538e-001 -1.4314e+000 -3.3633e+000 +1.1506e+000
326 +9.679221025e+001 +9.679221025e+001 -8.477789747e+000 -8.477789747e+000 +1.5921e+000 -6.4761e-001 -2.3696e+000 -3.2563e+000 +1.2422e+000
342 +9.377873354e+001 +9.377873354e+001 -1.149126646e+001 -1.149126646e+001 +1.0304e+000 -8.3849e-001 -1.4699e+000 -3.5951e+000 +1.2699e+000
361 +8.697633882e+001 +8.697633882e+001 -1.829366118e+001 -1.829366118e+001 +1.3105e+000 -8.4446e-001 -1.5964e+000 -4.1500e+000 +8.7584e-001
381 +6.367848465e+001 +6.367848465e+001 -4.159151535e+001 -4.159151535e+001 +1.1926e+000 -8.4943e-001 -1.6759e+000 -3.6039e+000 +1.1622e+000
397 +6.071734129e+001 +6.071734129e+001 -4.455265871e+001 -4.455265871e+001 +1.2158e+000 -8.3269e-001 -1.7837e+000 -3.5501e+000 +1.0148e+000
400 +5.243739068e+001 +5.243739068e+001 -5.283260932e+001 -5.283260932e+001 +1.2613e+000 -8.0479e-001 -1.6629e+000 -3.7829e+000 +1.0038e+000
401 +4.738135561e+001 +4.738135561e+001 -5.788864439e+001 -5.788864439e+001 +1.2430e+000 -7.5556e-001 -1.6924e+000 -3.6942e+000 +1.1647e+000
435 +1.566669293e+001 +1.566669293e+001 -8.960330707e+001 -8.960330707e+001 +1.4898e+000 -4.2921e-001 -1.6408e+000 -3.9338e+000 +1.2429e+000
551 +1.154890939e+001 +1.154890939e+001 -9.372109061e+001 -9.372109061e+001 +1.3917e+000 -5.8071e-001 -1.8042e+000 -3.8212e+000 +1.1511e+000
660 +1.137877012e+001 +1.137877012e+001 -9.389122988e+001 -9.389122988e+001 +1.3811e+000 -5.7135e-001 -1.8213e+000 -3.8488e+000 +1.1284e+000
675 +1.101473671e+001 +1.101473671e+001 -9.425526329e+001 -9.425526329e+001 +1.3920e+000 -5.6309e-001 -1.8046e+000 -3.8439e+000 +1.1229e+000
681 +1.007505853e+001 +1.007505853e+001 -9.519494147e+001 -9.519494147e+001 +1.3857e+000 -5.3268e-001 -1.8578e+000 -3.8595e+000 +1.1430e+000
685 +9.784011333e+000 +9.784011333e+000 -9.548598867e+001 -9.548598867e+001 +1.3896e+000 -5.2985e-001 -1.8282e+000 -3.8463e+000 +1.1322e+000
716 +6.925483415e+000 +6.925483415e+000 -9.834451659e+001 -9.834451659e+001 +1.4171e+000 -4.9607e-001 -1.8507e+000 -3.8506e+000 +1.1680e+000
757 +6.701689420e+000 +6.701689420e+000 -9.856831058e+001 -9.856831058e+001 +1.4115e+000 -5.1013e-001 -1.8301e+000 -3.8434e+000 +1.1666e+000
802 +6.380188118e+000 +6.380188118e+000 -9.888981188e+001 -9.888981188e+001 +1.4065e+000 -5.2578e-001 -1.8327e+000 -3.8366e+000 +1.1529e+000
820 +6.171153432e+000 +6.171153432e+000 -9.909884657e+001 -9.909884657e+001 +1.4205e+000 -5.4991e-001 -1.8405e+000 -3.8403e+000 +1.1522e+000
834 +5.323571077e+000 +5.323571077e+000 -9.994642892e+001 -9.994642892e+001 +1.4235e+000 -5.4857e-001 -1.8328e+000 -3.8509e+000 +1.1461e+000
847 +3.064422405e+000 +3.064422405e+000 -1.022055776e+002 -1.022055776e+002 +1.4233e+000 -5.2829e-001 -1.8113e+000 -3.8654e+000 +1.1531e+000
926 +2.310955635e+000 +2.310955635e+000 -1.029590444e+002 -1.029590444e+002 +1.4240e+000 -5.1970e-001 -1.8477e+000 -3.8508e+000 +1.1445e+000
970 +2.097353322e+000 +2.097353322e+000 -1.031726467e+002 -1.031726467e+002 +1.4308e+000 -5.2441e-001 -1.8486e+000 -3.8461e+000 +1.1496e+000
977 +1.993550211e+000 +1.993550211e+000 -1.032764498e+002 -1.032764498e+002 +1.4286e+000 -5.2456e-001 -1.8409e+000 -3.8504e+000 +1.1518e+000
988 +1.905390423e+000 +1.905390423e+000 -1.033646096e+002 -1.033646096e+002 +1.4292e+000 -5.1705e-001 -1.8415e+000 -3.8509e+000 +1.1563e+000
1002 +1.650710962e+000 +1.650710962e+000 -1.036192890e+002 -1.036192890e+002 +1.4266e+000 -5.2064e-001 -1.8450e+000 -3.8569e+000 +1.1504e+000
1031 +1.527613849e+000 +1.527613849e+000 -1.037423862e+002 -1.037423862e+002 +1.4291e+000 -5.2176e-001 -1.8392e+000 -3.8537e+000 +1.1515e+000
1061 +1.302746643e+000 +1.302746643e+000 -1.039672534e+002 -1.039672534e+002 +1.4286e+000 -5.1660e-001 -1.8386e+000 -3.8625e+000 +1.1535e+000
1105 +1.171547388e+000 +1.171547388e+000 -1.040984526e+002 -1.040984526e+002 +1.4295e+000 -5.1819e-001 -1.8303e+000 -3.8617e+000 +1.1560e+000
1132 +1.057117900e+000 +1.057117900e+000 -1.042128821e+002 -1.042128821e+002 +1.4306e+000 -5.1899e-001 -1.8328e+000 -3.8628e+000 +1.1540e+000
1178 +1.029413569e+000 +1.029413569e+000 -1.042405864e+002 -1.042405864e+002 +1.4310e+000 -5.1790e-001 -1.8209e+000 -3.8642e+000 +1.1591e+000
1206 +9.902409384e-001 +9.902409384e-001 -1.042797591e+002 -1.042797591e+002 +1.4311e+000 -5.1785e-001 -1.8255e+000 -3.8654e+000 +1.1563e+000
1209 +9.699904035e-001 +9.699904035e-001 -1.043000096e+002 -1.043000096e+002 +1.4312e+000 -5.1784e-001 -1.8272e+000 -3.8653e+000 +1.1558e+000
1230 +7.425426181e-001 +7.425426181e-001 -1.045274574e+002 -1.045274574e+002 +1.4335e+000 -5.1772e-001 -1.8279e+000 -3.8642e+000 +1.1569e+000
1245 +7.069437192e-001 +7.069437192e-001 -1.045630563e+002 -1.045630563e+002 +1.4328e+000 -5.1710e-001 -1.8271e+000 -3.8647e+000 +1.1565e+000
1257 +6.446705375e-001 +6.446705375e-001 -1.046253295e+002 -1.046253295e+002 +1.4332e+000 -5.1656e-001 -1.8303e+000 -3.8615e+000 +1.1564e+000
1311 +5.984504007e-001 +5.984504007e-001 -1.046715496e+002 -1.046715496e+002 +1.4328e+000 -5.1612e-001 -1.8291e+000 -3.8641e+000 +1.1574e+000
1326 +3.024536280e-001 +3.024536280e-001 -1.049675464e+002 -1.049675464e+002 +1.4344e+000 -5.1378e-001 -1.8312e+000 -3.8635e+000 +1.1569e+000
1457 +2.326267490e-001 +2.326267490e-001 -1.050373733e+002 -1.050373733e+002 +1.4345e+000 -5.1417e-001 -1.8298e+000 -3.8643e+000 +1.1577e+000
1590 +2.096922963e-001 +2.096922963e-001 -1.050603077e+002 -1.050603077e+002 +1.4346e+000 -5.1387e-001 -1.8295e+000 -3.8646e+000 +1.1578e+000
1615 +2.058203852e-001 +2.058203852e-001 -1.050641796e+002 -1.050641796e+002 +1.4345e+000 -5.1393e-001 -1.8294e+000 -3.8645e+000 +1.1578e+000
1658 +1.912417895e-001 +1.912417895e-001 -1.050787582e+002 -1.050787582e+002 +1.4345e+000 -5.1398e-001 -1.8294e+000 -3.8647e+000 +1.1577e+000
1711 +1.904333401e-001 +1.904333401e-001 -1.050795667e+002 -1.050795667e+002 +1.4345e+000 -5.1405e-001 -1.8292e+000 -3.8647e+000 +1.1578e+000
1718 +1.792759988e-001 +1.792759988e-001 -1.050907240e+002 -1.050907240e+002 +1.4346e+000 -5.1396e-001 -1.8296e+000 -3.8646e+000 +1.1576e+000
1797 +1.750570050e-001 +1.750570050e-001 -1.050949430e+002 -1.050949430e+002 +1.4345e+000 -5.1394e-001 -1.8293e+000 -3.8647e+000 +1.1577e+000
2061 +1.731817891e-001 +1.731817891e-001 -1.050968182e+002 -1.050968182e+002 +1.4346e+000 -5.1392e-001 -1.8294e+000 -3.8647e+000 +1.1577e+000
2507 +1.697882250e-001 +1.697882250e-001 -1.051002118e+002 -1.051002118e+002 +1.4346e+000 -5.1392e-001 -1.8294e+000 -3.8647e+000 +1.1577e+000
% function evaluation | noise-free fitness - Fopt (2.833400000000e+002) | best noise-free fitness - Fopt | measured fitness | best measured fitness | x1 | x2...
1 +8.062315095e+002 +8.062315095e+002 +1.089571509e+003 +1.089571509e+003 -2.2357e+000 +4.4212e+000 -9.7207e-001 -1.4066e+000 +2.3644e+000
26 +6.556966661e+002 +6.556966661e+002 +9.390366661e+002 +9.390366661e+002 -4.0509e+000 +4.6807e+000 -1.4164e+000 -1.2096e+000 +2.6901e+000
50 +6.344242219e+002 +6.344242219e+002 +9.177642219e+002 +9.177642219e+002 -2.2917e+000 +3.0717e+000 -9.2644e-001 -3.4623e+000 +2.5140e+000
58 +2.232467204e+002 +2.232467204e+002 +5.065867204e+002 +5.065867204e+002 -5.1130e+000 +2.7630e+000 -1.7556e+000 -1.6184e+000 -1.3250e+000
178 +2.046937100e+002 +2.046937100e+002 +4.880337100e+002 +4.880337100e+002 -4.5579e+000 +2.7763e+000 -1.0472e+000 -2.6145e+000 -1.2061e+000
179 +1.590850009e+002 +1.590850009e+002 +4.424250009e+002 +4.424250009e+002 -5.0951e+000 +2.9535e+000 -1.2902e+000 -1.9467e+000 -4.2727e-001
238 +1.545446571e+002 +1.545446571e+002 +4.378846571e+002 +4.378846571e+002 -5.5753e+000 +3.1224e+000 -1.5425e+000 -1.5972e+000 -9.6361e-001
296 +1.486940967e+002 +1.486940967e+002 +4.320340967e+002 +4.320340967e+002 -5.1138e+000 +2.6671e+000 -1.2621e+000 -1.6911e+000 -8.0837e-001
297 +1.290132302e+002 +1.290132302e+002 +4.123532302e+002 +4.123532302e+002 -4.9423e+000 +2.8321e+000 -1.0941e+000 -1.5606e+000 -8.8672e-001
317 +1.238343979e+002 +1.238343979e+002 +4.071743979e+002 +4.071743979e+002 -4.9813e+000 +2.8949e+000 -1.2347e+000 -1.7020e+000 -6.4376e-001
331 +1.092597164e+002 +1.092597164e+002 +3.925997164e+002 +3.925997164e+002 -5.1319e+000 +2.8470e+000 -1.1526e+000 -1.6910e+000 -8.8571e-001
377 +1.060442329e+002 +1.060442329e+002 +3.893842329e+002 +3.893842329e+002 -5.1050e+000 +3.0184e+000 -1.2250e+000 -1.6241e+000 -8.3103e-001
378 +9.649043463e+001 +9.649043463e+001 +3.798304346e+002 +3.798304346e+002 -5.1577e+000 +3.0938e+000 -1.1550e+000 -1.5995e+000 -8.2337e-001
435 +9.425590146e+001 +9.425590146e+001 +3.775959015e+002 +3.775959015e+002 -5.3144e+000 +2.9428e+000 -9.9208e-001 -1.7610e+000 -8.1276e-001
451 +8.286042204e+001 +8.286042204e+001 +3.662004220e+002 +3.662004220e+002 -5.2563e+000 +2.9627e+000 -1.1034e+000 -1.6207e+000 -7.4059e-001
463 +7.494007101e+001 +7.494007101e+001 +3.582800710e+002 +3.582800710e+002 -5.2521e+000 +2.9272e+000 -1.0414e+000 -1.5393e+000 -7.5046e-001
482 +3.811170786e+001 +3.811170786e+001 +3.214517079e+002 +3.214517079e+002 -5.2516e+000 +2.7963e+000 -6.5412e-001 -1.6320e+000 -6.6851e-001
998 +3.787218837e+001 +3.787218837e+001 +3.212121884e+002 +3.212121884e+002 -5.3382e+000 +2.8494e+000 -7.4261e-001 -1.5394e+000 -6.7391e-001
1198 +3.710948513e+001 +3.710948513e+001 +3.204494851e+002 +3.204494851e+002 -5.3432e+000 +2.8748e+000 -7.6434e-001 -1.5339e+000 -6.6912e-001
1379 +3.619505764e+001 +3.619505764e+001 +3.195350576e+002 +3.195350576e+002 -5.3354e+000 +2.8797e+000 -7.7636e-001 -1.5334e+000 -6.6896e-001
% function evaluation | noise-free fitness - Fopt (-8.171000000000e+001) | best noise-free fitness - Fopt | measured fitness | best measured fitness | x1 | x2...
1 +2.086163508e+003 +2.086163508e+003 +2.004453508e+003 +2.004453508e+003 +1.6787e+000 +3.0782e+000 -3.7589e+000 -1.0650e+001 -2.6178e-001
2 +1.859051737e+003 +1.859051737e+003 +1.777341737e+003 +1.777341737e+003 +2.3334e+000 +5.0737e+000 -1.6697e+000 -7.9906e-001 -6.0817e+000
5 +1.189322126e+003 +1.189322126e+003 +1.107612126e+003 +1.107612126e+003 +4.2551e-001 +3.8852e+000 -2.5587e+000 -2.0017e+000 -7.8815e-001
32 +1.063391325e+003 +1.063391325e+003 +9.816813246e+002 +9.816813246e+002 -1.2366e+000 +1.0812e+000 +2.6914e-001 +3.0049e+000 +7.5493e-001
51 +4.129592789e+002 +4.129592789e+002 +3.312492789e+002 +3.312492789e+002 -2.3445e+000 +5.8189e+000 +3.8763e+000 -2.0975e+000 -1.4980e+000
165 +4.064125070e+002 +4.064125070e+002 +3.247025070e+002 +3.247025070e+002 -2.3665e+000 +2.6198e+000 +2.6222e-001 -1.5637e+000 -1.8272e+000
173 +3.104590450e+002 +3.104590450e+002 +2.287490450e+002 +2.287490450e+002 -3.1402e+000 +1.6825e+000 +1.7134e+000 -3.5850e+000 -3.8685e+000
233 +2.723626082e+002 +2.723626082e+002 +1.906526082e+002 +1.906526082e+002 -2.2599e+000 +3.9997e+000 +9.0658e-001 -2.4380e+000 -1.6969e+000
249 +2.526588236e+002 +2.526588236e+002 +1.709488236e+002 +1.709488236e+002 -2.2805e+000 +4.1262e+000 +2.4565e+000 -2.8057e+000 -3.6283e+000
254 +1.895019634e+002 +1.895019634e+002 +1.077919634e+002 +1.077919634e+002 -2.7075e+000 +4.5609e+000 +2.8726e+000 -3.0577e+000 -2.7582e+000
266 +1.157107949e+002 +1.157107949e+002 +3.400079486e+001 +3.400079486e+001 -2.8490e+000 +3.8693e+000 +2.4520e+000 -2.4078e+000 -2.4381e+000
285 +1.053655837e+002 +1.053655837e+002 +2.365558372e+001 +2.365558372e+001 -2.7826e+000 +3.9703e+000 +2.3357e+000 -2.9602e+000 -2.5650e+000
292 +1.025044572e+002 +1.025044572e+002 +2.079445724e+001 +2.079445724e+001 -2.7120e+000 +3.9362e+000 +2.6323e+000 -3.3814e+000 -2.7068e+000
313 +6.933159777e+001 +6.933159777e+001 -1.237840223e+001 -1.237840223e+001 -2.8568e+000 +2.8736e+000 +2.6933e+000 -2.8597e+000 -3.2104e+000
369 +6.465887500e+001 +6.465887500e+001 -1.705112500e+001 -1.705112500e+001 -2.5793e+000 +3.8415e+000 +2.1977e+000 -2.8903e+000 -2.3990e+000
408 +4.374845352e+001 +4.374845352e+001 -3.796154648e+001 -3.796154648e+001 -2.5008e+000 +3.7757e+000 +2.7279e+000 -2.9189e+000 -2.6304e+000
443 +3.495012550e+001 +3.495012550e+001 -4.675987450e+001 -4.675987450e+001 -2.4544e+000 +3.8599e+000 +2.5695e+000 -2.8956e+000 -2.4606e+000
456 +2.822083937e+001 +2.822083937e+001 -5.348916063e+001 -5.348916063e+001 -2.4908e+000 +3.9193e+000 +2.4677e+000 -2.9932e+000 -2.2854e+000
509 +2.093572778e+001 +2.093572778e+001 -6.077427222e+001 -6.077427222e+001 -2.5358e+000 +3.8574e+000 +2.5663e+000 -2.9087e+000 -2.3666e+000
526 +1.954886854e+001 +1.954886854e+001 -6.216113146e+001 -6.216113146e+001 -2.5628e+000 +3.8692e+000 +2.4978e+000 -2.8776e+000 -2.3814e+000
589 +1.926333052e+001 +1.926333052e+001 -6.244666948e+001 -6.244666948e+001 -2.5362e+000 +3.8327e+000 +2.4980e+000 -2.9061e+000 -2.3877e+000
598 +1.764404263e+001 +1.764404263e+001 -6.406595737e+001 -6.406595737e+001 -2.5516e+000 +3.8318e+000 +2.5074e+000 -2.8998e+000 -2.3950e+000
600 +1.447973636e+001 +1.447973636e+001 -6.723026364e+001 -6.723026364e+001 -2.5407e+000 +3.8481e+000 +2.4937e+000 -2.8705e+000 -2.3656e+000
630 +1.410927190e+001 +1.410927190e+001 -6.760072810e+001 -6.760072810e+001 -2.5555e+000 +3.8204e+000 +2.4942e+000 -2.8562e+000 -2.3865e+000
632 +1.267324532e+001 +1.267324532e+001 -6.903675468e+001 -6.903675468e+001 -2.5668e+000 +3.8284e+000 +2.4910e+000 -2.8283e+000 -2.3608e+000
654 +1.189128810e+001 +1.189128810e+001 -6.981871190e+001 -6.981871190e+001 -2.5550e+000 +3.8245e+000 +2.4930e+000 -2.8354e+000 -2.3205e+000
695 +9.644707136e+000 +9.644707136e+000 -7.206529286e+001 -7.206529286e+001 -2.5512e+000 +3.8481e+000 +2.4940e+000 -2.8463e+000 -2.3346e+000
795 +9.149136604e+000 +9.149136604e+000 -7.256086340e+001 -7.256086340e+001 -2.5532e+000 +3.8356e+000 +2.4935e+000 -2.8343e+000 -2.3359e+000
856 +9.041034977e+000 +9.041034977e+000 -7.266896502e+001 -7.266896502e+001 -2.5601e+000 +3.8197e+000 +2.4933e+000 -2.8302e+000 -2.3424e+000
862 +8.667864180e+000 +8.667864180e+000 -7.304213582e+001 -7.304213582e+001 -2.5585e+000 +3.8247e+000 +2.5008e+000 -2.8325e+000 -2.3412e+000
956 +8.470731012e+000 +8.470731012e+000 -7.323926899e+001 -7.323926899e+001 -2.5579e+000 +3.8265e+000 +2.4971e+000 -2.8343e+000 -2.3412e+000
1015 +8.238141056e+000 +8.238141056e+000 -7.347185894e+001 -7.347185894e+001 -2.5583e+000 +3.8283e+000 +2.4996e+000 -2.8336e+000 -2.3414e+000
1112 +8.115015933e+000 +8.115015933e+000 -7.359498407e+001 -7.359498407e+001 -2.5580e+000 +3.8272e+000 +2.4996e+000 -2.8328e+000 -2.3424e+000
1606 +7.942446590e+000 +7.942446590e+000 -7.376755341e+001 -7.376755341e+001 -2.5576e+000 +3.8277e+000 +2.5001e+000 -2.8339e+000 -2.3433e+000
% function evaluation | noise-free fitness - Fopt (2.941500000000e+002) | best noise-free fitness - Fopt | measured fitness | best measured fitness | x1 | x2...
1 +2.112874139e+003 +2.112874139e+003 +2.407024139e+003 +2.407024139e+003 +4.0037e+000 +3.1634e+000 +2.8798e+000 +3.5671e+000 -3.2305e+000
3 +2.005835582e+003 +2.005835582e+003 +2.299985582e+003 +2.299985582e+003 +1.0042e+000 +2.7267e+000 -3.5871e+000 +4.5045e+000 -4.2491e+000
5 +1.719941272e+003 +1.719941272e+003 +2.014091272e+003 +2.014091272e+003 +3.3297e+000 +1.7661e+000 +1.7746e+000 +2.9180e+000 -3.1452e+000
9 +1.371360295e+003 +1.371360295e+003 +1.665510295e+003 +1.665510295e+003 +8.9088e-001 +1.3767e+000 +1.6288e+000 +3.0355e+000 -1.8943e+000
15 +1.323549912e+003 +1.323549912e+003 +1.617699912e+003 +1.617699912e+003 +2.1925e+000 +1.1100e+000 +3.9488e+000 -4.5262e-001 -1.7955e+000
23 +8.518079305e+002 +8.518079305e+002 +1.145957930e+003 +1.145957930e+003 +9.9665e-001 +1.2159e+000 +6.3650e+000 -3.3186e-001 +4.5479e+000
34 +7.680508750e+002 +7.680508750e+002 +1.062200875e+003 +1.062200875e+003 +4.3029e-001 -3.3907e-001 +1.7849e+000 -2.6943e+000 +3.8224e+000
36 +6.595229101e+002 +6.595229101e+002 +9.536729101e+002 +9.536729101e+002 +7.0239e-002 -1.5691e+000 +5.7305e+000 +2.6087e+000 +2.4030e+000
42 +3.689683666e+002 +3.689683666e+002 +6.631183666e+002 +6.631183666e+002 -9.4970e-001 -2.7585e-001 +5.2443e+000 -8.9853e-001 +2.5591e+000
87 +2.142207678e+002 +2.142207678e+002 +5.083707678e+002 +5.083707678e+002 +1.3246e+000 -1.3497e+000 +2.3860e+000 +1.5253e+000 +3.1988e+000
174 +1.827981688e+002 +1.827981688e+002 +4.769481688e+002 +4.769481688e+002 +9.7329e-001 +1.0605e-002 +3.3635e+000 -2.6468e-001 +3.2542e+000
177 +1.558307395e+002 +1.558307395e+002 +4.499807395e+002 +4.499807395e+002 +6.1097e-001 -6.0354e-001 +3.3029e+000 +2.2911e-001 +2.9024e+000
246 +1.215733439e+002 +1.215733439e+002 +4.157233439e+002 +4.157233439e+002 +8.1603e-001 -7.6396e-001 +3.3438e+000 +1.8802e-001 +3.0483e+000
276 +1.072677760e+002 +1.072677760e+002 +4.014177760e+002 +4.014177760e+002 +1.0475e+000 -7.1986e-001 +3.1337e+000 +5.7963e-001 +3.0007e+000
401 +1.015602884e+002 +1.015602884e+002 +3.957102884e+002 +3.957102884e+002 +1.3016e+000 -3.7574e-001 +2.5044e+000 +3.5196e-001 +3.2025e+000
409 +9.054837267e+001 +9.054837267e+001 +3.846983727e+002 +3.846983727e+002 +1.2505e+000 -3.1326e-001 +2.3680e+000 +5.7702e-001 +3.2070e+000
444 +7.860423061e+001 +7.860423061e+001 +3.727542306e+002 +3.727542306e+002 +1.5100e+000 -3.5673e-001 +2.4753e+000 +3.6787e-001 +3.4410e+000
464 +6.942077378e+001 +6.942077378e+001 +3.635707738e+002 +3.635707738e+002 +1.2869e+000 -2.9760e-001 +2.2890e+000 +6.9496e-001 +3.3461e+000
486 +5.429955965e+001 +5.429955965e+001 +3.484495597e+002 +3.484495597e+002 +1.4328e+000 -3.2354e-001 +2.2879e+000 +7.1300e-001 +3.6011e+000
504 +4.811600172e+001 +4.811600172e+001 +3.422660017e+002 +3.422660017e+002 +1.5233e+000 -3.9108e-001 +2.2627e+000 +6.0081e-001 +3.4466e+000
534 +4.782299055e+001 +4.782299055e+001 +3.419729906e+002 +3.419729906e+002 +1.4236e+000 -3.1191e-001 +2.2005e+000 +6.1591e-001 +3.4305e+000
549 +3.096094407e+001 +3.096094407e+001 +3.251109441e+002 +3.251109441e+002 +1.4370e+000 -3.8381e-001 +2.2645e+000 +7.1774e-001 +3.4571e+000
602 +2.922478135e+001 +2.922478135e+001 +3.233747813e+002 +3.233747813e+002 +1.4422e+000 -4.4531e-001 +2.3223e+000 +6.9876e-001 +3.4419e+000
637 +2.798911320e+001 +2.798911320e+001 +3.221391132e+002 +3.221391132e+002 +1.4697e+000 -4.5645e-001 +2.3222e+000 +7.2695e-001 +3.4607e+000
644 +2.388753155e+001 +2.388753155e+001 +3.180375316e+002 +3.180375316e+002 +1.4515e+000 -4.2391e-001 +2.3078e+000 +7.0627e-001 +3.4671e+000
736 +2.238392508e+001 +2.238392508e+001 +3.165339251e+002 +3.165339251e+002 +1.4675e+000 -4.1260e-001 +2.2832e+000 +7.0873e-001 +3.4733e+000
756 +2.177199620e+001 +2.177199620e+001 +3.159219962e+002 +3.159219962e+002 +1.4742e+000 -4.1721e-001 +2.2779e+000 +7.1164e-001 +3.4809e+000
768 +2.057890987e+001 +2.057890987e+001 +3.147289099e+002 +3.147289099e+002 +1.4822e+000 -4.0130e-001 +2.2373e+000 +7.2223e-001 +3.4857e+000
981 +2.040815768e+001 +2.040815768e+001 +3.145581577e+002 +3.145581577e+002 +1.4782e+000 -4.0383e-001 +2.2473e+000 +7.1676e-001 +3.4866e+000
% function evaluation | noise-free fitness - Fopt (-2.703600000000e+002) | best noise-free fitness - Fopt | measured fitness | best measured fitness | x1 | x2...
1 +2.924449113e+003 +2.924449113e+003 +2.654089113e+003 +2.654089113e+003 -2.5624e+000 +1.7996e+000 +5.9468e+000 +9.2995e+000 -4.7968e+000
2 +2.826584563e+003 +2.826584563e+003 +2.556224563e+003 +2.556224563e+003 -5.1609e+000 -3.2603e+000 +1.9590e+000 +7.8968e+000 -1.0742e+001
5 +2.543239246e+003 +2.543239246e+003 +2.272879246e+003 +2.272879246e+003 -1.7069e+000 -4.9883e+000 +2.8450e+000 +5.8760e-001 -4.4146e+000
6 +2.383076314e+003 +2.383076314e+003 +2.112716314e+003 +2.112716314e+003 -2.5398e+000 +1.7796e+000 +4.4750e+000 +4.2059e+000 -6.7968e+000
7 +2.271994855e+003 +2.271994855e+003 +2.001634855e+003 +2.001634855e+003 -1.9386e+000 -5.7057e-001 +4.3715e+000 +6.1461e+000 -4.0368e+000
8 +2.101218693e+003 +2.101218693e+003 +1.830858693e+003 +1.830858693e+003 -5.4578e+000 -2.1056e-001 +3.9400e+000 +5.8461e+000 -5.2339e+000
10 +1.342622573e+003 +1.342622573e+003 +1.072262573e+003 +1.072262573e+003 -4.6203e+000 +1.1090e+000 -7.5499e-002 +5.3643e+000 -5.9856e+000
12 +1.305863250e+003 +1.305863250e+003 +1.035503250e+003 +1.035503250e+003 -2.4429e+000 -9.1887e-001 +9.4928e-001 +3.3456e+000 -2.8683e+000
31 +8.064741256e+002 +8.064741256e+002 +5.361141256e+002 +5.361141256e+002 -2.9600e+000 +2.9489e-001 +7.1309e-001 +8.9295e-001 +1.6031e+000
49 +7.897270374e+002 +7.897270374e+002 +5.193670374e+002 +5.193670374e+002 -2.8995e+000 +1.4949e+000 -1.1422e+000 +3.0621e+000 -1.7393e+000
65 +6.395917183e+002 +6.395917183e+002 +3.692317183e+002 +3.692317183e+002 -1.7415e+000 -4.8498e-002 -6.7250e-001 +1.3752e+000 -5.4054e-002
66 +5.649918602e+002 +5.649918602e+002 +2.946318602e+002 +2.946318602e+002 -3.3774e+000 +6.5160e-001 -5.4713e-001 +9.8155e-001 +1.2623e+000
111 +5.316844038e+002 +5.316844038e+002 +2.613244038e+002 +2.613244038e+002 -3.7893e+000 +5.2946e-001 -5.8692e-001 -2.5185e-001 +1.1675e+000
127 +3.707618371e+002 +3.707618371e+002 +1.004018371e+002 +1.004018371e+002 -3.2379e+000 +4.2558e-003 -2.8749e+000 -1.3670e+000 +7.4830e-001
161 +3.146813638e+002 +3.146813638e+002 +4.432136383e+001 +4.432136383e+001 -1.5759e+000 +5.0995e-001 -2.1792e+000 -2.3950e+000 +7.8126e-001
172 +1.599612372e+002 +1.599612372e+002 -1.103987628e+002 -1.103987628e+002 -1.9725e+000 +5.9397e-001 -2.6126e+000 -9.8561e-001 +1.1985e+000
252 +1.386084066e+002 +1.386084066e+002 -1.317515934e+002 -1.317515934e+002 -1.6886e+000 +7.1909e-001 -3.0407e+000 -2.6162e-001 +4.7552e-001
261 +1.086407455e+002 +1.086407455e+002 -1.617192545e+002 -1.617192545e+002 -1.9317e+000 +6.9536e-001 -2.9139e+000 -1.1863e+000 +3.1160e-001
267 +6.569538942e+001 +6.569538942e+001 -2.046646106e+002 -2.046646106e+002 -1.1355e+000 +6.6482e-001 -2.9363e+000 -9.8792e-001 +3.7841e-001
289 +4.309544665e+001 +4.309544665e+001 -2.272645533e+002 -2.272645533e+002 -1.8406e+000 +5.5147e-001 -3.0551e+000 -5.3932e-001 +3.7205e-001
328 +3.418062709e+001 +3.418062709e+001 -2.361793729e+002 -2.361793729e+002 -1.8000e+000 +5.5768e-001 -2.9386e+000 -6.8574e-001 +1.8038e-001
365 +3.359820354e+001 +3.359820354e+001 -2.367617965e+002 -2.367617965e+002 -1.6847e+000 +5.2734e-001 -3.0604e+000 -5.9426e-001 +8.5035e-002
372 +2.121550046e+001 +2.121550046e+001 -2.491444995e+002 -2.491444995e+002 -1.8323e+000 +5.5539e-001 -3.0206e+000 -5.6631e-001 +2.4766e-001
409 +2.054228566e+001 +2.054228566e+001 -2.498177143e+002 -2.498177143e+002 -1.7722e+000 +5.0050e-001 -3.0700e+000 -6.3762e-001 +2.9509e-001
442 +1.992058241e+001 +1.992058241e+001 -2.504394176e+002 -2.504394176e+002 -1.8202e+000 +4.8508e-001 -3.0589e+000 -6.2937e-001 +2.3089e-001
460 +1.348756789e+001 +1.348756789e+001 -2.568724321e+002 -2.568724321e+002 -1.8410e+000 +5.0410e-001 -3.0418e+000 -5.3231e-001 +1.7180e-001
586 +1.161273313e+001 +1.161273313e+001 -2.587472669e+002 -2.587472669e+002 -1.8219e+000 +5.2028e-001 -3.0194e+000 -5.6972e-001 +2.2131e-001
625 +1.088919979e+001 +1.088919979e+001 -2.594708002e+002 -2.594708002e+002 -1.8225e+000 +5.0370e-001 -3.0359e+000 -5.9688e-001 +2.4456e-001
634 +9.452258674e+000 +9.452258674e+000 -2.609077413e+002 -2.609077413e+002 -1.8256e+000 +5.0531e-001 -3.0359e+000 -5.8984e-001 +2.2665e-001
678 +7.538627739e+000 +7.538627739e+000 -2.628213723e+002 -2.628213723e+002 -1.8081e+000 +5.1418e-001 -3.0308e+000 -5.9976e-001 +2.3103e-001
887 +7.330533592e+000 +7.330533592e+000 -2.630294664e+002 -2.630294664e+002 -1.7983e+000 +5.1559e-001 -3.0316e+000 -6.0915e-001 +2.2689e-001
905 +7.182122586e+000 +7.182122586e+000 -2.631778774e+002 -2.631778774e+002 -1.8095e+000 +5.1902e-001 -3.0306e+000 -6.0097e-001 +2.2269e-001
937 +7.056142669e+000 +7.056142669e+000 -2.633038573e+002 -2.633038573e+002 -1.8105e+000 +5.1854e-001 -3.0310e+000 -6.0333e-001 +2.2348e-001
943 +6.905848634e+000 +6.905848634e+000 -2.634541514e+002 -2.634541514e+002 -1.8021e+000 +5.1889e-001 -3.0314e+000 -6.0656e-001 +2.2855e-001
989 +6.448559291e+000 +6.448559291e+000 -2.639114407e+002 -2.639114407e+002 -1.8049e+000 +5.1865e-001 -3.0337e+000 -6.0710e-001 +2.2582e-001
1244 +6.285244755e+000 +6.285244755e+000 -2.640747552e+002 -2.640747552e+002 -1.8023e+000 +5.1874e-001 -3.0339e+000 -6.0841e-001 +2.2723e-001
% function evaluation | noise-free fitness - Fopt (-6.645000000000e+001) | best noise-free fitness - Fopt | measured fitness | best measured fitness | x1 | x2...
1 +7.820603214e+002 +7.820603214e+002 +7.156103214e+002 +7.156103214e+002 +2.9261e+000 +5.8877e-001 +4.4834e+000 -3.9055e+000 +5.5037e+000
22 +6.290206653e+002 +6.290206653e+002 +5.625706653e+002 +5.625706653e+002 +2.3389e+000 +4.1869e+000 +1.0631e+000 -1.6400e+000 +3.0595e+000
40 +4.628168167e+002 +4.628168167e+002 +3.963668167e+002 +3.963668167e+002 +5.5640e+000 +1.6807e+000 +4.4775e+000 -4.1455e+000 +6.0806e+000
42 +4.355430568e+002 +4.355430568e+002 +3.690930568e+002 +3.690930568e+002 +3.6375e+000 +4.6626e+000 +4.2719e+000 -3.5626e+000 +6.1038e+000
109 +1.948921100e+002 +1.948921100e+002 +1.284421100e+002 +1.284421100e+002 +3.8627e+000 +4.6145e+000 +3.5679e+000 -3.5478e+000 +3.9465e+000
178 +1.550390628e+002 +1.550390628e+002 +8.858906282e+001 +8.858906282e+001 +2.5249e+000 +4.5036e+000 +1.9370e+000 -3.4440e+000 +1.6343e+000
243 +9.231199668e+001 +9.231199668e+001 +2.586199668e+001 +2.586199668e+001 +3.1176e+000 +4.4187e+000 +2.2195e+000 -3.7724e+000 +1.5296e+000
274 +9.087593064e+001 +9.087593064e+001 +2.442593064e+001 +2.442593064e+001 +2.4484e+000 +4.1955e+000 +1.7879e+000 -3.9557e+000 +8.2190e-001
278 +8.104521301e+001 +8.104521301e+001 +1.459521301e+001 +1.459521301e+001 +3.1156e+000 +3.4594e+000 +2.0785e+000 -4.1716e+000 +1.6309e+000
295 +7.132522757e+001 +7.132522757e+001 +4.875227570e+000 +4.875227570e+000 +2.9821e+000 +3.9025e+000 +1.9635e+000 -3.9458e+000 +1.5187e+000
301 +6.762394034e+001 +6.762394034e+001 +1.173940343e+000 +1.173940343e+000 +3.0817e+000 +3.8438e+000 +2.0766e+000 -4.0518e+000 +1.0171e+000
305 +6.118064096e+001 +6.118064096e+001 -5.269359044e+000 -5.269359044e+000 +3.1342e+000 +3.6995e+000 +1.9809e+000 -3.9989e+000 +1.3646e+000
333 +4.822438796e+001 +4.822438796e+001 -1.822561204e+001 -1.822561204e+001 +2.6885e+000 +3.7707e+000 +1.9629e+000 -3.8881e+000 +1.0394e+000
366 +4.265261214e+001 +4.265261214e+001 -2.379738786e+001 -2.379738786e+001 +2.9509e+000 +3.8417e+000 +1.9658e+000 -3.9353e+000 +1.2694e+000
380 +3.167655301e+001 +3.167655301e+001 -3.477344699e+001 -3.477344699e+001 +2.8554e+000 +3.8750e+000 +2.0486e+000 -3.9664e+000 +9.3074e-001
412 +2.662372123e+001 +2.662372123e+001 -3.982627877e+001 -3.982627877e+001 +2.9828e+000 +3.8541e+000 +2.0449e+000 -3.8504e+000 +1.2144e+000
451 +2.612960846e+001 +2.612960846e+001 -4.032039154e+001 -4.032039154e+001 +2.9260e+000 +3.8675e+000 +2.0039e+000 -3.8164e+000 +1.1784e+000
479 +1.269100106e+001 +1.269100106e+001 -5.375899894e+001 -5.375899894e+001 +2.9428e+000 +3.9031e+000 +2.1152e+000 -3.8604e+000 +1.1898e+000
553 +1.154422382e+001 +1.154422382e+001 -5.490577618e+001 -5.490577618e+001 +2.8502e+000 +3.8775e+000 +2.0995e+000 -3.8341e+000 +1.0565e+000
573 +1.132501001e+001 +1.132501001e+001 -5.512498999e+001 -5.512498999e+001 +2.9333e+000 +3.8805e+000 +2.1129e+000 -3.8654e+000 +1.1742e+000
593 +9.501720468e+000 +9.501720468e+000 -5.694827953e+001 -5.694827953e+001 +2.9166e+000 +3.9352e+000 +2.1435e+000 -3.8026e+000 +1.1755e+000
603 +8.532161009e+000 +8.532161009e+000 -5.791783899e+001 -5.791783899e+001 +2.9058e+000 +3.9447e+000 +2.1353e+000 -3.8538e+000 +1.1370e+000
612 +5.184751755e+000 +5.184751755e+000 -6.126524824e+001 -6.126524824e+001 +2.9083e+000 +3.9130e+000 +2.1234e+000 -3.8370e+000 +1.1428e+000
644 +5.015782360e+000 +5.015782360e+000 -6.143421764e+001 -6.143421764e+001 +2.9100e+000 +3.9076e+000 +2.1488e+000 -3.8450e+000 +1.1431e+000
746 +4.431154768e+000 +4.431154768e+000 -6.201884523e+001 -6.201884523e+001 +2.9103e+000 +3.9272e+000 +2.1405e+000 -3.8412e+000 +1.1620e+000
786 +4.025843012e+000 +4.025843012e+000 -6.242415699e+001 -6.242415699e+001 +2.9042e+000 +3.9437e+000 +2.1510e+000 -3.8323e+000 +1.1485e+000
822 +3.636186143e+000 +3.636186143e+000 -6.281381386e+001 -6.281381386e+001 +2.9012e+000 +3.9373e+000 +2.1373e+000 -3.8277e+000 +1.1479e+000
827 +3.336880719e+000 +3.336880719e+000 -6.311311928e+001 -6.311311928e+001 +2.9074e+000 +3.9254e+000 +2.1464e+000 -3.8393e+000 +1.1458e+000
879 +3.113257144e+000 +3.113257144e+000 -6.333674286e+001 -6.333674286e+001 +2.9014e+000 +3.9371e+000 +2.1472e+000 -3.8354e+000 +1.1479e+000
887 +2.998599527e+000 +2.998599527e+000 -6.345140047e+001 -6.345140047e+001 +2.9044e+000 +3.9308e+000 +2.1539e+000 -3.8353e+000 +1.1490e+000
888 +2.724059864e+000 +2.724059864e+000 -6.372594014e+001 -6.372594014e+001 +2.9057e+000 +3.9307e+000 +2.1495e+000 -3.8349e+000 +1.1491e+000
901 +2.617962037e+000 +2.617962037e+000 -6.383203796e+001 -6.383203796e+001 +2.9027e+000 +3.9315e+000 +2.1482e+000 -3.8369e+000 +1.1543e+000
928 +2.490368201e+000 +2.490368201e+000 -6.395963180e+001 -6.395963180e+001 +2.9012e+000 +3.9314e+000 +2.1498e+000 -3.8360e+000 +1.1504e+000
930 +2.226715115e+000 +2.226715115e+000 -6.422328488e+001 -6.422328488e+001 +2.9024e+000 +3.9303e+000 +2.1499e+000 -3.8356e+000 +1.1521e+000
938 +2.097344770e+000 +2.097344770e+000 -6.435265523e+001 -6.435265523e+001 +2.9022e+000 +3.9278e+000 +2.1442e+000 -3.8349e+000 +1.1457e+000
980 +1.977147545e+000 +1.977147545e+000 -6.447285245e+001 -6.447285245e+001 +2.9036e+000 +3.9292e+000 +2.1480e+000 -3.8351e+000 +1.1506e+000
1091 +1.898909851e+000 +1.898909851e+000 -6.455109015e+001 -6.455109015e+001 +2.9027e+000 +3.9292e+000 +2.1473e+000 -3.8352e+000 +1.1498e+000
1327 +1.852190895e+000 +1.852190895e+000 -6.459780910e+001 -6.459780910e+001 +2.9032e+000 +3.9288e+000 +2.1476e+000 -3.8355e+000 +1.1508e+000
% function evaluation | noise-free fitness - Fopt (2.509000000000e+001) | best noise-free fitness - Fopt | measured fitness | best measured fitness | x1 | x2...
1 +1.579517911e+003 +1.579517911e+003 +1.604607911e+003 +1.604607911e+003 +5.1145e-002 +4.2543e+000 +5.2438e-001 -1.4226e+000 +4.7043e+000
5 +1.075624164e+003 +1.075624164e+003 +1.100714164e+003 +1.100714164e+003 -5.0378e-001 +2.6442e+000 -3.9659e+000 +1.6499e+000 +9.6923e-001
9 +9.199520635e+002 +9.199520635e+002 +9.450420635e+002 +9.450420635e+002 +1.0846e+000 +8.9861e-001 -2.0453e-001 -1.0366e-001 +2.1913e+000
32 +9.098145578e+002 +9.098145578e+002 +9.349045578e+002 +9.349045578e+002 +4.1506e-001 +4.1199e+000 -9.1933e-001 +4.3654e+000 +4.7482e-001
36 +5.780306455e+002 +5.780306455e+002 +6.031206455e+002 +6.031206455e+002 +2.0786e+000 -1.3424e-001 -1.8428e+000 +2.8199e+000 -7.3846e-001
56 +5.749818845e+002 +5.749818845e+002 +6.000718845e+002 +6.000718845e+002 +1.2653e+000 +2.8732e+000 -1.2157e+000 +2.0337e+000 -4.5003e-001
61 +4.788302677e+002 +4.788302677e+002 +5.039202677e+002 +5.039202677e+002 +2.4835e+000 +2.3514e+000 -8.6077e-001 +2.4457e+000 -4.4346e-001
80 +4.764437330e+002 +4.764437330e+002 +5.015337330e+002 +5.015337330e+002 +1.9224e+000 +1.1611e+000 -6.5449e-001 +3.1929e+000 -1.1826e+000
81 +4.380347974e+002 +4.380347974e+002 +4.631247974e+002 +4.631247974e+002 +1.5977e+000 +9.2612e-001 -1.1073e+000 +2.1069e+000 -1.6783e+000
90 +4.042813791e+002 +4.042813791e+002 +4.293713791e+002 +4.293713791e+002 +2.4901e+000 +1.4917e+000 -3.4875e-001 +2.9878e+000 -8.5267e-001
91 +3.922539768e+002 +3.922539768e+002 +4.173439768e+002 +4.173439768e+002 +3.2564e+000 -4.4586e-001 -1.8822e+000 +2.2713e+000 -3.0982e+000
102 +3.758560854e+002 +3.758560854e+002 +4.009460854e+002 +4.009460854e+002 +2.9035e+000 +4.3849e-001 -9.8230e-001 +2.3182e+000 -9.1703e-001
119 +1.724876861e+002 +1.724876861e+002 +1.975776861e+002 +1.975776861e+002 +3.3085e+000 +1.1137e+000 -3.7928e-001 +2.2714e+000 -2.0782e+000
167 +1.481560421e+002 +1.481560421e+002 +1.732460421e+002 +1.732460421e+002 +4.4888e+000 +1.4601e-001 -4.0964e-001 +2.5694e+000 -2.1372e+000
187 +1.355071258e+002 +1.355071258e+002 +1.605971258e+002 +1.605971258e+002 +4.0535e+000 +5.1443e-001 -1.6048e-001 +2.8476e+000 -2.6363e+000
243 +1.274003178e+002 +1.274003178e+002 +1.524903178e+002 +1.524903178e+002 +3.4848e+000 +1.2406e+000 +2.1648e-002 +2.1775e+000 -2.3029e+000
254 +8.404017250e+001 +8.404017250e+001 +1.091301725e+002 +1.091301725e+002 +3.7039e+000 +6.4961e-001 +4.5145e-001 +1.9701e+000 -2.1192e+000
278 +5.428603439e+001 +5.428603439e+001 +7.937603439e+001 +7.937603439e+001 +3.7083e+000 +6.1825e-001 +3.5676e-001 +1.8644e+000 -2.2934e+000
343 +5.248728877e+001 +5.248728877e+001 +7.757728877e+001 +7.757728877e+001 +3.7118e+000 +4.1006e-001 +1.0708e-001 +1.9861e+000 -2.2567e+000
378 +5.201246314e+001 +5.201246314e+001 +7.710246314e+001 +7.710246314e+001 +3.6199e+000 +2.8822e-001 +2.1827e-001 +1.9925e+000 -2.3572e+000
410 +4.553390051e+001 +4.553390051e+001 +7.062390051e+001 +7.062390051e+001 +3.6103e+000 +2.8682e-001 +1.1963e-001 +1.8851e+000 -2.2987e+000
417 +4.448411870e+001 +4.448411870e+001 +6.957411870e+001 +6.957411870e+001 +3.5645e+000 +3.9883e-001 +1.2431e-001 +1.8579e+000 -2.2819e+000
513 +4.214096787e+001 +4.214096787e+001 +6.723096787e+001 +6.723096787e+001 +3.6751e+000 +3.2870e-001 +1.0533e-001 +1.9162e+000 -2.3034e+000
530 +3.757172347e+001 +3.757172347e+001 +6.266172347e+001 +6.266172347e+001 +3.6781e+000 +3.5383e-001 +1.1763e-001 +1.6800e+000 -2.3021e+000
570 +3.572049623e+001 +3.572049623e+001 +6.081049623e+001 +6.081049623e+001 +3.6995e+000 +4.4539e-001 +1.9163e-001 +1.8324e+000 -2.3172e+000
574 +3.192246469e+001 +3.192246469e+001 +5.701246469e+001 +5.701246469e+001 +3.6700e+000 +4.2791e-001 +1.8329e-001 +1.7875e+000 -2.3195e+000
606 +3.075152960e+001 +3.075152960e+001 +5.584152960e+001 +5.584152960e+001 +3.6739e+000 +4.6952e-001 +1.2392e-001 +1.7460e+000 -2.3439e+000
631 +2.959373398e+001 +2.959373398e+001 +5.468373398e+001 +5.468373398e+001 +3.6712e+000 +4.3965e-001 +1.4633e-001 +1.7843e+000 -2.3360e+000
633 +2.459164645e+001 +2.459164645e+001 +4.968164645e+001 +4.968164645e+001 +3.6432e+000 +3.9729e-001 +1.7299e-001 +1.7633e+000 -2.4855e+000
652 +2.361841567e+001 +2.361841567e+001 +4.870841567e+001 +4.870841567e+001 +3.6631e+000 +4.2394e-001 +2.0996e-001 +1.7112e+000 -2.3700e+000
655 +2.293162912e+001 +2.293162912e+001 +4.802162912e+001 +4.802162912e+001 +3.6696e+000 +3.0206e-001 +1.5386e-001 +1.7830e+000 -2.3745e+000
661 +2.284154186e+001 +2.284154186e+001 +4.793154186e+001 +4.793154186e+001 +3.6661e+000 +2.9110e-001 +1.2037e-001 +1.7924e+000 -2.3859e+000
677 +2.150542853e+001 +2.150542853e+001 +4.659542853e+001 +4.659542853e+001 +3.6634e+000 +4.1783e-001 +2.2408e-001 +1.7588e+000 -2.3896e+000
678 +2.022285546e+001 +2.022285546e+001 +4.531285546e+001 +4.531285546e+001 +3.6654e+000 +2.8828e-001 +1.5132e-001 +1.7835e+000 -2.4339e+000
682 +1.964673744e+001 +1.964673744e+001 +4.473673744e+001 +4.473673744e+001 +3.6682e+000 +3.3792e-001 +9.7963e-002 +1.7753e+000 -2.3886e+000
691 +1.925800849e+001 +1.925800849e+001 +4.434800849e+001 +4.434800849e+001 +3.6715e+000 +3.4761e-001 +1.3332e-001 +1.7740e+000 -2.3819e+000
692 +1.831270893e+001 +1.831270893e+001 +4.340270893e+001 +4.340270893e+001 +3.6670e+000 +3.4046e-001 +1.5768e-001 +1.7797e+000 -2.3931e+000
701 +1.456121015e+001 +1.456121015e+001 +3.965121015e+001 +3.965121015e+001 +3.6642e+000 +3.8884e-001 +1.7990e-001 +1.7409e+000 -2.4272e+000
730 +1.213072161e+001 +1.213072161e+001 +3.722072161e+001 +3.722072161e+001 +3.6663e+000 +3.2299e-001 +1.1136e-001 +1.7312e+000 -2.4208e+000
771 +1.194961620e+001 +1.194961620e+001 +3.703961620e+001 +3.703961620e+001 +3.6648e+000 +3.7993e-001 +1.3271e-001 +1.7277e+000 -2.4343e+000
782 +1.134976832e+001 +1.134976832e+001 +3.643976832e+001 +3.643976832e+001 +3.6633e+000 +3.5807e-001 +1.3030e-001 +1.7421e+000 -2.4306e+000
804 +1.095619411e+001 +1.095619411e+001 +3.604619411e+001 +3.604619411e+001 +3.6566e+000 +3.3516e-001 +1.3912e-001 +1.7300e+000 -2.4307e+000
827 +9.441432227e+000 +9.441432227e+000 +3.453143223e+001 +3.453143223e+001 +3.6550e+000 +3.3802e-001 +1.4229e-001 +1.7123e+000 -2.4353e+000
828 +9.268063496e+000 +9.268063496e+000 +3.435806350e+001 +3.435806350e+001 +3.6680e+000 +3.5075e-001 +1.2119e-001 +1.7204e+000 -2.4321e+000
839 +8.411984719e+000 +8.411984719e+000 +3.350198472e+001 +3.350198472e+001 +3.6596e+000 +3.5093e-001 +1.3800e-001 +1.7098e+000 -2.4346e+000
872 +8.192867955e+000 +8.192867955e+000 +3.328286796e+001 +3.328286796e+001 +3.6573e+000 +3.4581e-001 +1.2969e-001 +1.7105e+000 -2.4326e+000
1012 +8.037668469e+000 +8.037668469e+000 +3.312766847e+001 +3.312766847e+001 +3.6584e+000 +3.4786e-001 +1.3929e-001 +1.7084e+000 -2.4329e+000
1021 +7.850300386e+000 +7.850300386e+000 +3.294030039e+001 +3.294030039e+001 +3.6555e+000 +3.4581e-001 +1.3871e-001 +1.7065e+000 -2.4325e+000
1113 +7.504181715e+000 +7.504181715e+000 +3.259418172e+001 +3.259418172e+001 +3.6540e+000 +3.4562e-001 +1.3565e-001 +1.7052e+000 -2.4305e+000
1173 +7.348290878e+000 +7.348290878e+000 +3.243829088e+001 +3.243829088e+001 +3.6512e+000 +3.4712e-001 +1.3785e-001 +1.7019e+000 -2.4293e+000
1174 +7.190193765e+000 +7.190193765e+000 +3.228019376e+001 +3.228019376e+001 +3.6526e+000 +3.4764e-001 +1.3692e-001 +1.7023e+000 -2.4299e+000
