% function evaluation | noise-free fitness - Fopt (2.997000000000e+001) | best noise-free fitness - Fopt | measured fitness | best measured fitness | x1 | x2...
1 +1.680621267e+003 +1.680621267e+003 +1.710591267e+003 +1.710591267e+003 +4.3802e+000 -1.8654e+000 +4.9373e+000
2 +5.920607953e+002 +5.920607953e+002 +6.220307953e+002 +6.220307953e+002 +4.2562e+000 -7.0006e+000 +2.4868e+000
19 +4.923345513e+002 +4.923345513e+002 +5.223045513e+002 +5.223045513e+002 -1.6123e-001 -5.4933e+000 -2.4429e+000
28 +4.288415775e+002 +4.288415775e+002 +4.588115775e+002 +4.588115775e+002 +4.4370e+000 -4.2146e+000 -2.0088e+000
39 +2.679679832e+002 +2.679679832e+002 +2.979379832e+002 +2.979379832e+002 +2.7263e+000 -5.7771e+000 -1.3902e-002
48 +8.709901840e+001 +8.709901840e+001 +1.170690184e+002 +1.170690184e+002 +1.2349e+000 -1.6918e+000 -2.9729e+000
53 +5.698964823e+001 +5.698964823e+001 +8.695964823e+001 +8.695964823e+001 +2.2275e+000 -3.8547e+000 -1.9210e+000
71 +4.556721780e+001 +4.556721780e+001 +7.553721780e+001 +7.553721780e+001 +1.7963e+000 -2.9216e+000 -2.3628e+000
86 +3.853260763e+001 +3.853260763e+001 +6.850260763e+001 +6.850260763e+001 +1.7021e+000 -3.0601e+000 -2.3836e+000
119 +3.800448640e+001 +3.800448640e+001 +6.797448640e+001 +6.797448640e+001 +1.8536e+000 -2.9677e+000 -2.4226e+000
122 +2.838178464e+001 +2.838178464e+001 +5.835178464e+001 +5.835178464e+001 +1.8523e+000 -3.1926e+000 -2.3142e+000
151 +2.654242687e+001 +2.654242687e+001 +5.651242687e+001 +5.651242687e+001 +1.8481e+000 -3.0958e+000 -2.3776e+000
163 +2.539095750e+001 +2.539095750e+001 +5.536095750e+001 +5.536095750e+001 +1.8481e+000 -3.1372e+000 -2.3534e+000
192 +2.454403367e+001 +2.454403367e+001 +5.451403367e+001 +5.451403367e+001 +1.8007e+000 -3.0548e+000 -2.5125e+000
196 +2.356167210e+001 +2.356167210e+001 +5.353167210e+001 +5.353167210e+001 +1.7927e+000 -3.0007e+000 -2.4782e+000
212 +2.262250640e+001 +2.262250640e+001 +5.259250640e+001 +5.259250640e+001 +1.7734e+000 -3.0575e+000 -2.5153e+000
233 +2.156114411e+001 +2.156114411e+001 +5.153114411e+001 +5.153114411e+001 +1.8057e+000 -3.0831e+000 -2.4682e+000
234 +2.045977746e+001 +2.045977746e+001 +5.042977746e+001 +5.042977746e+001 +1.8019e+000 -3.1011e+000 -2.4376e+000
254 +2.021673649e+001 +2.021673649e+001 +5.018673649e+001 +5.018673649e+001 +1.7967e+000 -3.0928e+000 -2.4458e+000
276 +1.965122221e+001 +1.965122221e+001 +4.962122221e+001 +4.962122221e+001 +1.7846e+000 -3.0626e+000 -2.4497e+000
288 +1.888403768e+001 +1.888403768e+001 +4.885403768e+001 +4.885403768e+001 +1.7895e+000 -3.0481e+000 -2.4726e+000
361 +1.800634657e+001 +1.800634657e+001 +4.797634657e+001 +4.797634657e+001 +1.7949e+000 -3.0674e+000 -2.4533e+000
% function evaluation | noise-free fitness - Fopt (-5.171000000000e+001) | best noise-free fitness - Fopt | measured fitness | best measured fitness | x1 | x2...
1 +4.141829747e+002 +4.141829747e+002 +3.624729747e+002 +3.624729747e+002 +3.0540e+000 +1.9126e+000 -4.3293e+000
24 +4.019425455e+002 +4.019425455e+002 +3.502325455e+002 +3.502325455e+002 +3.7801e+000 +1.5989e+000 -4.1706e+000
29 +2.031001561e+002 +2.031001561e+002 +1.513901561e+002 +1.513901561e+002 +3.8643e+000 +2.1333e+000 -3.7869e+000
44 +1.754161127e+002 +1.754161127e+002 +1.237061127e+002 +1.237061127e+002 +3.4569e+000 +2.9935e+000 -4.2232e+000
45 +7.817614876e+001 +7.817614876e+001 +2.646614876e+001 +2.646614876e+001 +3.2759e+000 +2.4876e+000 -3.1978e+000
77 +5.802357116e+001 +5.802357116e+001 +6.313571163e+000 +6.313571163e+000 +4.0257e+000 +2.3060e+000 -3.2659e+000
83 +5.689472950e+001 +5.689472950e+001 +5.184729496e+000 +5.184729496e+000 +3.9396e+000 +2.2996e+000 -2.9410e+000
97 +4.621335042e+001 +4.621335042e+001 -5.496649577e+000 -5.496649577e+000 +4.2572e+000 +2.5548e+000 -3.3843e+000
99 +1.795353648e+001 +1.795353648e+001 -3.375646352e+001 -3.375646352e+001 +4.7280e+000 +2.1556e+000 -3.0637e+000
143 +1.679825751e+001 +1.679825751e+001 -3.491174249e+001 -3.491174249e+001 +4.1694e+000 +2.3712e+000 -3.1180e+000
150 +1.596781993e+001 +1.596781993e+001 -3.574218007e+001 -3.574218007e+001 +4.5426e+000 +2.2874e+000 -3.1958e+000
158 +1.557177323e+001 +1.557177323e+001 -3.613822677e+001 -3.613822677e+001 +4.6044e+000 +2.2610e+000 -3.1370e+000
175 +1.223566131e+001 +1.223566131e+001 -3.947433869e+001 -3.947433869e+001 +4.4646e+000 +2.2712e+000 -3.1663e+000
183 +9.827844547e+000 +9.827844547e+000 -4.188215545e+001 -4.188215545e+001 +4.4337e+000 +2.2996e+000 -3.1328e+000
275 +9.571135621e+000 +9.571135621e+000 -4.213886438e+001 -4.213886438e+001 +4.4773e+000 +2.2761e+000 -3.1290e+000
295 +9.365248547e+000 +9.365248547e+000 -4.234475145e+001 -4.234475145e+001 +4.4597e+000 +2.2808e+000 -3.1310e+000
305 +8.476411826e+000 +8.476411826e+000 -4.323358817e+001 -4.323358817e+001 +4.4687e+000 +2.2741e+000 -3.1386e+000
325 +8.089527442e+000 +8.089527442e+000 -4.362047256e+001 -4.362047256e+001 +4.4949e+000 +2.2716e+000 -3.1364e+000
343 +7.207601507e+000 +7.207601507e+000 -4.450239849e+001 -4.450239849e+001 +4.4827e+000 +2.2775e+000 -3.1420e+000
362 +6.893091687e+000 +6.893091687e+000 -4.481690831e+001 -4.481690831e+001 +4.4994e+000 +2.2679e+000 -3.1436e+000
366 +6.754156555e+000 +6.754156555e+000 -4.495584344e+001 -4.495584344e+001 +4.5047e+000 +2.2662e+000 -3.1459e+000
392 +6.353601927e+000 +6.353601927e+000 -4.535639807e+001 -4.535639807e+001 +4.5136e+000 +2.2644e+000 -3.1460e+000
393 +6.243226883e+000 +6.243226883e+000 -4.546677312e+001 -4.546677312e+001 +4.5126e+000 +2.2654e+000 -3.1452e+000
442 +6.150513245e+000 +6.150513245e+000 -4.555948676e+001 -4.555948676e+001 +4.5089e+000 +2.2681e+000 -3.1473e+000
% function evaluation | noise-free fitness - Fopt (-2.799500000000e+002) | best noise-free fitness - Fopt | measured fitness | best measured fitness | x1 | x2...
1 +9.575463483e+002 +9.575463483e+002 +6.775963483e+002 +6.775963483e+002 +2.2034e+000 -6.6867e+000 +4.7295e+000
2 +6.134033887e+002 +6.134033887e+002 +3.334533887e+002 +3.334533887e+002 -1.0880e+000 -7.1354e-001 +7.6744e+000
7 +3.758194661e+002 +3.758194661e+002 +9.586946615e+001 +9.586946615e+001 -1.5579e+000 -3.3716e+000 +2.5051e+000
9 +2.895309282e+002 +2.895309282e+002 +9.580928241e+000 +9.580928241e+000 -1.5877e+000 -3.6619e+000 +2.6274e+000
12 +1.047684071e+002 +1.047684071e+002 -1.751815929e+002 -1.751815929e+002 -2.9221e+000 -4.0230e+000 +3.6779e+000
29 +7.362137461e+001 +7.362137461e+001 -2.063286254e+002 -2.063286254e+002 -1.9581e+000 -4.8436e+000 +2.3447e+000
40 +2.456149688e+001 +2.456149688e+001 -2.553885031e+002 -2.553885031e+002 -3.3115e+000 -4.1855e+000 +2.8835e+000
83 +1.592579338e+001 +1.592579338e+001 -2.640242066e+002 -2.640242066e+002 -2.6416e+000 -4.8305e+000 +2.2739e+000
101 +1.548550975e+001 +1.548550975e+001 -2.644644902e+002 -2.644644902e+002 -2.6874e+000 -4.8403e+000 +2.1984e+000
107 +1.166810695e+001 +1.166810695e+001 -2.682818931e+002 -2.682818931e+002 -2.6433e+000 -4.7892e+000 +2.2763e+000
145 +1.136233046e+001 +1.136233046e+001 -2.685876695e+002 -2.685876695e+002 -2.6856e+000 -4.7725e+000 +2.2844e+000
151 +9.206638885e+000 +9.206638885e+000 -2.707433611e+002 -2.707433611e+002 -2.6771e+000 -4.8002e+000 +2.2633e+000
173 +8.337462686e+000 +8.337462686e+000 -2.716125373e+002 -2.716125373e+002 -2.6713e+000 -4.8002e+000 +2.2673e+000
233 +8.256984841e+000 +8.256984841e+000 -2.716930152e+002 -2.716930152e+002 -2.6715e+000 -4.8006e+000 +2.2673e+000
251 +8.122377609e+000 +8.122377609e+000 -2.718276224e+002 -2.718276224e+002 -2.6739e+000 -4.7984e+000 +2.2704e+000
387 +7.909977550e+000 +7.909977550e+000 -2.720400225e+002 -2.720400225e+002 -2.6720e+000 -4.7997e+000 +2.2702e+000
% function evaluation | noise-free fitness - Fopt (9.319900000000e+002) | best noise-free fitness - Fopt | measured fitness | best measured fitness | x1 | x2...
1 +8.822163370e+002 +8.822163370e+002 +1.814206337e+003 +1.814206337e+003 -3.0864e+000 -5.9045e+000 -1.3023e+000
2 +8.563230653e+002 +8.563230653e+002 +1.788313065e+003 +1.788313065e+003 +1.8021e+000 -4.8103e+000 +2.3512e+000
4 +6.791909046e+002 +6.791909046e+002 +1.611180905e+003 +1.611180905e+003 +3.2861e+000 -1.2967e+000 +5.7128e-001
6 +1.552193544e+002 +1.552193544e+002 +1.087209354e+003 +1.087209354e+003 +3.6341e-001 +1.7228e-001 +2.7575e+000
30 +1.164971106e+002 +1.164971106e+002 +1.048487111e+003 +1.048487111e+003 +3.0893e-001 -5.0843e-001 +2.9223e+000
39 +1.057086332e+002 +1.057086332e+002 +1.037698633e+003 +1.037698633e+003 +9.7372e-001 -8.7201e-001 +3.3046e+000
70 +5.238352113e+001 +5.238352113e+001 +9.843735211e+002 +9.843735211e+002 +1.2460e+000 +1.2252e+000 +2.9406e+000
80 +4.692939154e+001 +4.692939154e+001 +9.789193915e+002 +9.789193915e+002 +9.8003e-001 -1.7130e-001 +2.8500e+000
215 +2.964028471e+001 +2.964028471e+001 +9.616302847e+002 +9.616302847e+002 +1.2455e+000 +4.5953e-001 +2.8089e+000
227 +2.690473301e+001 +2.690473301e+001 +9.588947330e+002 +9.588947330e+002 +1.1494e+000 +6.0523e-001 +2.8008e+000
247 +1.404769638e+001 +1.404769638e+001 +9.460376964e+002 +9.460376964e+002 +1.2345e+000 +7.1006e-001 +3.1116e+000
267 +4.520850952e+000 +4.520850952e+000 +9.365108510e+002 +9.365108510e+002 +1.3579e+000 +9.3967e-001 +2.9597e+000
370 +2.001114988e+000 +2.001114988e+000 +9.339911150e+002 +9.339911150e+002 +1.2224e+000 +6.1889e-001 +2.9924e+000
423 +1.248252639e+000 +1.248252639e+000 +9.332382526e+002 +9.332382526e+002 +1.2475e+000 +6.6571e-001 +2.9835e+000
430 +8.738479099e-001 +8.738479099e-001 +9.328638479e+002 +9.328638479e+002 +1.2460e+000 +6.6164e-001 +2.9943e+000
492 +6.572025600e-001 +6.572025600e-001 +9.326472026e+002 +9.326472026e+002 +1.2441e+000 +6.5991e-001 +2.9919e+000
507 +5.637899774e-001 +5.637899774e-001 +9.325537900e+002 +9.325537900e+002 +1.2422e+000 +6.5942e-001 +2.9924e+000
676 +5.511389967e-001 +5.511389967e-001 +9.325411390e+002 +9.325411390e+002 +1.2427e+000 +6.5897e-001 +2.9922e+000
702 +5.263545722e-001 +5.263545722e-001 +9.325163546e+002 +9.325163546e+002 +1.2425e+000 +6.5881e-001 +2.9925e+000
723 +5.044746325e-001 +5.044746325e-001 +9.324944746e+002 +9.324944746e+002 +1.2425e+000 +6.5888e-001 +2.9927e+000
727 +5.008492951e-001 +5.008492951e-001 +9.324908493e+002 +9.324908493e+002 +1.2427e+000 +6.5903e-001 +2.9927e+000
738 +4.724646099e-001 +4.724646099e-001 +9.324624646e+002 +9.324624646e+002 +1.2427e+000 +6.5887e-001 +2.9931e+000
746 +4.418029275e-001 +4.418029275e-001 +9.324318029e+002 +9.324318029e+002 +1.2424e+000 +6.5912e-001 +2.9936e+000
747 +4.345189419e-001 +4.345189419e-001 +9.324245189e+002 +9.324245189e+002 +1.2423e+000 +6.5876e-001 +2.9937e+000
758 +3.999667530e-001 +3.999667530e-001 +9.323899668e+002 +9.323899668e+002 +1.2425e+000 +6.5904e-001 +2.9939e+000
770 +3.722262850e-001 +3.722262850e-001 +9.323622263e+002 +9.323622263e+002 +1.2424e+000 +6.5866e-001 +2.9942e+000
889 +3.671039593e-001 +3.671039593e-001 +9.323571040e+002 +9.323571040e+002 +1.2427e+000 +6.5933e-001 +2.9940e+000
% function evaluation | noise-free fitness - Fopt (1.133100000000e+002) | best noise-free fitness - Fopt | measured fitness | best measured fitness | x1 | x2...
1 +6.466769154e+002 +6.466769154e+002 +7.599869154e+002 +7.599869154e+002 +1.3530e+000 +3.5190e+000 -3.7357e+000
2 +3.646205035e+002 +3.646205035e+002 +4.779305035e+002 +4.779305035e+002 +2.0848e-001 +1.7758e+000 +1.7873e+000
4 +3.198209440e+002 +3.198209440e+002 +4.331309440e+002 +4.331309440e+002 +3.7586e+000 +5.8658e+000 -2.6991e+000
12 +1.889191185e+002 +1.889191185e+002 +3.022291185e+002 +3.022291185e+002 +1.9582e+000 +3.0875e+000 -7.9063e-001
16 +3.746157150e+001 +3.746157150e+001 +1.507715715e+002 +1.507715715e+002 +2.0079e+000 +3.2974e+000 +2.8893e-001
33 +3.059515417e+001 +3.059515417e+001 +1.439051542e+002 +1.439051542e+002 +1.9232e+000 +3.1841e+000 +7.3330e-001
47 +7.670630037e+000 +7.670630037e+000 +1.209806300e+002 +1.209806300e+002 +2.1440e+000 +3.1983e+000 +5.9497e-001
70 +3.493466756e+000 +3.493466756e+000 +1.168034668e+002 +1.168034668e+002 +2.1176e+000 +3.1748e+000 +5.9933e-001
120 +1.177965785e+000 +1.177965785e+000 +1.144879658e+002 +1.144879658e+002 +2.1442e+000 +3.1862e+000 +5.3449e-001
138 +3.890137188e-001 +3.890137188e-001 +1.136990137e+002 +1.136990137e+002 +2.1407e+000 +3.2254e+000 +5.0071e-001
291 +3.661426798e-001 +3.661426798e-001 +1.136761427e+002 +1.136761427e+002 +2.1414e+000 +3.2423e+000 +4.8520e-001
308 +2.445757295e-001 +2.445757295e-001 +1.135545757e+002 +1.135545757e+002 +2.1395e+000 +3.2431e+000 +4.8402e-001
313 +2.387917783e-001 +2.387917783e-001 +1.135487918e+002 +1.135487918e+002 +2.1386e+000 +3.2446e+000 +4.8564e-001
316 +1.176738247e-001 +1.176738247e-001 +1.134276738e+002 +1.134276738e+002 +2.1393e+000 +3.2440e+000 +4.8499e-001
322 +1.000884611e-001 +1.000884611e-001 +1.134100885e+002 +1.134100885e+002 +2.1395e+000 +3.2441e+000 +4.8462e-001
362 +9.646577880e-002 +9.646577880e-002 +1.134064658e+002 +1.134064658e+002 +2.1395e+000 +3.2437e+000 +4.8478e-001
378 +9.224426774e-002 +9.224426774e-002 +1.134022443e+002 +1.134022443e+002 +2.1395e+000 +3.2440e+000 +4.8465e-001
393 +9.019470883e-002 +9.019470883e-002 +1.134001947e+002 +1.134001947e+002 +2.1395e+000 +3.2440e+000 +4.8466e-001
395 +8.771434260e-002 +8.771434260e-002 +1.133977143e+002 +1.133977143e+002 +2.1395e+000 +3.2440e+000 +4.8464e-001
446 +8.651849185e-002 +8.651849185e-002 +1.133965185e+002 +1.133965185e+002 +2.1395e+000 +3.2440e+000 +4.8467e-001
485 +8.482818296e-002 +8.482818296e-002 +1.133948282e+002 +1.133948282e+002 +2.1395e+000 +3.2440e+000 +4.8461e-001
512 +8.255534420e-002 +8.255534420e-002 +1.133925553e+002 +1.133925553e+002 +2.1396e+000 +3.2440e+000 +4.8461e-001
526 +8.116608207e-002 +8.116608207e-002 +1.133911661e+002 +1.133911661e+002 +2.1396e+000 +3.2440e+000 +4.8460e-001
% function evaluation | noise-free fitness - Fopt (-2.095500000000e+002) | best noise-free fitness - Fopt | measured fitness | best measured fitness | x1 | x2...
1 +1.149425671e+003 +1.149425671e+003 +9.398756714e+002 +9.398756714e+002 +1.9648e+000 +1.5763e-001 -6.5467e-001
2 +8.087978786e+002 +8.087978786e+002 +5.992478786e+002 +5.992478786e+002 +4.7150e-001 +1.1388e+000 -3.8188e+000
3 +6.863084543e+002 +6.863084543e+002 +4.767584543e+002 +4.767584543e+002 +1.3943e+000 +3.5259e+000 -6.4526e+000
5 +4.264182954e+002 +4.264182954e+002 +2.168682954e+002 +2.168682954e+002 +5.1772e-002 +5.5091e+000 -1.5944e+000
8 +2.784686789e+002 +2.784686789e+002 +6.891867894e+001 +6.891867894e+001 -2.3348e+000 +2.0561e+000 -4.1752e+000
14 +2.145257208e+002 +2.145257208e+002 +4.975720787e+000 +4.975720787e+000 -2.4496e+000 +2.3339e+000 -4.3498e+000
26 +2.110812239e+002 +2.110812239e+002 +1.531223867e+000 +1.531223867e+000 -2.2969e+000 +4.4371e+000 -4.3060e+000
27 +1.887510780e+002 +1.887510780e+002 -2.079892200e+001 -2.079892200e+001 -1.5141e+000 +3.5155e+000 -5.5742e+000
28 +9.259907527e+001 +9.259907527e+001 -1.169509247e+002 -1.169509247e+002 -3.6745e+000 +3.2028e+000 -3.5621e+000
35 +5.166189196e+001 +5.166189196e+001 -1.578881080e+002 -1.578881080e+002 -2.5811e+000 +3.4248e+000 -4.3234e+000
65 +4.736227908e+001 +4.736227908e+001 -1.621877209e+002 -1.621877209e+002 -2.7465e+000 +3.4271e+000 -4.1862e+000
97 +4.007571284e+001 +4.007571284e+001 -1.694742872e+002 -1.694742872e+002 -2.9273e+000 +3.3405e+000 -4.1863e+000
104 +3.961323115e+001 +3.961323115e+001 -1.699367688e+002 -1.699367688e+002 -2.7568e+000 +3.1106e+000 -3.7755e+000
113 +2.631576777e+001 +2.631576777e+001 -1.832342322e+002 -1.832342322e+002 -2.7450e+000 +3.2525e+000 -4.0675e+000
127 +1.768349726e+001 +1.768349726e+001 -1.918665027e+002 -1.918665027e+002 -3.0402e+000 +3.1098e+000 -4.0369e+000
129 +7.961366546e+000 +7.961366546e+000 -2.015886335e+002 -2.015886335e+002 -3.1280e+000 +3.1217e+000 -3.3353e+000
225 +6.798332861e+000 +6.798332861e+000 -2.027516671e+002 -2.027516671e+002 -2.9479e+000 +3.1813e+000 -3.6955e+000
231 +6.467768682e+000 +6.467768682e+000 -2.030822313e+002 -2.030822313e+002 -2.9937e+000 +3.1939e+000 -3.5647e+000
241 +5.652807486e+000 +5.652807486e+000 -2.038971925e+002 -2.038971925e+002 -2.9734e+000 +3.1813e+000 -3.5801e+000
252 +5.124654135e+000 +5.124654135e+000 -2.044253459e+002 -2.044253459e+002 -2.9889e+000 +3.1833e+000 -3.6491e+000
254 +4.795360263e+000 +4.795360263e+000 -2.047546397e+002 -2.047546397e+002 -2.9712e+000 +3.1564e+000 -3.7420e+000
256 +4.380697531e+000 +4.380697531e+000 -2.051693025e+002 -2.051693025e+002 -2.9828e+000 +3.1690e+000 -3.5872e+000
260 +4.210374042e+000 +4.210374042e+000 -2.053396260e+002 -2.053396260e+002 -2.9806e+000 +3.1733e+000 -3.6172e+000
264 +3.584291005e+000 +3.584291005e+000 -2.059657090e+002 -2.059657090e+002 -2.9821e+000 +3.1704e+000 -3.7392e+000
267 +2.988226823e+000 +2.988226823e+000 -2.065617732e+002 -2.065617732e+002 -2.9828e+000 +3.1680e+000 -3.6900e+000
276 +2.623290709e+000 +2.623290709e+000 -2.069267093e+002 -2.069267093e+002 -2.9824e+000 +3.1647e+000 -3.7145e+000
327 +2.537526814e+000 +2.537526814e+000 -2.070124732e+002 -2.070124732e+002 -2.9838e+000 +3.1632e+000 -3.7119e+000
362 +2.319279093e+000 +2.319279093e+000 -2.072307209e+002 -2.072307209e+002 -2.9866e+000 +3.1639e+000 -3.7017e+000
399 +2.275603078e+000 +2.275603078e+000 -2.072743969e+002 -2.072743969e+002 -2.9860e+000 +3.1639e+000 -3.7168e+000
408 +2.187504185e+000 +2.187504185e+000 -2.073624958e+002 -2.073624958e+002 -2.9868e+000 +3.1634e+000 -3.7122e+000
468 +2.137381652e+000 +2.137381652e+000 -2.074126183e+002 -2.074126183e+002 -2.9869e+000 +3.1628e+000 -3.7164e+000
% function evaluation | noise-free fitness - Fopt (2.850000000000e+000) | best noise-free fitness - Fopt | measured fitness | best measured fitness | x1 | x2...
1 +1.118169363e+003 +1.118169363e+003 +1.121019363e+003 +1.121019363e+003 +3.5675e-001 +1.2371e+000 -9.5076e+000
2 +1.020271398e+002 +1.020271398e+002 +1.048771398e+002 +1.048771398e+002 +4.1002e+000 +2.8135e+000 +3.4088e-001
26 +8.298680304e+001 +8.298680304e+001 +8.583680304e+001 +8.583680304e+001 +6.1756e-002 +5.0582e-001 -1.9476e+000
34 +4.974598387e+001 +4.974598387e+001 +5.259598387e+001 +5.259598387e+001 +3.3553e+000 +2.9725e+000 -2.4466e-001
123 +4.580876360e+001 +4.580876360e+001 +4.865876360e+001 +4.865876360e+001 -2.4005e-003 +3.8475e-001 -2.2488e+000
135 +3.369632939e+001 +3.369632939e+001 +3.654632939e+001 +3.654632939e+001 +2.3994e-001 +5.0557e-001 -2.1738e+000
164 +3.082842559e+001 +3.082842559e+001 +3.367842559e+001 +3.367842559e+001 +2.7120e-001 +4.6185e-001 -2.0455e+000
169 +2.806832055e+001 +2.806832055e+001 +3.091832055e+001 +3.091832055e+001 +1.9859e-001 +4.3004e-001 -2.1595e+000
177 +2.678652015e+001 +2.678652015e+001 +2.963652015e+001 +2.963652015e+001 +2.3992e-001 +4.6344e-001 -2.1308e+000
197 +2.569312413e+001 +2.569312413e+001 +2.854312413e+001 +2.854312413e+001 +2.5159e-001 +4.8388e-001 -2.1146e+000
240 +2.469149733e+001 +2.469149733e+001 +2.754149733e+001 +2.754149733e+001 +2.3169e-001 +4.5464e-001 -2.1178e+000
247 +2.432797582e+001 +2.432797582e+001 +2.717797582e+001 +2.717797582e+001 +2.4256e-001 +4.6891e-001 -2.1117e+000
314 +2.386555470e+001 +2.386555470e+001 +2.671555470e+001 +2.671555470e+001 +2.4179e-001 +4.6578e-001 -2.1089e+000
% function evaluation | noise-free fitness - Fopt (1.975200000000e+002) | best noise-free fitness - Fopt | measured fitness | best measured fitness | x1 | x2...
1 +5.749227516e+002 +5.749227516e+002 +7.724427516e+002 +7.724427516e+002 -1.2642e+000 -2.9718e+000 -2.7014e+000
12 +4.969209930e+002 +4.969209930e+002 +6.944409930e+002 +6.944409930e+002 -8.7311e-001 -7.9144e-001 +9.5893e-001
13 +3.685926753e+002 +3.685926753e+002 +5.661126753e+002 +5.661126753e+002 -8.8545e-001 -1.8740e+000 -3.0812e+000
19 +1.880206150e+002 +1.880206150e+002 +3.855406150e+002 +3.855406150e+002 -6.3282e-001 -1.0581e+000 -1.6145e+000
21 +5.088199146e+001 +5.088199146e+001 +2.484019915e+002 +2.484019915e+002 -1.7125e+000 +4.3602e-002 -8.1335e-001
75 +3.492698107e+001 +3.492698107e+001 +2.324469811e+002 +2.324469811e+002 -1.0844e+000 -1.5439e-001 -1.6782e+000
79 +2.092743767e+001 +2.092743767e+001 +2.184474377e+002 +2.184474377e+002 -1.1122e+000 +1.9106e-002 -1.8800e+000
88 +1.980881762e+001 +1.980881762e+001 +2.173288176e+002 +2.173288176e+002 -1.0723e+000 +3.9570e-002 -1.7789e+000
89 +1.654455277e+001 +1.654455277e+001 +2.140645528e+002 +2.140645528e+002 -1.0977e+000 -2.2613e-002 -1.7283e+000
102 +1.039175575e+001 +1.039175575e+001 +2.079117557e+002 +2.079117557e+002 -1.1244e+000 +1.4961e-002 -1.7934e+000
113 +9.628210063e+000 +9.628210063e+000 +2.071482101e+002 +2.071482101e+002 -1.1003e+000 -1.1944e-002 -1.7692e+000
164 +9.212559643e+000 +9.212559643e+000 +2.067325596e+002 +2.067325596e+002 -1.0942e+000 -3.3461e-002 -1.7819e+000
170 +7.905770902e+000 +7.905770902e+000 +2.054257709e+002 +2.054257709e+002 -1.0974e+000 -1.8602e-002 -1.7825e+000
193 +7.480404770e+000 +7.480404770e+000 +2.050004048e+002 +2.050004048e+002 -1.1023e+000 -1.1239e-002 -1.7802e+000
200 +6.887155917e+000 +6.887155917e+000 +2.044071559e+002 +2.044071559e+002 -1.0967e+000 -2.0789e-002 -1.7898e+000
209 +6.127068227e+000 +6.127068227e+000 +2.036470682e+002 +2.036470682e+002 -1.0946e+000 -1.8379e-002 -1.7969e+000
245 +5.799510676e+000 +5.799510676e+000 +2.033195107e+002 +2.033195107e+002 -1.0924e+000 -1.8750e-002 -1.8016e+000
256 +5.746268727e+000 +5.746268727e+000 +2.032662687e+002 +2.032662687e+002 -1.1000e+000 -2.0786e-002 -1.7953e+000
298 +5.433405632e+000 +5.433405632e+000 +2.029534056e+002 +2.029534056e+002 -1.0980e+000 -1.8639e-002 -1.7975e+000
304 +5.184521142e+000 +5.184521142e+000 +2.027045211e+002 +2.027045211e+002 -1.0960e+000 -1.8321e-002 -1.8012e+000
311 +4.938138966e+000 +4.938138966e+000 +2.024581390e+002 +2.024581390e+002 -1.0982e+000 -1.5541e-002 -1.8003e+000
333 +4.832323211e+000 +4.832323211e+000 +2.023523232e+002 +2.023523232e+002 -1.0987e+000 -1.6409e-002 -1.8000e+000
424 +4.784832885e+000 +4.784832885e+000 +2.023048329e+002 +2.023048329e+002 -1.0984e+000 -1.6333e-002 -1.8010e+000
% function evaluation | noise-free fitness - Fopt (-1.052700000000e+002) | best noise-free fitness - Fopt | measured fitness | best measured fitness | x1 | x2...
1 +2.379421272e+002 +2.379421272e+002 +1.326721272e+002 +1.326721272e+002 +2.6813e-001 +8.0348e-001 -6.2391e-001
17 +9.846153635e+001 +9.846153635e+001 -6.808463646e+000 -6.808463646e+000 +2.1764e+000 +1.1918e+000 -1.9470e+000
25 +7.550131781e+001 +7.550131781e+001 -2.976868219e+001 -2.976868219e+001 +9.4881e-001 -2.0345e-001 -1.7362e+000
32 +4.198915315e+001 +4.198915315e+001 -6.328084685e+001 -6.328084685e+001 +2.3958e+000 +4.0088e-001 -2.0667e+000
65 +2.478436520e+001 +2.478436520e+001 -8.048563480e+001 -8.048563480e+001 +2.1983e+000 +4.6175e-001 -1.9178e+000
72 +1.967414751e+001 +1.967414751e+001 -8.559585249e+001 -8.559585249e+001 +2.2349e+000 +4.3405e-001 -2.0035e+000
93 +1.688303101e+001 +1.688303101e+001 -8.838696899e+001 -8.838696899e+001 +1.9940e+000 +4.1208e-001 -1.9516e+000
112 +1.159360183e+001 +1.159360183e+001 -9.367639817e+001 -9.367639817e+001 +2.0331e+000 +3.8897e-001 -1.9319e+000
117 +9.823398071e+000 +9.823398071e+000 -9.544660193e+001 -9.544660193e+001 +2.0295e+000 +3.7975e-001 -1.9454e+000
147 +7.693917018e+000 +7.693917018e+000 -9.757608298e+001 -9.757608298e+001 +2.0441e+000 +2.9185e-001 -1.9989e+000
183 +7.069611076e+000 +7.069611076e+000 -9.820038892e+001 -9.820038892e+001 +2.0911e+000 +3.9608e-001 -1.9901e+000
222 +6.630565798e+000 +6.630565798e+000 -9.863943420e+001 -9.863943420e+001 +2.1521e+000 +4.9390e-001 -1.9562e+000
235 +6.578078952e+000 +6.578078952e+000 -9.869192105e+001 -9.869192105e+001 +2.1903e+000 +5.3866e-001 -1.9572e+000
266 +6.362633140e+000 +6.362633140e+000 -9.890736686e+001 -9.890736686e+001 +2.1876e+000 +5.2310e-001 -1.9623e+000
% function evaluation | noise-free fitness - Fopt (2.833400000000e+002) | best noise-free fitness - Fopt | measured fitness | best measured fitness | x1 | x2...
1 +2.754678410e+002 +2.754678410e+002 +5.588078410e+002 +5.588078410e+002 -4.2996e+000 -2.9217e+000 +3.8985e+000
17 +1.333148375e+002 +1.333148375e+002 +4.166548375e+002 +4.166548375e+002 -4.1455e+000 -1.0755e+000 +1.8817e+000
51 +1.093300693e+002 +1.093300693e+002 +3.926700693e+002 +3.926700693e+002 -4.8507e+000 -1.7332e+000 +2.6870e+000
70 +9.672027484e+001 +9.672027484e+001 +3.800602748e+002 +3.800602748e+002 -4.7409e+000 -1.4922e+000 +2.5898e+000
89 +8.573709720e+001 +8.573709720e+001 +3.690770972e+002 +3.690770972e+002 -4.4379e+000 -1.5137e+000 +2.8259e+000
97 +7.801868089e+001 +7.801868089e+001 +3.613586809e+002 +3.613586809e+002 -4.6363e+000 -1.5114e+000 +2.7110e+000
107 +7.665238187e+001 +7.665238187e+001 +3.599923819e+002 +3.599923819e+002 -4.6305e+000 -1.4805e+000 +2.6988e+000
114 +7.027123278e+001 +7.027123278e+001 +3.536112328e+002 +3.536112328e+002 -4.6971e+000 -1.3361e+000 +2.6813e+000
124 +6.631442380e+001 +6.631442380e+001 +3.496544238e+002 +3.496544238e+002 -4.4967e+000 -1.3769e+000 +2.8656e+000
130 +5.437039910e+001 +5.437039910e+001 +3.377103991e+002 +3.377103991e+002 -4.6935e+000 -1.3055e+000 +2.7845e+000
138 +4.870209719e+001 +4.870209719e+001 +3.320420972e+002 +3.320420972e+002 -4.6561e+000 -1.3393e+000 +2.8479e+000
155 +4.549067357e+001 +4.549067357e+001 +3.288306736e+002 +3.288306736e+002 -4.6661e+000 -1.3180e+000 +2.8604e+000
177 +3.744858545e+001 +3.744858545e+001 +3.207885855e+002 +3.207885855e+002 -4.7649e+000 -1.1815e+000 +2.9226e+000
183 +3.238612552e+001 +3.238612552e+001 +3.157261255e+002 +3.157261255e+002 -4.6959e+000 -1.2503e+000 +2.9299e+000
201 +2.818802150e+001 +2.818802150e+001 +3.115280215e+002 +3.115280215e+002 -4.6555e+000 -1.1708e+000 +2.9679e+000
249 +2.504654301e+001 +2.504654301e+001 +3.083865430e+002 +3.083865430e+002 -4.6569e+000 -1.1217e+000 +2.9583e+000
264 +2.342470185e+001 +2.342470185e+001 +3.067647018e+002 +3.067647018e+002 -4.7205e+000 -1.2192e+000 +3.0253e+000
279 +2.155714031e+001 +2.155714031e+001 +3.048971403e+002 +3.048971403e+002 -4.7028e+000 -1.1345e+000 +2.9592e+000
374 +2.131166311e+001 +2.131166311e+001 +3.046516631e+002 +3.046516631e+002 -4.7046e+000 -1.1639e+000 +2.9686e+000
376 +2.080039639e+001 +2.080039639e+001 +3.041403964e+002 +3.041403964e+002 -4.7099e+000 -1.1635e+000 +2.9821e+000
384 +2.007901137e+001 +2.007901137e+001 +3.034190114e+002 +3.034190114e+002 -4.7027e+000 -1.1582e+000 +2.9743e+000
424 +1.990680975e+001 +1.990680975e+001 +3.032468098e+002 +3.032468098e+002 -4.7039e+000 -1.1608e+000 +2.9783e+000
621 +1.949486874e+001 +1.949486874e+001 +3.028348687e+002 +3.028348687e+002 -4.7007e+000 -1.1577e+000 +2.9763e+000
% function evaluation | noise-free fitness - Fopt (-8.171000000000e+001) | best noise-free fitness - Fopt | measured fitness | best measured fitness | x1 | x2...
1 +1.458988354e+003 +1.458988354e+003 +1.377278354e+003 +1.377278354e+003 +4.6791e-002 -3.4353e+000 +4.0430e+000
7 +1.320604035e+003 +1.320604035e+003 +1.238894035e+003 +1.238894035e+003 -8.7740e-001 -3.1195e+000 -1.5310e+000
8 +1.179586116e+003 +1.179586116e+003 +1.097876116e+003 +1.097876116e+003 -3.8497e+000 -3.7770e+000 +7.4956e-002
12 +9.334297027e+002 +9.334297027e+002 +8.517197027e+002 +8.517197027e+002 -1.2624e+000 -7.1788e-001 -5.7742e-001
17 +5.491249543e+002 +5.491249543e+002 +4.674149543e+002 +4.674149543e+002 -9.2947e+000 +4.2114e-001 +1.7119e+000
41 +5.168580923e+002 +5.168580923e+002 +4.351480923e+002 +4.351480923e+002 -2.9868e+000 -5.0670e-003 +9.5019e-001
43 +1.331927131e+002 +1.331927131e+002 +5.148271315e+001 +5.148271315e+001 -2.0204e+000 +2.2353e+000 +2.4794e+000
77 +7.994151442e+001 +7.994151442e+001 -1.768485580e+000 -1.768485580e+000 -9.0723e-001 +2.5908e+000 +3.2569e+000
85 +7.149680052e+001 +7.149680052e+001 -1.021319948e+001 -1.021319948e+001 -1.8030e+000 +2.8039e+000 +3.3511e+000
88 +5.842340714e+001 +5.842340714e+001 -2.328659286e+001 -2.328659286e+001 -3.3052e+000 +2.7681e+000 +2.7923e+000
90 +4.451919233e+001 +4.451919233e+001 -3.719080767e+001 -3.719080767e+001 -2.9005e+000 +2.7073e+000 +2.8928e+000
93 +4.307454226e+001 +4.307454226e+001 -3.863545774e+001 -3.863545774e+001 -2.1237e+000 +2.5380e+000 +2.8537e+000
96 +1.845933381e+001 +1.845933381e+001 -6.325066619e+001 -6.325066619e+001 -2.7815e+000 +2.7066e+000 +2.7323e+000
152 +1.695272446e+001 +1.695272446e+001 -6.475727554e+001 -6.475727554e+001 -2.7815e+000 +2.7188e+000 +2.7918e+000
173 +1.233792047e+001 +1.233792047e+001 -6.937207953e+001 -6.937207953e+001 -2.9274e+000 +2.6664e+000 +2.7105e+000
194 +1.206260566e+001 +1.206260566e+001 -6.964739434e+001 -6.964739434e+001 -2.8473e+000 +2.6374e+000 +2.7715e+000
203 +9.788196371e+000 +9.788196371e+000 -7.192180363e+001 -7.192180363e+001 -2.6542e+000 +2.6948e+000 +2.7841e+000
224 +6.657173849e+000 +6.657173849e+000 -7.505282615e+001 -7.505282615e+001 -2.5987e+000 +2.6999e+000 +2.8241e+000
226 +1.681702226e+000 +1.681702226e+000 -8.002829777e+001 -8.002829777e+001 -2.5440e+000 +2.6831e+000 +2.8314e+000
289 +1.359664000e+000 +1.359664000e+000 -8.035033600e+001 -8.035033600e+001 -2.5492e+000 +2.6745e+000 +2.8320e+000
324 +1.315862817e+000 +1.315862817e+000 -8.039413718e+001 -8.039413718e+001 -2.5441e+000 +2.6815e+000 +2.8318e+000
338 +1.114783259e+000 +1.114783259e+000 -8.059521674e+001 -8.059521674e+001 -2.5511e+000 +2.6791e+000 +2.8296e+000
355 +6.203398024e-001 +6.203398024e-001 -8.108966020e+001 -8.108966020e+001 -2.5460e+000 +2.6754e+000 +2.8283e+000
407 +4.903129429e-001 +4.903129429e-001 -8.121968706e+001 -8.121968706e+001 -2.5459e+000 +2.6749e+000 +2.8292e+000
427 +4.630329091e-001 +4.630329091e-001 -8.124696709e+001 -8.124696709e+001 -2.5463e+000 +2.6764e+000 +2.8300e+000
445 +4.384473335e-001 +4.384473335e-001 -8.127155267e+001 -8.127155267e+001 -2.5486e+000 +2.6748e+000 +2.8281e+000
454 +4.325338965e-001 +4.325338965e-001 -8.127746610e+001 -8.127746610e+001 -2.5476e+000 +2.6749e+000 +2.8286e+000
462 +3.720578364e-001 +3.720578364e-001 -8.133794216e+001 -8.133794216e+001 -2.5488e+000 +2.6752e+000 +2.8287e+000
505 +3.449449600e-001 +3.449449600e-001 -8.136505504e+001 -8.136505504e+001 -2.5494e+000 +2.6750e+000 +2.8282e+000
526 +3.212900188e-001 +3.212900188e-001 -8.138870998e+001 -8.138870998e+001 -2.5498e+000 +2.6750e+000 +2.8281e+000
584 +3.140032103e-001 +3.140032103e-001 -8.139599679e+001 -8.139599679e+001 -2.5497e+000 +2.6751e+000 +2.8282e+000
% function evaluation | noise-free fitness - Fopt (2.941500000000e+002) | best noise-free fitness - Fopt | measured fitness | best measured fitness | x1 | x2...
1 +4.099168059e+003 +4.099168059e+003 +4.393318059e+003 +4.393318059e+003 -7.1756e+000 +1.1226e+001 -3.2712e+000
2 +1.203777084e+003 +1.203777084e+003 +1.497927084e+003 +1.497927084e+003 -4.0674e+000 -4.7911e+000 +3.3627e+000
3 +6.503549864e+002 +6.503549864e+002 +9.445049864e+002 +9.445049864e+002 -2.6205e+000 -5.0229e+000 +1.3606e+000
16 +5.639809457e+002 +5.639809457e+002 +8.581309457e+002 +8.581309457e+002 +4.7910e+000 +3.3718e-001 -1.3598e+000
18 +3.413356113e+002 +3.413356113e+002 +6.354856113e+002 +6.354856113e+002 -5.8606e-001 -4.7641e+000 -8.7814e-001
52 +2.937303819e+002 +2.937303819e+002 +5.878803819e+002 +5.878803819e+002 -3.1891e+000 -1.0116e+001 +2.4628e+000
56 +2.378935814e+002 +2.378935814e+002 +5.320435814e+002 +5.320435814e+002 -2.1841e+000 -7.2144e+000 +2.0466e+000
71 +1.918194959e+002 +1.918194959e+002 +4.859694959e+002 +4.859694959e+002 -2.1874e+000 -8.4162e+000 +2.2415e+000
77 +1.733126922e+002 +1.733126922e+002 +4.674626922e+002 +4.674626922e+002 -1.2827e+000 -7.0141e+000 +1.7650e+000
80 +1.563826608e+002 +1.563826608e+002 +4.505326608e+002 +4.505326608e+002 -2.0925e+000 -7.9510e+000 +1.9935e+000
96 +1.491661433e+002 +1.491661433e+002 +4.433161433e+002 +4.433161433e+002 -1.5313e+000 -6.8498e+000 +1.3861e+000
123 +1.422450073e+002 +1.422450073e+002 +4.363950073e+002 +4.363950073e+002 -1.5942e+000 -6.7893e+000 +1.9056e+000
142 +1.359319100e+002 +1.359319100e+002 +4.300819100e+002 +4.300819100e+002 -1.4709e+000 -6.4925e+000 +1.7175e+000
149 +1.139210789e+002 +1.139210789e+002 +4.080710789e+002 +4.080710789e+002 -1.4017e+000 -6.7281e+000 +1.5528e+000
153 +1.063479209e+002 +1.063479209e+002 +4.004979209e+002 +4.004979209e+002 -1.3178e+000 -6.6187e+000 +1.6355e+000
175 +1.026684205e+002 +1.026684205e+002 +3.968184205e+002 +3.968184205e+002 -1.3858e+000 -6.5741e+000 +1.6840e+000
187 +9.357595519e+001 +9.357595519e+001 +3.877259552e+002 +3.877259552e+002 -1.4249e+000 -6.6588e+000 +1.6443e+000
261 +9.268182116e+001 +9.268182116e+001 +3.868318212e+002 +3.868318212e+002 -1.3892e+000 -6.5963e+000 +1.6342e+000
382 +9.099344334e+001 +9.099344334e+001 +3.851434433e+002 +3.851434433e+002 -1.3937e+000 -6.6211e+000 +1.6388e+000
% function evaluation | noise-free fitness - Fopt (-2.703600000000e+002) | best noise-free fitness - Fopt | measured fitness | best measured fitness | x1 | x2...
1 +1.788110515e+003 +1.788110515e+003 +1.517750515e+003 +1.517750515e+003 +1.4305e-001 +7.1571e+000 -3.9803e+000
2 +1.525080091e+003 +1.525080091e+003 +1.254720091e+003 +1.254720091e+003 +3.0508e+000 +1.7468e+000 -3.0369e+000
4 +8.877157880e+002 +8.877157880e+002 +6.173557880e+002 +6.173557880e+002 +4.5293e-001 +3.2263e+000 -5.1655e-001
24 +4.315023074e+002 +4.315023074e+002 +1.611423074e+002 +1.611423074e+002 +1.3038e-001 -1.6919e+000 -2.4453e+000
27 +3.742289580e+002 +3.742289580e+002 +1.038689580e+002 +1.038689580e+002 -1.4911e+000 +2.3622e+000 +3.8990e-001
29 +2.341750698e+002 +2.341750698e+002 -3.618493016e+001 -3.618493016e+001 -2.7004e+000 +1.9365e+000 -1.3070e+000
33 +1.918704187e+002 +1.918704187e+002 -7.848958131e+001 -7.848958131e+001 -6.0257e-001 +5.4748e-001 +5.8344e-001
40 +1.168596904e+002 +1.168596904e+002 -1.535003096e+002 -1.535003096e+002 -2.3561e+000 +8.4053e-001 -1.1005e+000
58 +3.611619669e+001 +3.611619669e+001 -2.342438033e+002 -2.342438033e+002 -2.9217e+000 +2.9529e-001 -2.8766e+000
% function evaluation | noise-free fitness - Fopt (-6.645000000000e+001) | best noise-free fitness - Fopt | measured fitness | best measured fitness | x1 | x2...
1 +1.977777358e+003 +1.977777358e+003 +1.911327358e+003 +1.911327358e+003 -3.9739e+000 +4.1799e+000 +2.8227e-001
2 +4.850213094e+002 +4.850213094e+002 +4.185713094e+002 +4.185713094e+002 +1.1066e+000 +3.8354e+000 +2.5549e+000
16 +1.948259343e+002 +1.948259343e+002 +1.283759343e+002 +1.283759343e+002 +2.0338e+000 +4.1831e+000 +1.6884e+000
50 +1.376933821e+002 +1.376933821e+002 +7.124338209e+001 +7.124338209e+001 +3.7904e+000 +6.5909e+000 +4.1483e+000
65 +9.487844719e+001 +9.487844719e+001 +2.842844719e+001 +2.842844719e+001 +3.4505e+000 +5.8535e+000 +3.3611e+000
77 +5.345513708e+001 +5.345513708e+001 -1.299486292e+001 -1.299486292e+001 +3.1395e+000 +6.1140e+000 +3.8991e+000
86 +4.391639777e+001 +4.391639777e+001 -2.253360223e+001 -2.253360223e+001 +3.1301e+000 +5.8150e+000 +3.7197e+000
91 +3.038242125e+001 +3.038242125e+001 -3.606757875e+001 -3.606757875e+001 +3.0415e+000 +5.5405e+000 +3.3468e+000
103 +2.750923783e+001 +2.750923783e+001 -3.894076217e+001 -3.894076217e+001 +3.2536e+000 +6.0808e+000 +3.8558e+000
117 +2.388351390e+001 +2.388351390e+001 -4.256648610e+001 -4.256648610e+001 +3.1864e+000 +5.8873e+000 +3.4133e+000
168 +1.358986965e+001 +1.358986965e+001 -5.286013035e+001 -5.286013035e+001 +3.1843e+000 +5.9002e+000 +3.5810e+000
216 +1.210440133e+001 +1.210440133e+001 -5.434559867e+001 -5.434559867e+001 +3.1726e+000 +5.8588e+000 +3.5322e+000
227 +1.071804337e+001 +1.071804337e+001 -5.573195663e+001 -5.573195663e+001 +3.1773e+000 +5.8595e+000 +3.5269e+000
248 +9.850052068e+000 +9.850052068e+000 -5.659994793e+001 -5.659994793e+001 +3.1816e+000 +5.8721e+000 +3.5219e+000
254 +9.763997404e+000 +9.763997404e+000 -5.668600260e+001 -5.668600260e+001 +3.1806e+000 +5.8635e+000 +3.5176e+000
271 +9.391801926e+000 +9.391801926e+000 -5.705819807e+001 -5.705819807e+001 +3.1805e+000 +5.8688e+000 +3.5248e+000
318 +9.286537467e+000 +9.286537467e+000 -5.716346253e+001 -5.716346253e+001 +3.1789e+000 +5.8650e+000 +3.5199e+000
% function evaluation | noise-free fitness - Fopt (2.509000000000e+001) | best noise-free fitness - Fopt | measured fitness | best measured fitness | x1 | x2...
1 +9.580749642e+002 +9.580749642e+002 +9.831649642e+002 +9.831649642e+002 -7.1950e-001 +2.9476e+000 +6.3318e+000
2 +9.407815799e+002 +9.407815799e+002 +9.658715799e+002 +9.658715799e+002 -8.0025e-001 +1.2968e+000 +3.0055e+000
3 +8.545414551e+002 +8.545414551e+002 +8.796314551e+002 +8.796314551e+002 -4.4566e-001 +2.1823e+000 +6.0000e+000
5 +6.063413704e+002 +6.063413704e+002 +6.314313704e+002 +6.314313704e+002 +4.9932e-001 +1.0857e+000 +2.6683e+000
7 +5.258891436e+002 +5.258891436e+002 +5.509791436e+002 +5.509791436e+002 +7.3302e-001 -8.8418e-002 +5.1847e+000
21 +4.285367046e+002 +4.285367046e+002 +4.536267046e+002 +4.536267046e+002 +1.1988e+000 +1.0096e+000 +2.9776e+000
36 +3.737269956e+002 +3.737269956e+002 +3.988169956e+002 +3.988169956e+002 +2.1386e+000 -9.8799e-001 +4.0368e+000
37 +2.648646276e+002 +2.648646276e+002 +2.899546276e+002 +2.899546276e+002 +2.0043e+000 +4.0153e-002 +3.1374e+000
70 +8.141998066e+001 +8.141998066e+001 +1.065099807e+002 +1.065099807e+002 +2.0066e+000 -2.2434e+000 +1.7028e+000
128 +4.415915198e+001 +4.415915198e+001 +6.924915198e+001 +6.924915198e+001 +2.3052e+000 -2.0558e+000 +1.1325e+000
177 +3.251984149e+001 +3.251984149e+001 +5.760984149e+001 +5.760984149e+001 +2.4958e+000 -1.3619e+000 +9.2028e-001
193 +3.174344468e+001 +3.174344468e+001 +5.683344468e+001 +5.683344468e+001 +2.4760e+000 -1.3380e+000 +1.1894e+000
267 +3.061702801e+001 +3.061702801e+001 +5.570702801e+001 +5.570702801e+001 +2.3907e+000 -1.5830e+000 +1.0966e+000
268 +2.878836384e+001 +2.878836384e+001 +5.387836384e+001 +5.387836384e+001 +2.3445e+000 -1.7210e+000 +1.2175e+000
334 +2.382476222e+001 +2.382476222e+001 +4.891476222e+001 +4.891476222e+001 +2.5222e+000 -1.2889e+000 +1.0805e+000
336 +2.124402728e+001 +2.124402728e+001 +4.633402728e+001 +4.633402728e+001 +2.4486e+000 -1.4769e+000 +1.0800e+000
347 +1.770887713e+001 +1.770887713e+001 +4.279887713e+001 +4.279887713e+001 +2.4848e+000 -1.3723e+000 +1.0664e+000
438 +1.734528125e+001 +1.734528125e+001 +4.243528125e+001 +4.243528125e+001 +2.4850e+000 -1.3429e+000 +1.0695e+000
475 +1.671093119e+001 +1.671093119e+001 +4.180093119e+001 +4.180093119e+001 +2.4935e+000 -1.3385e+000 +1.0556e+000
483 +1.659505019e+001 +1.659505019e+001 +4.168505019e+001 +4.168505019e+001 +2.4877e+000 -1.3455e+000 +1.0629e+000
