% function evaluation | noise-free fitness - Fopt (-1.694000000000e+001) | best noise-free fitness - Fopt | measured fitness | best measured fitness | x1 | x2...
1 +2.355081849e+002 +2.355081849e+002 +2.185681849e+002 +2.185681849e+002 +9.2302e+000 -1.1255e+000 -4.0622e+000 -7.9476e-001 +1.8658e+000
3 +7.626242958e+001 +7.626242958e+001 +5.932242958e+001 +5.932242958e+001 +3.1204e-001 -3.9648e+000 -4.2542e+000 +2.2260e+000 -8.5523e-001
4 +5.290146547e+001 +5.290146547e+001 +3.596146547e+001 +3.596146547e+001 -1.0406e+000 -1.5507e+000 -5.0018e+000 +3.3134e+000 -2.6903e+000
7 +4.271248405e+001 +4.271248405e+001 +2.577248405e+001 +2.577248405e+001 +2.0572e+000 +2.0529e-001 -3.4430e+000 -1.8697e+000 +4.0786e-001
15 +2.507123786e+001 +2.507123786e+001 +8.131237860e+000 +8.131237860e+000 +1.5465e+000 +2.6450e+000 -7.6672e-001 +1.9014e+000 -9.6009e-001
28 +1.861224060e+001 +1.861224060e+001 +1.672240595e+000 +1.672240595e+000 +8.3583e-001 +5.5484e-001 -3.3525e+000 +3.2196e+000 -5.7535e-001
39 +1.792461823e+001 +1.792461823e+001 +9.846182271e-001 +9.846182271e-001 +1.9974e+000 +1.1867e+000 -3.0474e+000 +1.9463e+000 +2.1391e-001
62 +1.471536525e+001 +1.471536525e+001 -2.224634752e+000 -2.224634752e+000 +1.4040e+000 +3.1545e+000 -2.9692e+000 +2.3662e+000 +6.7720e-001
74 +9.772616835e+000 +9.772616835e+000 -7.167383165e+000 -7.167383165e+000 +3.5674e+000 +1.6086e+000 -1.2108e+000 +2.2251e+000 +1.0924e+000
111 +9.192196885e+000 +9.192196885e+000 -7.747803115e+000 -7.747803115e+000 +3.9494e+000 +2.3622e+000 -1.7855e+000 +1.7754e+000 +8.8821e-004
124 +7.568608347e+000 +7.568608347e+000 -9.371391653e+000 -9.371391653e+000 +2.4146e+000 +1.1883e+000 -2.2080e+000 +2.5627e+000 +3.7414e-001
132 +2.736764939e+000 +2.736764939e+000 -1.420323506e+001 -1.420323506e+001 +2.3142e+000 +2.2248e+000 -2.2672e+000 +2.1064e+000 +1.0472e+000
321 +2.360939685e+000 +2.360939685e+000 -1.457906031e+001 -1.457906031e+001 +2.5205e+000 +1.7327e+000 -2.2208e+000 +2.1642e+000 +9.7725e-001
341 +2.168082045e+000 +2.168082045e+000 -1.477191795e+001 -1.477191795e+001 +2.4268e+000 +1.8391e+000 -2.2524e+000 +2.2202e+000 +1.0436e+000
367 +1.874384203e+000 +1.874384203e+000 -1.506561580e+001 -1.506561580e+001 +2.6531e+000 +1.4757e+000 -2.2220e+000 +2.2094e+000 +1.1348e+000
369 +1.733061727e+000 +1.733061727e+000 -1.520693827e+001 -1.520693827e+001 +2.4285e+000 +1.8723e+000 -2.2095e+000 +2.0857e+000 +1.0683e+000
407 +1.683929335e+000 +1.683929335e+000 -1.525607067e+001 -1.525607067e+001 +2.9639e+000 +1.7798e+000 -2.1303e+000 +2.1602e+000 +1.1429e+000
453 +1.426871034e+000 +1.426871034e+000 -1.551312897e+001 -1.551312897e+001 +2.6957e+000 +1.8296e+000 -2.1484e+000 +2.1381e+000 +1.0834e+000
475 +1.286884597e+000 +1.286884597e+000 -1.565311540e+001 -1.565311540e+001 +2.4470e+000 +1.8333e+000 -2.1974e+000 +2.1395e+000 +1.0546e+000
569 +1.237353640e+000 +1.237353640e+000 -1.570264636e+001 -1.570264636e+001 +2.9832e+000 +1.7463e+000 -2.0511e+000 +2.1664e+000 +1.1570e+000
581 +9.055027007e-001 +9.055027007e-001 -1.603449730e+001 -1.603449730e+001 +2.6826e+000 +1.8014e+000 -2.1086e+000 +2.1826e+000 +1.1760e+000
598 +8.309374238e-001 +8.309374238e-001 -1.610906258e+001 -1.610906258e+001 +2.7583e+000 +1.8068e+000 -2.1276e+000 +2.1378e+000 +1.2085e+000
610 +4.253063543e-001 +4.253063543e-001 -1.651469365e+001 -1.651469365e+001 +2.7479e+000 +1.8257e+000 -2.0689e+000 +2.1489e+000 +1.1654e+000
732 +3.795374300e-001 +3.795374300e-001 -1.656046257e+001 -1.656046257e+001 +2.7254e+000 +1.8267e+000 -2.0973e+000 +2.1454e+000 +1.1701e+000
759 +3.482744979e-001 +3.482744979e-001 -1.659172550e+001 -1.659172550e+001 +2.7378e+000 +1.8309e+000 -2.0958e+000 +2.1419e+000 +1.1688e+000
810 +2.852812456e-001 +2.852812456e-001 -1.665471875e+001 -1.665471875e+001 +2.7203e+000 +1.8254e+000 -2.1027e+000 +2.1430e+000 +1.1741e+000
851 +2.434050240e-001 +2.434050240e-001 -1.669659498e+001 -1.669659498e+001 +2.7461e+000 +1.8153e+000 -2.0955e+000 +2.1430e+000 +1.1794e+000
1156 +2.326758043e-001 +2.326758043e-001 -1.670732420e+001 -1.670732420e+001 +2.7320e+000 +1.8082e+000 -2.1012e+000 +2.1527e+000 +1.1750e+000
1908 +2.236429160e-001 +2.236429160e-001 -1.671635708e+001 -1.671635708e+001 +2.7342e+000 +1.8146e+000 -2.1005e+000 +2.1466e+000 +1.1787e+000
2499 +2.187370975e-001 +2.187370975e-001 -1.672126290e+001 -1.672126290e+001 +2.7340e+000 +1.8148e+000 -2.1007e+000 +2.1464e+000 +1.1789e+000
2862 +2.136844342e-001 +2.136844342e-001 -1.672631557e+001 -1.672631557e+001 +2.7340e+000 +1.8149e+000 -2.1007e+000 +2.1464e+000 +1.1788e+000
% function evaluation | noise-free fitness - Fopt (1.881000000000e+001) | best noise-free fitness - Fopt | measured fitness | best measured fitness | x1 | x2...
1 +1.301141649e+003 +1.301141649e+003 +1.319951649e+003 +1.319951649e+003 -1.0908e+001 +8.9101e+000 -6.1058e+000 -1.6358e+000 -8.7803e-001
2 +1.059883549e+003 +1.059883549e+003 +1.078693549e+003 +1.078693549e+003 -3.6608e-001 +6.1089e+000 +2.2719e+000 +1.4591e+001 -1.3329e+000
3 +5.735924526e+001 +5.735924526e+001 +7.616924526e+001 +7.616924526e+001 -5.6939e+000 +4.3151e+000 -4.5369e+000 +9.6505e-001 -2.4983e+000
14 +2.769673391e+001 +2.769673391e+001 +4.650673391e+001 +4.650673391e+001 -7.6870e-001 +3.3312e+000 -3.1548e-001 -1.4736e+000 -1.8783e+000
51 +2.041752946e+001 +2.041752946e+001 +3.922752946e+001 +3.922752946e+001 +1.3418e+000 +3.3287e+000 +1.0376e-001 -7.2988e-002 -1.0775e+000
76 +1.869549373e+001 +1.869549373e+001 +3.750549373e+001 +3.750549373e+001 +2.1066e-001 +3.1362e+000 +2.1744e-001 +5.9292e-001 -9.5401e-001
84 +1.755936566e+001 +1.755936566e+001 +3.636936566e+001 +3.636936566e+001 -2.5370e-001 +2.3586e+000 +2.1045e-001 +3.6106e-001 +2.1156e-002
108 +1.038886505e+001 +1.038886505e+001 +2.919886505e+001 +2.919886505e+001 -8.0367e-001 +3.1836e+000 -1.2335e-001 +6.7938e-001 -2.4810e-001
134 +8.896069169e+000 +8.896069169e+000 +2.770606917e+001 +2.770606917e+001 +1.6366e-001 +2.7878e+000 -5.7889e-002 -8.1739e-002 -3.3916e-003
136 +7.355546322e+000 +7.355546322e+000 +2.616554632e+001 +2.616554632e+001 +3.1409e-001 +2.5675e+000 -1.5264e-001 -2.9047e-001 -4.0359e-001
186 +4.094055571e+000 +4.094055571e+000 +2.290405557e+001 +2.290405557e+001 -6.6781e-001 +2.2508e+000 -7.1169e-001 +4.7013e-001 +5.6252e-001
228 +3.096396830e+000 +3.096396830e+000 +2.190639683e+001 +2.190639683e+001 -4.7068e-001 +1.9302e+000 -6.8511e-001 +2.6293e-001 +1.5099e+000
397 +8.038638005e-001 +8.038638005e-001 +1.961386380e+001 +1.961386380e+001 -4.0171e-001 +2.1625e+000 -9.7932e-001 +4.8793e-001 +1.2545e+000
582 +7.876458754e-001 +7.876458754e-001 +1.959764588e+001 +1.959764588e+001 -5.7441e-001 +2.0861e+000 -1.0323e+000 +7.0966e-001 +9.2621e-001
613 +6.779368750e-001 +6.779368750e-001 +1.948793687e+001 +1.948793687e+001 -5.6094e-001 +2.1166e+000 -1.0386e+000 +7.1697e-001 +8.6124e-001
640 +5.235729779e-001 +5.235729779e-001 +1.933357298e+001 +1.933357298e+001 -5.5867e-001 +2.0900e+000 -1.0439e+000 +7.2074e-001 +8.8481e-001
895 +4.499887550e-001 +4.499887550e-001 +1.925998875e+001 +1.925998875e+001 -5.5907e-001 +2.0972e+000 -1.0389e+000 +7.2489e-001 +8.6268e-001
984 +4.366794870e-001 +4.366794870e-001 +1.924667949e+001 +1.924667949e+001 -5.6172e-001 +2.0790e+000 -1.0414e+000 +7.1997e-001 +8.7205e-001
995 +3.868140013e-001 +3.868140013e-001 +1.919681400e+001 +1.919681400e+001 -5.5578e-001 +2.1083e+000 -1.0397e+000 +7.2064e-001 +8.6141e-001
1105 +3.721245733e-001 +3.721245733e-001 +1.918212457e+001 +1.918212457e+001 -5.6055e-001 +2.0940e+000 -1.0400e+000 +7.2541e-001 +8.4623e-001
1116 +3.554063644e-001 +3.554063644e-001 +1.916540636e+001 +1.916540636e+001 -5.5926e-001 +2.0973e+000 -1.0397e+000 +7.2217e-001 +8.5250e-001
1128 +3.518123993e-001 +3.518123993e-001 +1.916181240e+001 +1.916181240e+001 -5.6064e-001 +2.0933e+000 -1.0407e+000 +7.2362e-001 +8.5081e-001
1273 +3.275519288e-001 +3.275519288e-001 +1.913755193e+001 +1.913755193e+001 -5.6023e-001 +2.1003e+000 -1.0414e+000 +7.2646e-001 +8.5261e-001
1757 +3.226972625e-001 +3.226972625e-001 +1.913269726e+001 +1.913269726e+001 -5.6047e-001 +2.1056e+000 -1.0413e+000 +7.2782e-001 +8.5031e-001
1798 +3.050850844e-001 +3.050850844e-001 +1.911508508e+001 +1.911508508e+001 -5.6015e-001 +2.1066e+000 -1.0412e+000 +7.2806e-001 +8.5054e-001
1982 +2.994912034e-001 +2.994912034e-001 +1.910949120e+001 +1.910949120e+001 -5.6096e-001 +2.1039e+000 -1.0414e+000 +7.2790e-001 +8.5073e-001
2024 +2.922430707e-001 +2.922430707e-001 +1.910224307e+001 +1.910224307e+001 -5.6060e-001 +2.1034e+000 -1.0414e+000 +7.2767e-001 +8.5120e-001
2160 +2.809069610e-001 +2.809069610e-001 +1.909090696e+001 +1.909090696e+001 -5.6088e-001 +2.1020e+000 -1.0414e+000 +7.2745e-001 +8.5140e-001
2165 +2.744942083e-001 +2.744942083e-001 +1.908449421e+001 +1.908449421e+001 -5.6085e-001 +2.1020e+000 -1.0413e+000 +7.2744e-001 +8.5115e-001
3412 +2.683952867e-001 +2.683952867e-001 +1.907839529e+001 +1.907839529e+001 -5.6097e-001 +2.1016e+000 -1.0414e+000 +7.2750e-001 +8.5106e-001
% function evaluation | noise-free fitness - Fopt (2.731500000000e+002) | best noise-free fitness - Fopt | measured fitness | best measured fitness | x1 | x2...
1 +1.277286817e+002 +1.277286817e+002 +4.008786817e+002 +4.008786817e+002 +7.2574e+000 -3.8035e+000 +4.8796e+000 +1.4699e+000 -1.2492e+000
7 +4.363284007e+001 +4.363284007e+001 +3.167828401e+002 +3.167828401e+002 +4.6621e+000 +6.7426e-001 +2.2579e+000 +5.7501e-001 -1.9030e-001
13 +3.859586110e+001 +3.859586110e+001 +3.117458611e+002 +3.117458611e+002 +3.8329e+000 +2.1511e+000 +2.3771e+000 +3.5246e-001 -1.3017e+000
53 +3.618319056e+001 +3.618319056e+001 +3.093331906e+002 +3.093331906e+002 +3.2685e+000 +1.3486e+000 +2.2082e+000 +3.1017e+000 -1.4118e+000
56 +3.270694181e+001 +3.270694181e+001 +3.058569418e+002 +3.058569418e+002 +4.8192e+000 +8.2322e-001 +1.0878e+000 +5.4150e-001 -2.4140e+000
91 +3.233290409e+001 +3.233290409e+001 +3.054829041e+002 +3.054829041e+002 +5.0781e+000 +5.5174e+000 +1.6820e+000 +1.5851e+000 +2.4673e+000
99 +2.484912800e+001 +2.484912800e+001 +2.979991280e+002 +2.979991280e+002 +4.0340e+000 +3.2810e+000 +2.4979e+000 +6.2833e-001 -4.8427e-001
131 +1.844911503e+001 +1.844911503e+001 +2.915991150e+002 +2.915991150e+002 +2.4238e+000 +3.1054e+000 +2.7073e+000 +3.0095e+000 +1.8948e+000
141 +1.780385195e+001 +1.780385195e+001 +2.909538519e+002 +2.909538519e+002 +4.8730e+000 +1.6276e+000 +2.0334e+000 +2.0348e+000 +1.0786e+000
159 +1.310925726e+001 +1.310925726e+001 +2.862592573e+002 +2.862592573e+002 +4.5345e+000 +2.4168e+000 +1.8817e+000 +2.3794e+000 +5.2876e-001
187 +1.151995187e+001 +1.151995187e+001 +2.846699519e+002 +2.846699519e+002 +2.9340e-001 +3.0759e+000 +6.2404e-001 +1.6414e+000 +1.3927e+000
191 +9.689923300e+000 +9.689923300e+000 +2.828399233e+002 +2.828399233e+002 +3.7693e+000 +2.9975e+000 +1.0541e+000 +1.5250e+000 +2.5497e-001
254 +7.953438242e+000 +7.953438242e+000 +2.811034382e+002 +2.811034382e+002 +3.9046e+000 +3.4517e+000 +1.6475e-001 +1.5481e+000 +5.3188e-001
444 +7.474286997e+000 +7.474286997e+000 +2.806242870e+002 +2.806242870e+002 +4.1451e+000 +2.9803e+000 +1.4094e-001 +1.2313e+000 +1.0236e+000
473 +6.375676349e+000 +6.375676349e+000 +2.795256763e+002 +2.795256763e+002 +3.9828e+000 +3.4919e+000 +9.0462e-003 +1.3596e+000 +1.0653e+000
524 +5.353352077e+000 +5.353352077e+000 +2.785033521e+002 +2.785033521e+002 +4.0081e+000 +3.2084e+000 +2.1468e-001 +1.5124e+000 +1.0943e+000
754 +5.021845991e+000 +5.021845991e+000 +2.781718460e+002 +2.781718460e+002 +3.8443e+000 +3.2783e+000 +6.9623e-001 +1.6279e+000 +1.0975e+000
783 +4.999610027e+000 +4.999610027e+000 +2.781496100e+002 +2.781496100e+002 +4.0422e+000 +3.1264e+000 +6.0126e-001 +1.6319e+000 +1.1042e+000
809 +4.623450918e+000 +4.623450918e+000 +2.777734509e+002 +2.777734509e+002 +3.8415e+000 +3.1192e+000 +6.2966e-001 +1.6102e+000 +1.1461e+000
977 +3.955447145e+000 +3.955447145e+000 +2.771054471e+002 +2.771054471e+002 +4.0445e+000 +3.1409e+000 +5.3916e-001 +1.5844e+000 +1.0902e+000
1192 +3.719505750e+000 +3.719505750e+000 +2.768695057e+002 +2.768695057e+002 +4.0601e+000 +3.1278e+000 +5.0514e-001 +1.5455e+000 +1.0855e+000
1361 +3.713413604e+000 +3.713413604e+000 +2.768634136e+002 +2.768634136e+002 +4.0242e+000 +3.1270e+000 +5.2384e-001 +1.5624e+000 +1.0876e+000
1410 +3.599623737e+000 +3.599623737e+000 +2.767496237e+002 +2.767496237e+002 +4.0318e+000 +3.1280e+000 +5.2878e-001 +1.5601e+000 +1.0881e+000
1427 +3.526657239e+000 +3.526657239e+000 +2.766766572e+002 +2.766766572e+002 +4.0307e+000 +3.1299e+000 +5.3116e-001 +1.5609e+000 +1.0875e+000
1464 +3.455020278e+000 +3.455020278e+000 +2.766050203e+002 +2.766050203e+002 +4.0343e+000 +3.1297e+000 +5.2995e-001 +1.5614e+000 +1.0882e+000
2252 +3.369030659e+000 +3.369030659e+000 +2.765190307e+002 +2.765190307e+002 +4.0301e+000 +3.1311e+000 +5.3143e-001 +1.5629e+000 +1.0879e+000
% function evaluation | noise-free fitness - Fopt (3.718000000000e+001) | best noise-free fitness - Fopt | measured fitness | best measured fitness | x1 | x2...
1 +4.465343578e+002 +4.465343578e+002 +4.837143578e+002 +4.837143578e+002 -2.6377e+000 -4.2539e+000 +3.0931e+000 -2.1726e-001 +1.0594e+000
4 +3.327899089e+002 +3.327899089e+002 +3.699699089e+002 +3.699699089e+002 -3.2409e+000 -1.6379e+000 +1.4242e+000 -1.6712e+000 -3.4844e-001
6 +2.348789800e+002 +2.348789800e+002 +2.720589800e+002 +2.720589800e+002 -7.7176e+000 -5.8666e+000 +6.8500e+000 +2.4938e+000 -2.3107e+000
7 +9.933794146e+001 +9.933794146e+001 +1.365179415e+002 +1.365179415e+002 -2.5204e+000 +5.4352e+000 +4.8887e+000 -2.8226e+000 -1.6899e+000
15 +8.908404056e+001 +8.908404056e+001 +1.262640406e+002 +1.262640406e+002 -2.6116e+000 -1.2660e+000 +5.3543e+000 +3.9534e+000 +3.3434e+000
18 +8.147264301e+001 +8.147264301e+001 +1.186526430e+002 +1.186526430e+002 -2.8134e+000 -3.4053e+000 +5.5893e+000 +3.4061e+000 +1.0879e+000
37 +3.982855144e+001 +3.982855144e+001 +7.700855144e+001 +7.700855144e+001 -5.2594e+000 -9.7252e-002 +4.3954e+000 +1.0235e+000 -2.0112e+000
39 +1.340798280e+001 +1.340798280e+001 +5.058798280e+001 +5.058798280e+001 -2.6057e+000 -1.0245e+000 +1.0192e+000 +1.6732e+000 -2.1956e+000
163 +1.267687555e+001 +1.267687555e+001 +4.985687555e+001 +4.985687555e+001 -1.7575e+000 -8.5544e-002 +2.1395e+000 +2.3043e+000 -3.5797e+000
170 +1.088415767e+001 +1.088415767e+001 +4.806415767e+001 +4.806415767e+001 -4.6328e+000 +1.5994e+000 -4.0402e-001 +2.9484e+000 -4.5769e+000
218 +1.038637895e+001 +1.038637895e+001 +4.756637895e+001 +4.756637895e+001 -2.7644e+000 -3.4284e-002 +7.0511e-001 +2.4356e+000 -3.9727e+000
242 +8.753164846e+000 +8.753164846e+000 +4.593316485e+001 +4.593316485e+001 -2.6800e+000 +1.2149e-001 +1.5628e+000 +2.2029e+000 -4.4452e+000
314 +4.505019676e+000 +4.505019676e+000 +4.168501968e+001 +4.168501968e+001 -3.0306e+000 +5.1212e-001 +1.6591e+000 +2.0283e+000 -4.0827e+000
403 +4.412722180e+000 +4.412722180e+000 +4.159272218e+001 +4.159272218e+001 -3.7109e+000 +1.4338e+000 +1.9828e+000 +2.0217e+000 -4.0664e+000
469 +2.751970810e+000 +2.751970810e+000 +3.993197081e+001 +3.993197081e+001 -3.8065e+000 +1.1998e+000 +1.2183e+000 +1.9576e+000 -3.8370e+000
597 +2.632515433e+000 +2.632515433e+000 +3.981251543e+001 +3.981251543e+001 -3.8648e+000 +1.3450e+000 +1.0885e+000 +1.9111e+000 -3.6998e+000
638 +2.177890903e+000 +2.177890903e+000 +3.935789090e+001 +3.935789090e+001 -3.9310e+000 +1.3072e+000 +9.9220e-001 +1.8587e+000 -3.5230e+000
678 +1.371644843e+000 +1.371644843e+000 +3.855164484e+001 +3.855164484e+001 -3.7954e+000 +1.4627e+000 +1.4749e+000 +1.8041e+000 -3.5879e+000
818 +7.298989953e-001 +7.298989953e-001 +3.790989900e+001 +3.790989900e+001 -4.1493e+000 +2.2451e+000 +1.7268e+000 +1.7296e+000 -3.6681e+000
895 +3.374499687e-001 +3.374499687e-001 +3.751744997e+001 +3.751744997e+001 -3.8113e+000 +2.0606e+000 +2.1576e+000 +1.6024e+000 -3.5371e+000
1217 +2.565392574e-001 +2.565392574e-001 +3.743653926e+001 +3.743653926e+001 -3.9877e+000 +2.0831e+000 +1.9099e+000 +1.6432e+000 -3.5536e+000
1276 +2.186669185e-001 +2.186669185e-001 +3.739866692e+001 +3.739866692e+001 -3.9264e+000 +2.0998e+000 +2.0148e+000 +1.6004e+000 -3.5575e+000
1306 +1.504719125e-001 +1.504719125e-001 +3.733047191e+001 +3.733047191e+001 -3.9130e+000 +2.1004e+000 +2.0701e+000 +1.6050e+000 -3.5516e+000
1309 +1.282051823e-001 +1.282051823e-001 +3.730820518e+001 +3.730820518e+001 -3.9041e+000 +2.0686e+000 +2.0525e+000 +1.6102e+000 -3.5314e+000
1329 +8.888423516e-002 +8.888423516e-002 +3.726888424e+001 +3.726888424e+001 -3.9064e+000 +2.0856e+000 +2.0481e+000 +1.6085e+000 -3.5346e+000
1420 +7.782590027e-002 +7.782590027e-002 +3.725782590e+001 +3.725782590e+001 -3.9083e+000 +2.0778e+000 +2.0606e+000 +1.5991e+000 -3.5340e+000
1558 +6.883534934e-002 +6.883534934e-002 +3.724883535e+001 +3.724883535e+001 -3.9000e+000 +2.0710e+000 +2.0582e+000 +1.6041e+000 -3.5218e+000
1621 +4.627638566e-002 +4.627638566e-002 +3.722627639e+001 +3.722627639e+001 -3.8827e+000 +2.0635e+000 +2.0664e+000 +1.6014e+000 -3.5274e+000
1688 +4.311721997e-002 +4.311721997e-002 +3.722311722e+001 +3.722311722e+001 -3.8923e+000 +2.0583e+000 +2.0463e+000 +1.6044e+000 -3.5282e+000
1693 +3.629591704e-002 +3.629591704e-002 +3.721629592e+001 +3.721629592e+001 -3.8920e+000 +2.0641e+000 +2.0550e+000 +1.6064e+000 -3.5291e+000
1709 +3.068224500e-002 +3.068224500e-002 +3.721068225e+001 +3.721068225e+001 -3.8874e+000 +2.0579e+000 +2.0504e+000 +1.6066e+000 -3.5286e+000
1745 +2.753405150e-002 +2.753405150e-002 +3.720753405e+001 +3.720753405e+001 -3.8900e+000 +2.0600e+000 +2.0535e+000 +1.6074e+000 -3.5298e+000
1760 +2.416783361e-002 +2.416783361e-002 +3.720416783e+001 +3.720416783e+001 -3.8911e+000 +2.0591e+000 +2.0509e+000 +1.6052e+000 -3.5300e+000
1786 +1.981017118e-002 +1.981017118e-002 +3.719981017e+001 +3.719981017e+001 -3.8896e+000 +2.0598e+000 +2.0504e+000 +1.6047e+000 -3.5301e+000
1801 +1.303510060e-002 +1.303510060e-002 +3.719303510e+001 +3.719303510e+001 -3.8903e+000 +2.0602e+000 +2.0532e+000 +1.6055e+000 -3.5300e+000
1828 +6.390859643e-003 +6.390859643e-003 +3.718639086e+001 +3.718639086e+001 -3.8903e+000 +2.0593e+000 +2.0526e+000 +1.6061e+000 -3.5299e+000
1942 +6.216467483e-003 +6.216467483e-003 +3.718621647e+001 +3.718621647e+001 -3.8908e+000 +2.0589e+000 +2.0519e+000 +1.6060e+000 -3.5296e+000
1943 +3.378607852e-003 +3.378607852e-003 +3.718337861e+001 +3.718337861e+001 -3.8908e+000 +2.0591e+000 +2.0519e+000 +1.6062e+000 -3.5295e+000
2093 +2.898513981e-003 +2.898513981e-003 +3.718289851e+001 +3.718289851e+001 -3.8907e+000 +2.0591e+000 +2.0520e+000 +1.6061e+000 -3.5294e+000
2125 +2.322822242e-003 +2.322822242e-003 +3.718232282e+001 +3.718232282e+001 -3.8908e+000 +2.0592e+000 +2.0520e+000 +1.6062e+000 -3.5295e+000
2705 +1.925995052e-003 +1.925995052e-003 +3.718192600e+001 +3.718192600e+001 -3.8908e+000 +2.0592e+000 +2.0520e+000 +1.6062e+000 -3.5296e+000
3561 +1.828153459e-003 +1.828153459e-003 +3.718182815e+001 +3.718182815e+001 -3.8908e+000 +2.0592e+000 +2.0520e+000 +1.6062e+000 -3.5296e+000
6456 +1.815805927e-003 +1.815805927e-003 +3.718181581e+001 +3.718181581e+001 -3.8908e+000 +2.0592e+000 +2.0520e+000 +1.6062e+000 -3.5296e+000
7287 +1.771771355e-003 +1.771771355e-003 +3.718177177e+001 +3.718177177e+001 -3.8908e+000 +2.0592e+000 +2.0520e+000 +1.6062e+000 -3.5296e+000
7503 +1.733734832e-003 +1.733734832e-003 +3.718173373e+001 +3.718173373e+001 -3.8908e+000 +2.0592e+000 +2.0520e+000 +1.6062e+000 -3.5296e+000
8551 +1.696811667e-003 +1.696811667e-003 +3.718169681e+001 +3.718169681e+001 -3.8908e+000 +2.0592e+000 +2.0520e+000 +1.6062e+000 -3.5296e+000
% function evaluation | noise-free fitness - Fopt (-1.479000000000e+002) | best noise-free fitness - Fopt | measured fitness | best measured fitness | x1 | x2...
1 +1.109477804e+002 +1.109477804e+002 -3.695221965e+001 -3.695221965e+001 +1.6007e+000 +7.2048e+000 -2.6419e-001 +1.2661e+000 -1.6865e+000
9 +7.224829511e+001 +7.224829511e+001 -7.565170489e+001 -7.565170489e+001 +8.8667e-001 +1.5707e+000 -5.1233e+000 +1.4055e+000 -1.8471e+000
22 +6.603435648e+001 +6.603435648e+001 -8.186564352e+001 -8.186564352e+001 +4.0999e-001 +3.6525e+000 -3.8053e+000 +4.3217e+000 -1.5276e+000
23 +5.265281926e+001 +5.265281926e+001 -9.524718074e+001 -9.524718074e+001 -1.2006e+000 +3.2546e+000 -2.7611e+000 +2.2179e+000 -2.1242e+000
28 +4.454921343e+001 +4.454921343e+001 -1.033507866e+002 -1.033507866e+002 -3.2784e+000 +3.2433e+000 -2.7643e+000 +1.5126e+000 -2.7906e-001
31 +3.820904828e+001 +3.820904828e+001 -1.096909517e+002 -1.096909517e+002 +9.5889e-002 +1.2206e+000 +2.2005e-001 -2.0069e+000 -2.9151e+000
69 +2.322704483e+001 +2.322704483e+001 -1.246729552e+002 -1.246729552e+002 +2.3731e-001 +2.2439e+000 +1.6234e+000 -7.6500e-001 -4.2694e+000
130 +1.299444093e+001 +1.299444093e+001 -1.349055591e+002 -1.349055591e+002 -1.9299e+000 +8.8356e-001 -8.4255e-001 -2.9192e+000 -4.3914e+000
187 +1.194326672e+001 +1.194326672e+001 -1.359567333e+002 -1.359567333e+002 -2.4429e+000 +1.3686e+000 -2.2962e-001 -1.0387e+000 -2.6175e+000
207 +1.077545305e+001 +1.077545305e+001 -1.371245469e+002 -1.371245469e+002 -1.6793e+000 +1.2621e+000 -1.3307e+000 -1.3463e+000 -3.0003e+000
262 +9.004919510e+000 +9.004919510e+000 -1.388950805e+002 -1.388950805e+002 -1.1704e+000 +1.4609e+000 -2.5804e-001 -2.2034e+000 -4.5714e+000
282 +4.981773612e+000 +4.981773612e+000 -1.429182264e+002 -1.429182264e+002 -1.9594e+000 +9.5138e-001 -3.5992e-001 -2.7142e+000 -4.2888e+000
404 +3.185018583e+000 +3.185018583e+000 -1.447149814e+002 -1.447149814e+002 -1.5118e+000 +9.8862e-001 -2.2601e-001 -2.8663e+000 -4.0059e+000
433 +2.170453365e+000 +2.170453365e+000 -1.457295466e+002 -1.457295466e+002 -1.4859e+000 +7.2507e-001 +2.7179e-001 -2.6295e+000 -4.0826e+000
455 +2.006473825e+000 +2.006473825e+000 -1.458935262e+002 -1.458935262e+002 -1.3710e+000 +7.4659e-001 +1.5136e-001 -2.7959e+000 -3.9167e+000
459 +1.355966606e+000 +1.355966606e+000 -1.465440334e+002 -1.465440334e+002 -1.6240e+000 +8.2319e-001 -1.7199e-001 -2.6593e+000 -4.0348e+000
480 +1.294234179e+000 +1.294234179e+000 -1.466057658e+002 -1.466057658e+002 -1.5838e+000 +8.7483e-001 -1.5536e-001 -2.5946e+000 -4.0163e+000
558 +9.796849109e-001 +9.796849109e-001 -1.469203151e+002 -1.469203151e+002 -1.5521e+000 +8.1101e-001 -1.3602e-001 -2.6882e+000 -4.0180e+000
562 +8.525356635e-001 +8.525356635e-001 -1.470474643e+002 -1.470474643e+002 -1.5726e+000 +8.1379e-001 -1.4444e-001 -2.6323e+000 -3.9456e+000
568 +7.661807049e-001 +7.661807049e-001 -1.471338193e+002 -1.471338193e+002 -1.5874e+000 +8.3576e-001 -1.5700e-001 -2.6562e+000 -3.9608e+000
606 +6.570648363e-001 +6.570648363e-001 -1.472429352e+002 -1.472429352e+002 -1.5608e+000 +8.2477e-001 -1.5095e-001 -2.6756e+000 -3.9715e+000
666 +6.280194583e-001 +6.280194583e-001 -1.472719805e+002 -1.472719805e+002 -1.5517e+000 +7.8925e-001 -1.6698e-001 -2.7172e+000 -3.9412e+000
740 +4.882107179e-001 +4.882107179e-001 -1.474117893e+002 -1.474117893e+002 -1.5572e+000 +7.8904e-001 -1.3923e-001 -2.7158e+000 -3.9655e+000
756 +4.431767591e-001 +4.431767591e-001 -1.474568232e+002 -1.474568232e+002 -1.5539e+000 +7.9566e-001 -1.5331e-001 -2.7123e+000 -3.9637e+000
812 +4.038141463e-001 +4.038141463e-001 -1.474961859e+002 -1.474961859e+002 -1.5567e+000 +8.0230e-001 -1.5718e-001 -2.7150e+000 -3.9656e+000
854 +3.947997491e-001 +3.947997491e-001 -1.475052003e+002 -1.475052003e+002 -1.5591e+000 +8.0010e-001 -1.6903e-001 -2.7163e+000 -3.9704e+000
855 +3.889472838e-001 +3.889472838e-001 -1.475110527e+002 -1.475110527e+002 -1.5598e+000 +7.9838e-001 -1.6747e-001 -2.7201e+000 -3.9718e+000
858 +3.104108782e-001 +3.104108782e-001 -1.475895891e+002 -1.475895891e+002 -1.5575e+000 +7.9956e-001 -1.6616e-001 -2.7171e+000 -3.9696e+000
916 +3.043051438e-001 +3.043051438e-001 -1.475956949e+002 -1.475956949e+002 -1.5575e+000 +8.0246e-001 -1.6568e-001 -2.7148e+000 -3.9717e+000
1048 +2.953445634e-001 +2.953445634e-001 -1.476046554e+002 -1.476046554e+002 -1.5563e+000 +8.0167e-001 -1.6586e-001 -2.7153e+000 -3.9715e+000
1076 +2.734935759e-001 +2.734935759e-001 -1.476265064e+002 -1.476265064e+002 -1.5571e+000 +8.0194e-001 -1.6675e-001 -2.7160e+000 -3.9716e+000
1297 +2.645288053e-001 +2.645288053e-001 -1.476354712e+002 -1.476354712e+002 -1.5565e+000 +8.0179e-001 -1.6627e-001 -2.7162e+000 -3.9722e+000
1318 +2.619970000e-001 +2.619970000e-001 -1.476380030e+002 -1.476380030e+002 -1.5564e+000 +8.0215e-001 -1.6636e-001 -2.7161e+000 -3.9725e+000
1673 +2.563107806e-001 +2.563107806e-001 -1.476436892e+002 -1.476436892e+002 -1.5564e+000 +8.0197e-001 -1.6630e-001 -2.7161e+000 -3.9722e+000
1850 +2.511329109e-001 +2.511329109e-001 -1.476488671e+002 -1.476488671e+002 -1.5565e+000 +8.0201e-001 -1.6632e-001 -2.7161e+000 -3.9722e+000
2228 +2.454611864e-001 +2.454611864e-001 -1.476545388e+002 -1.476545388e+002 -1.5565e+000 +8.0200e-001 -1.6628e-001 -2.7161e+000 -3.9722e+000
% function evaluation | noise-free fitness - Fopt (-6.080000000000e+000) | best noise-free fitness - Fopt | measured fitness | best measured fitness | x1 | x2...
1 +1.231702187e+002 +1.231702187e+002 +1.170902187e+002 +1.170902187e+002 -1.7570e+000 +6.3493e+000 -2.7124e-002 +1.0147e+000 +6.1230e+000
4 +5.059988519e+001 +5.059988519e+001 +4.451988519e+001 +4.451988519e+001 -1.4509e+000 +4.0741e+000 -2.0266e-001 +1.1781e-001 +3.6123e+000
26 +4.025773139e+001 +4.025773139e+001 +3.417773139e+001 +3.417773139e+001 -6.4763e-001 +4.5350e+000 -6.6747e-001 +1.8155e+000 -7.0817e-001
30 +2.821348086e+001 +2.821348086e+001 +2.213348086e+001 +2.213348086e+001 -1.0566e-001 +5.2745e+000 -5.3825e-001 +2.4419e-001 +9.7430e-001
67 +2.387283394e+001 +2.387283394e+001 +1.779283394e+001 +1.779283394e+001 +8.5047e-001 +1.6089e+000 -2.8515e+000 -1.4437e+000 -8.6809e-001
76 +1.742398531e+001 +1.742398531e+001 +1.134398531e+001 +1.134398531e+001 +6.4275e-001 +3.3948e+000 -4.1052e+000 -3.5722e-001 +2.4664e+000
273 +1.634739145e+001 +1.634739145e+001 +1.026739145e+001 +1.026739145e+001 +2.0059e+000 +2.1827e+000 -2.1624e+000 -1.9267e+000 +5.5588e-001
276 +1.288022642e+001 +1.288022642e+001 +6.800226419e+000 +6.800226419e+000 +2.7876e-001 +3.8820e+000 -2.0056e+000 +2.7782e-001 +1.1521e-001
301 +1.081893695e+001 +1.081893695e+001 +4.738936947e+000 +4.738936947e+000 +4.0494e-001 +2.7833e+000 -2.8306e+000 +1.7604e-001 +9.5896e-001
318 +6.847528316e+000 +6.847528316e+000 +7.675283160e-001 +7.675283160e-001 +3.9903e-001 +2.9522e+000 -3.5150e+000 +3.2017e-001 +1.4328e-001
381 +6.734451761e+000 +6.734451761e+000 +6.544517611e-001 +6.544517611e-001 +6.8748e-003 +2.8465e+000 -3.7611e+000 -7.1445e-001 +8.9138e-001
395 +6.060359026e+000 +6.060359026e+000 -1.964097390e-002 -1.964097390e-002 +5.8146e-001 +2.1188e+000 -3.4377e+000 -5.0517e-001 +7.1322e-001
402 +6.007819465e+000 +6.007819465e+000 -7.218053472e-002 -7.218053472e-002 +2.6703e-001 +2.2994e+000 -3.7240e+000 -1.7219e-003 +8.7825e-001
406 +4.468531867e+000 +4.468531867e+000 -1.611468133e+000 -1.611468133e+000 +2.6894e-001 +2.0427e+000 -3.4589e+000 -4.7459e-001 +9.1750e-001
421 +2.877945101e+000 +2.877945101e+000 -3.202054899e+000 -3.202054899e+000 +7.1106e-001 +2.0961e+000 -3.7133e+000 -5.3635e-001 +9.7677e-001
490 +2.165269994e+000 +2.165269994e+000 -3.914730006e+000 -3.914730006e+000 +5.9984e-001 +2.0363e+000 -3.5326e+000 -2.6490e-001 +9.3169e-001
524 +2.020841765e+000 +2.020841765e+000 -4.059158235e+000 -4.059158235e+000 +6.5322e-001 +1.9621e+000 -3.5542e+000 -4.7527e-001 +1.1174e+000
525 +1.837635573e+000 +1.837635573e+000 -4.242364427e+000 -4.242364427e+000 +7.1750e-001 +2.0994e+000 -3.4961e+000 -4.2025e-001 +1.0901e+000
563 +1.500555180e+000 +1.500555180e+000 -4.579444820e+000 -4.579444820e+000 +6.9096e-001 +1.9586e+000 -3.5953e+000 -4.1923e-001 +1.0246e+000
580 +1.396634101e+000 +1.396634101e+000 -4.683365899e+000 -4.683365899e+000 +7.3065e-001 +2.0844e+000 -3.4878e+000 -3.9279e-001 +1.0229e+000
607 +6.829651374e-001 +6.829651374e-001 -5.397034863e+000 -5.397034863e+000 +7.1611e-001 +2.0005e+000 -3.4769e+000 -4.2660e-001 +1.0365e+000
870 +5.490257215e-001 +5.490257215e-001 -5.530974278e+000 -5.530974278e+000 +7.4018e-001 +2.1107e+000 -3.0667e+000 -4.6239e-001 +1.1206e+000
953 +4.939203740e-001 +4.939203740e-001 -5.586079626e+000 -5.586079626e+000 +7.2774e-001 +2.0674e+000 -3.0695e+000 -4.7620e-001 +1.1418e+000
957 +4.209832432e-001 +4.209832432e-001 -5.659016757e+000 -5.659016757e+000 +8.0676e-001 +1.9956e+000 -3.0534e+000 -4.5965e-001 +1.1323e+000
1071 +3.691666178e-001 +3.691666178e-001 -5.710833382e+000 -5.710833382e+000 +7.7357e-001 +2.0232e+000 -3.1268e+000 -4.8337e-001 +1.1581e+000
1264 +2.894819266e-001 +2.894819266e-001 -5.790518073e+000 -5.790518073e+000 +7.7853e-001 +2.0208e+000 -3.0033e+000 -5.0647e-001 +1.2154e+000
1298 +2.569568696e-001 +2.569568696e-001 -5.823043130e+000 -5.823043130e+000 +7.8587e-001 +2.0211e+000 -3.0205e+000 -5.1342e-001 +1.2169e+000
1322 +1.883344379e-001 +1.883344379e-001 -5.891665562e+000 -5.891665562e+000 +7.9586e-001 +2.0256e+000 -3.0308e+000 -5.1550e-001 +1.1925e+000
1389 +1.567999558e-001 +1.567999558e-001 -5.923200044e+000 -5.923200044e+000 +7.9534e-001 +2.0103e+000 -3.0381e+000 -5.1628e-001 +1.2034e+000
1398 +1.362814499e-001 +1.362814499e-001 -5.943718550e+000 -5.943718550e+000 +7.8670e-001 +2.0201e+000 -3.0321e+000 -5.2830e-001 +1.2065e+000
1421 +1.284999620e-001 +1.284999620e-001 -5.951500038e+000 -5.951500038e+000 +8.0018e-001 +2.0191e+000 -3.0281e+000 -5.1449e-001 +1.2079e+000
1493 +1.210127722e-001 +1.210127722e-001 -5.958987228e+000 -5.958987228e+000 +7.9651e-001 +2.0202e+000 -3.0358e+000 -5.1865e-001 +1.1960e+000
1622 +1.171392589e-001 +1.171392589e-001 -5.962860741e+000 -5.962860741e+000 +7.9742e-001 +2.0095e+000 -3.0394e+000 -5.1675e-001 +1.1959e+000
1652 +7.671562408e-002 +7.671562408e-002 -6.003284376e+000 -6.003284376e+000 +7.9306e-001 +2.0177e+000 -3.0259e+000 -5.2349e-001 +1.2028e+000
1713 +6.598074263e-002 +6.598074263e-002 -6.014019257e+000 -6.014019257e+000 +7.9119e-001 +2.0156e+000 -3.0394e+000 -5.1957e-001 +1.1992e+000
2019 +5.969112046e-002 +5.969112046e-002 -6.020308880e+000 -6.020308880e+000 +7.9947e-001 +2.0154e+000 -3.0224e+000 -5.1639e-001 +1.1978e+000
2169 +4.902938363e-002 +4.902938363e-002 -6.030970616e+000 -6.030970616e+000 +8.0145e-001 +2.0136e+000 -3.0268e+000 -5.1463e-001 +1.1949e+000
2211 +4.732376969e-002 +4.732376969e-002 -6.032676230e+000 -6.032676230e+000 +8.0260e-001 +2.0131e+000 -3.0260e+000 -5.1306e-001 +1.1950e+000
2265 +4.658741193e-002 +4.658741193e-002 -6.033412588e+000 -6.033412588e+000 +8.0215e-001 +2.0133e+000 -3.0273e+000 -5.1345e-001 +1.1950e+000
2266 +4.275067549e-002 +4.275067549e-002 -6.037249325e+000 -6.037249325e+000 +8.0200e-001 +2.0131e+000 -3.0265e+000 -5.1475e-001 +1.1957e+000
2303 +3.908616191e-002 +3.908616191e-002 -6.040913838e+000 -6.040913838e+000 +8.0290e-001 +2.0129e+000 -3.0222e+000 -5.1690e-001 +1.1972e+000
2580 +3.606966353e-002 +3.606966353e-002 -6.043930336e+000 -6.043930336e+000 +8.0460e-001 +2.0119e+000 -3.0236e+000 -5.1402e-001 +1.1959e+000
2676 +3.426008436e-002 +3.426008436e-002 -6.045739916e+000 -6.045739916e+000 +8.0485e-001 +2.0118e+000 -3.0221e+000 -5.1409e-001 +1.1964e+000
2711 +3.364346702e-002 +3.364346702e-002 -6.046356533e+000 -6.046356533e+000 +8.0500e-001 +2.0121e+000 -3.0221e+000 -5.1424e-001 +1.1963e+000
2742 +3.241677165e-002 +3.241677165e-002 -6.047583228e+000 -6.047583228e+000 +8.0449e-001 +2.0124e+000 -3.0222e+000 -5.1436e-001 +1.1964e+000
2763 +2.895028626e-002 +2.895028626e-002 -6.051049714e+000 -6.051049714e+000 +8.0470e-001 +2.0120e+000 -3.0220e+000 -5.1457e-001 +1.1965e+000
2926 +2.700720084e-002 +2.700720084e-002 -6.052992799e+000 -6.052992799e+000 +8.0430e-001 +2.0125e+000 -3.0207e+000 -5.1538e-001 +1.1974e+000
3196 +2.611181228e-002 +2.611181228e-002 -6.053888188e+000 -6.053888188e+000 +8.0405e-001 +2.0125e+000 -3.0197e+000 -5.1596e-001 +1.1979e+000
3201 +2.252487414e-002 +2.252487414e-002 -6.057475126e+000 -6.057475126e+000 +8.0391e-001 +2.0127e+000 -3.0204e+000 -5.1596e-001 +1.1980e+000
3290 +2.038689719e-002 +2.038689719e-002 -6.059613103e+000 -6.059613103e+000 +8.0399e-001 +2.0126e+000 -3.0204e+000 -5.1597e-001 +1.1980e+000
3369 +1.953275131e-002 +1.953275131e-002 -6.060467249e+000 -6.060467249e+000 +8.0397e-001 +2.0126e+000 -3.0204e+000 -5.1594e-001 +1.1980e+000
3387 +1.938272283e-002 +1.938272283e-002 -6.060617277e+000 -6.060617277e+000 +8.0396e-001 +2.0126e+000 -3.0205e+000 -5.1593e-001 +1.1979e+000
3444 +1.900985633e-002 +1.900985633e-002 -6.060990144e+000 -6.060990144e+000 +8.0399e-001 +2.0126e+000 -3.0205e+000 -5.1593e-001 +1.1979e+000
3536 +1.861074078e-002 +1.861074078e-002 -6.061389259e+000 -6.061389259e+000 +8.0396e-001 +2.0126e+000 -3.0205e+000 -5.1595e-001 +1.1980e+000
3711 +1.804902418e-002 +1.804902418e-002 -6.061950976e+000 -6.061950976e+000 +8.0394e-001 +2.0126e+000 -3.0205e+000 -5.1596e-001 +1.1980e+000
4438 +1.773560048e-002 +1.773560048e-002 -6.062264400e+000 -6.062264400e+000 +8.0395e-001 +2.0126e+000 -3.0205e+000 -5.1596e-001 +1.1980e+000
5136 +1.737120053e-002 +1.737120053e-002 -6.062628799e+000 -6.062628799e+000 +8.0395e-001 +2.0126e+000 -3.0205e+000 -5.1596e-001 +1.1980e+000
% function evaluation | noise-free fitness - Fopt (2.431100000000e+002) | best noise-free fitness - Fopt | measured fitness | best measured fitness | x1 | x2...
1 +2.345884240e+002 +2.345884240e+002 +4.776984240e+002 +4.776984240e+002 +1.0062e+000 -8.9033e+000 +2.1796e+000 -3.0329e+000 -4.9607e+000
2 +8.008482303e+001 +8.008482303e+001 +3.231948230e+002 +3.231948230e+002 -6.3464e+000 -3.6071e+000 +1.9044e+000 -4.6198e+000 +2.2678e+000
6 +5.690682697e+001 +5.690682697e+001 +3.000168270e+002 +3.000168270e+002 -3.1323e+000 -4.5348e+000 +8.1689e-001 -1.1395e+000 +4.4445e-001
9 +3.952207673e+001 +3.952207673e+001 +2.826320767e+002 +2.826320767e+002 -5.1254e+000 -2.0753e+000 +7.9244e-001 -5.1189e+000 -5.6109e-001
22 +3.613589241e+001 +3.613589241e+001 +2.792458924e+002 +2.792458924e+002 -4.1476e+000 +8.5317e-001 +1.3094e+000 -4.5627e+000 -6.0065e-001
46 +2.658934298e+001 +2.658934298e+001 +2.696993430e+002 +2.696993430e+002 -4.8073e+000 -1.9680e+000 +3.1127e-001 -3.1857e+000 -1.6368e+000
100 +2.003185782e+001 +2.003185782e+001 +2.631418578e+002 +2.631418578e+002 -2.7606e+000 -2.4651e+000 +4.6732e-001 -2.7076e+000 -1.6515e+000
101 +1.697054128e+001 +1.697054128e+001 +2.600805413e+002 +2.600805413e+002 -3.6816e+000 -2.1646e+000 +1.0171e+000 -2.9421e+000 -1.0140e+000
122 +1.612810659e+001 +1.612810659e+001 +2.592381066e+002 +2.592381066e+002 -4.1775e+000 -2.1347e+000 +7.1157e-001 -8.5894e-001 -2.2809e+000
123 +1.482774729e+001 +1.482774729e+001 +2.579377473e+002 +2.579377473e+002 -4.2769e+000 -1.9892e+000 +3.6645e-001 -2.4577e+000 -1.2602e+000
159 +8.361727466e+000 +8.361727466e+000 +2.514717275e+002 +2.514717275e+002 -3.3622e+000 -1.3867e+000 -3.7228e-001 -1.9928e+000 -4.6498e-001
184 +5.795295918e+000 +5.795295918e+000 +2.489052959e+002 +2.489052959e+002 -3.5743e+000 -2.3830e+000 -7.4276e-001 -1.6920e+000 -2.0714e+000
250 +4.008384361e+000 +4.008384361e+000 +2.471183844e+002 +2.471183844e+002 -2.8757e+000 -1.9218e+000 -5.8539e-001 -1.5136e+000 -1.6606e+000
306 +3.406275768e+000 +3.406275768e+000 +2.465162758e+002 +2.465162758e+002 -3.2344e+000 -1.6121e+000 -6.5240e-001 -1.4327e+000 -1.4664e+000
325 +3.151553497e+000 +3.151553497e+000 +2.462615535e+002 +2.462615535e+002 -3.1569e+000 -1.6835e+000 -6.3842e-001 -1.6064e+000 -1.5193e+000
338 +2.636534201e+000 +2.636534201e+000 +2.457465342e+002 +2.457465342e+002 -3.0837e+000 -1.6075e+000 -4.7276e-001 -1.4420e+000 -1.7468e+000
350 +2.222276224e+000 +2.222276224e+000 +2.453322762e+002 +2.453322762e+002 -3.3857e+000 -1.7125e+000 -7.7051e-001 -1.5136e+000 -2.0036e+000
391 +1.503002432e+000 +1.503002432e+000 +2.446130024e+002 +2.446130024e+002 -3.3950e+000 -1.6652e+000 -7.4724e-001 -1.3569e+000 -1.8228e+000
412 +1.235384086e+000 +1.235384086e+000 +2.443453841e+002 +2.443453841e+002 -3.6065e+000 -1.6248e+000 -6.7485e-001 -1.5034e+000 -1.7295e+000
430 +9.809471977e-001 +9.809471977e-001 +2.440909472e+002 +2.440909472e+002 -3.5901e+000 -1.6624e+000 -6.8908e-001 -1.5175e+000 -1.7701e+000
508 +8.814328038e-001 +8.814328038e-001 +2.439914328e+002 +2.439914328e+002 -3.5538e+000 -1.5981e+000 -5.8534e-001 -1.4054e+000 -1.6577e+000
554 +8.208180609e-001 +8.208180609e-001 +2.439308181e+002 +2.439308181e+002 -3.5919e+000 -1.6095e+000 -5.9242e-001 -1.4508e+000 -1.6970e+000
621 +7.828085783e-001 +7.828085783e-001 +2.438928086e+002 +2.438928086e+002 -3.6526e+000 -1.5348e+000 -6.9542e-001 -1.5745e+000 -1.7341e+000
630 +6.327488527e-001 +6.327488527e-001 +2.437427489e+002 +2.437427489e+002 -3.6708e+000 -1.6200e+000 -6.7727e-001 -1.5311e+000 -1.6770e+000
641 +4.788630077e-001 +4.788630077e-001 +2.435888630e+002 +2.435888630e+002 -3.6026e+000 -1.5670e+000 -6.5677e-001 -1.5316e+000 -1.7237e+000
687 +4.519922403e-001 +4.519922403e-001 +2.435619922e+002 +2.435619922e+002 -3.6369e+000 -1.5824e+000 -6.8372e-001 -1.5346e+000 -1.7129e+000
711 +3.876599591e-001 +3.876599591e-001 +2.434976600e+002 +2.434976600e+002 -3.6566e+000 -1.5901e+000 -6.7703e-001 -1.5108e+000 -1.7015e+000
727 +3.464718284e-001 +3.464718284e-001 +2.434564718e+002 +2.434564718e+002 -3.6553e+000 -1.5822e+000 -6.8685e-001 -1.5154e+000 -1.6920e+000
761 +2.991824153e-001 +2.991824153e-001 +2.434091824e+002 +2.434091824e+002 -3.6527e+000 -1.5809e+000 -6.8215e-001 -1.5176e+000 -1.6981e+000
805 +2.527059192e-001 +2.527059192e-001 +2.433627059e+002 +2.433627059e+002 -3.6530e+000 -1.5788e+000 -6.8498e-001 -1.5160e+000 -1.7009e+000
1041 +2.423381064e-001 +2.423381064e-001 +2.433523381e+002 +2.433523381e+002 -3.6430e+000 -1.5755e+000 -6.8317e-001 -1.5098e+000 -1.7004e+000
1113 +2.340833835e-001 +2.340833835e-001 +2.433440834e+002 +2.433440834e+002 -3.6401e+000 -1.5746e+000 -6.7563e-001 -1.5225e+000 -1.7052e+000
1225 +2.040104160e-001 +2.040104160e-001 +2.433140104e+002 +2.433140104e+002 -3.6423e+000 -1.5762e+000 -6.7881e-001 -1.5204e+000 -1.7094e+000
1353 +1.968994022e-001 +1.968994022e-001 +2.433068994e+002 +2.433068994e+002 -3.6485e+000 -1.5774e+000 -6.7955e-001 -1.5241e+000 -1.7089e+000
1393 +1.917950240e-001 +1.917950240e-001 +2.433017950e+002 +2.433017950e+002 -3.6463e+000 -1.5765e+000 -6.7930e-001 -1.5253e+000 -1.7118e+000
1558 +1.867272680e-001 +1.867272680e-001 +2.432967273e+002 +2.432967273e+002 -3.6520e+000 -1.5756e+000 -6.7999e-001 -1.5266e+000 -1.7110e+000
1592 +1.837815843e-001 +1.837815843e-001 +2.432937816e+002 +2.432937816e+002 -3.6482e+000 -1.5743e+000 -6.7906e-001 -1.5262e+000 -1.7115e+000
1635 +1.753041813e-001 +1.753041813e-001 +2.432853042e+002 +2.432853042e+002 -3.6440e+000 -1.5752e+000 -6.7648e-001 -1.5261e+000 -1.7098e+000
1803 +1.711438871e-001 +1.711438871e-001 +2.432811439e+002 +2.432811439e+002 -3.6415e+000 -1.5752e+000 -6.7483e-001 -1.5263e+000 -1.7111e+000
1978 +1.612443077e-001 +1.612443077e-001 +2.432712443e+002 +2.432712443e+002 -3.6434e+000 -1.5740e+000 -6.7526e-001 -1.5264e+000 -1.7094e+000
2263 +1.443685241e-001 +1.443685241e-001 +2.432543685e+002 +2.432543685e+002 -3.6439e+000 -1.5745e+000 -6.7578e-001 -1.5263e+000 -1.7104e+000
2678 +1.338681958e-001 +1.338681958e-001 +2.432438682e+002 +2.432438682e+002 -3.6456e+000 -1.5742e+000 -6.7620e-001 -1.5269e+000 -1.7105e+000
% function evaluation | noise-free fitness - Fopt (-1.436200000000e+002) | best noise-free fitness - Fopt | measured fitness | best measured fitness | x1 | x2...
1 +1.950488342e+002 +1.950488342e+002 +5.142883421e+001 +5.142883421e+001 -1.5402e+000 -3.5009e+000 +2.4535e+000 +3.1500e+000 -3.7875e+000
8 +9.372202124e+001 +9.372202124e+001 -4.989797876e+001 -4.989797876e+001 +5.7621e-001 +1.5327e-001 -6.0728e-001 +1.4076e+000 -2.6069e+000
28 +8.668048567e+001 +8.668048567e+001 -5.693951433e+001 -5.693951433e+001 +4.6385e-001 -2.3961e+000 -1.1532e+000 +1.1896e+000 -2.3191e+000
34 +6.932943770e+001 +6.932943770e+001 -7.429056230e+001 -7.429056230e+001 -1.3836e+000 -1.3744e-002 +2.8509e+000 +1.1428e+000 +7.9502e-001
59 +3.620918862e+001 +3.620918862e+001 -1.074108114e+002 -1.074108114e+002 +4.3949e-001 +2.4370e+000 -4.6573e+000 -1.5953e+000 +4.5607e-001
86 +2.756166106e+001 +2.756166106e+001 -1.160583389e+002 -1.160583389e+002 -1.4571e+000 +1.2366e+000 -1.7032e+000 +5.9356e-001 +3.5534e-001
152 +1.779012506e+001 +1.779012506e+001 -1.258298749e+002 -1.258298749e+002 -1.5668e+000 +1.7879e+000 -8.7696e-001 -3.4705e-001 -6.8391e-001
153 +1.771116389e+001 +1.771116389e+001 -1.259088361e+002 -1.259088361e+002 -1.5721e+000 +2.0946e+000 -1.6000e+000 -3.8889e-001 -9.9312e-001
166 +7.800827491e+000 +7.800827491e+000 -1.358191725e+002 -1.358191725e+002 -1.2056e+000 +2.8474e+000 -9.4990e-001 -2.7639e-001 +9.5872e-002
515 +3.019215493e+000 +3.019215493e+000 -1.406007845e+002 -1.406007845e+002 -1.6909e+000 +3.1098e+000 +1.1896e-001 -7.5195e-003 +1.5141e+000
709 +2.691445370e+000 +2.691445370e+000 -1.409285546e+002 -1.409285546e+002 -1.9265e+000 +3.1567e+000 +3.9439e-001 +1.8151e-001 +1.7540e+000
726 +2.367504691e+000 +2.367504691e+000 -1.412524953e+002 -1.412524953e+002 -1.8022e+000 +3.0075e+000 +3.6160e-001 +2.3553e-001 +1.7132e+000
794 +2.265904727e+000 +2.265904727e+000 -1.413540953e+002 -1.413540953e+002 -1.6725e+000 +3.0071e+000 +2.4172e-001 +1.2141e-001 +1.8550e+000
838 +2.005794224e+000 +2.005794224e+000 -1.416142058e+002 -1.416142058e+002 -1.6751e+000 +3.2387e+000 +2.4685e-001 +2.3579e-001 +1.8135e+000
870 +1.898003996e+000 +1.898003996e+000 -1.417219960e+002 -1.417219960e+002 -1.5920e+000 +3.2608e+000 +2.6067e-001 +8.7915e-002 +1.7160e+000
1037 +1.846813494e+000 +1.846813494e+000 -1.417731865e+002 -1.417731865e+002 -1.5805e+000 +3.0561e+000 +1.4560e-001 -4.8178e-002 +1.5363e+000
1058 +1.207778845e+000 +1.207778845e+000 -1.424122212e+002 -1.424122212e+002 -1.5988e+000 +3.1011e+000 +1.3781e-001 +5.3843e-002 +1.4892e+000
1120 +1.191645186e+000 +1.191645186e+000 -1.424283548e+002 -1.424283548e+002 -1.6103e+000 +3.0618e+000 +1.5042e-001 +3.6435e-002 +1.5346e+000
1144 +1.100434270e+000 +1.100434270e+000 -1.425195657e+002 -1.425195657e+002 -1.6106e+000 +3.0618e+000 +1.3914e-001 +2.4151e-002 +1.5228e+000
1184 +9.944028727e-001 +9.944028727e-001 -1.426255971e+002 -1.426255971e+002 -1.5792e+000 +3.1273e+000 +1.2757e-001 +3.3505e-002 +1.4943e+000
1307 +9.288409265e-001 +9.288409265e-001 -1.426911591e+002 -1.426911591e+002 -1.6037e+000 +3.1046e+000 +1.3679e-001 +4.2439e-002 +1.5108e+000
1337 +9.051370859e-001 +9.051370859e-001 -1.427148629e+002 -1.427148629e+002 -1.6069e+000 +3.1047e+000 +1.3822e-001 +2.9662e-002 +1.5281e+000
1360 +8.366168882e-001 +8.366168882e-001 -1.427833831e+002 -1.427833831e+002 -1.6092e+000 +3.1048e+000 +1.4087e-001 +4.1672e-002 +1.5157e+000
1367 +7.668224304e-001 +7.668224304e-001 -1.428531776e+002 -1.428531776e+002 -1.6033e+000 +3.1178e+000 +1.3673e-001 +3.8569e-002 +1.5145e+000
1453 +7.006484328e-001 +7.006484328e-001 -1.429193516e+002 -1.429193516e+002 -1.5913e+000 +3.1412e+000 +1.4074e-001 +3.8728e-002 +1.5166e+000
1472 +6.786376717e-001 +6.786376717e-001 -1.429413623e+002 -1.429413623e+002 -1.6001e+000 +3.1387e+000 +1.4106e-001 +4.4198e-002 +1.5121e+000
1527 +5.856637284e-001 +5.856637284e-001 -1.430343363e+002 -1.430343363e+002 -1.5998e+000 +3.1376e+000 +1.4113e-001 +4.6187e-002 +1.5119e+000
1682 +5.747017596e-001 +5.747017596e-001 -1.430452982e+002 -1.430452982e+002 -1.5992e+000 +3.1399e+000 +1.3782e-001 +4.6830e-002 +1.5051e+000
1776 +5.488911624e-001 +5.488911624e-001 -1.430711088e+002 -1.430711088e+002 -1.5979e+000 +3.1422e+000 +1.3740e-001 +4.6806e-002 +1.5044e+000
1931 +5.355774063e-001 +5.355774063e-001 -1.430844226e+002 -1.430844226e+002 -1.5983e+000 +3.1414e+000 +1.3776e-001 +4.6461e-002 +1.5044e+000
2108 +4.991444309e-001 +4.991444309e-001 -1.431208556e+002 -1.431208556e+002 -1.5978e+000 +3.1424e+000 +1.3652e-001 +4.6507e-002 +1.5018e+000
3389 +4.897466991e-001 +4.897466991e-001 -1.431302533e+002 -1.431302533e+002 -1.5986e+000 +3.1421e+000 +1.3694e-001 +4.7189e-002 +1.5019e+000
% function evaluation | noise-free fitness - Fopt (4.290000000000e+001) | best noise-free fitness - Fopt | measured fitness | best measured fitness | x1 | x2...
1 +2.091725384e+002 +2.091725384e+002 +2.520725384e+002 +2.520725384e+002 +5.5106e+000 -2.1546e-001 +4.1132e+000 -2.3662e-001 -7.0968e-001
2 +9.305895866e+001 +9.305895866e+001 +1.359589587e+002 +1.359589587e+002 +2.4126e+000 -5.0211e+000 +1.5567e+000 -3.3379e+000 +2.1508e+000
8 +7.827787394e+001 +7.827787394e+001 +1.211778739e+002 +1.211778739e+002 +3.1655e+000 -3.3313e+000 +4.1561e+000 +6.2081e+000 -8.3974e-003
13 +2.747685064e+001 +2.747685064e+001 +7.037685064e+001 +7.037685064e+001 +2.0858e+000 -1.1130e+000 +8.4636e-001 -1.0405e+000 +3.4655e-001
72 +2.082480430e+001 +2.082480430e+001 +6.372480430e+001 +6.372480430e+001 +1.9209e+000 -1.6206e+000 +2.6575e+000 +1.0570e+000 -2.1197e+000
75 +1.979956471e+001 +1.979956471e+001 +6.269956471e+001 +6.269956471e+001 -2.5725e+000 +2.1900e-001 +2.0472e+000 +8.5101e-001 -7.5980e-001
108 +1.446700570e+001 +1.446700570e+001 +5.736700570e+001 +5.736700570e+001 +1.1998e+000 +1.8441e+000 +2.3262e+000 -4.1547e-001 +3.6111e-001
186 +1.049172606e+001 +1.049172606e+001 +5.339172606e+001 +5.339172606e+001 +2.9035e-001 +6.9786e-001 +3.0175e+000 -2.6976e-001 +3.8368e-001
209 +4.422847728e+000 +4.422847728e+000 +4.732284773e+001 +4.732284773e+001 +2.8360e-001 +8.6365e-002 +2.7006e+000 -3.5719e-001 +2.7254e-001
250 +2.250145849e+000 +2.250145849e+000 +4.515014585e+001 +4.515014585e+001 +5.6120e-001 -4.4087e-001 +2.7868e+000 -5.2893e-001 +3.7123e-001
355 +2.192717794e+000 +2.192717794e+000 +4.509271779e+001 +4.509271779e+001 +2.3688e-001 +2.2752e-001 +2.8439e+000 -8.1712e-001 +9.4866e-001
463 +2.082588602e+000 +2.082588602e+000 +4.498258860e+001 +4.498258860e+001 +1.8864e-001 -2.0791e-001 +2.6559e+000 -7.1344e-001 +4.0113e-001
538 +2.037273744e+000 +2.037273744e+000 +4.493727374e+001 +4.493727374e+001 +5.8322e-001 -6.2219e-001 +2.6271e+000 -3.2932e-001 -1.0850e-001
555 +1.661291417e+000 +1.661291417e+000 +4.456129142e+001 +4.456129142e+001 +6.1469e-001 -3.7542e-001 +2.7445e+000 -5.9906e-001 +1.7915e-001
562 +1.328605149e+000 +1.328605149e+000 +4.422860515e+001 +4.422860515e+001 +4.7090e-001 -3.2938e-001 +2.7253e+000 -5.0962e-001 +2.2918e-001
578 +8.138290636e-001 +8.138290636e-001 +4.371382906e+001 +4.371382906e+001 +4.2195e-001 -3.9591e-001 +2.8668e+000 -4.2419e-001 +2.7004e-001
615 +7.541577716e-001 +7.541577716e-001 +4.365415777e+001 +4.365415777e+001 +4.5630e-001 -3.4184e-001 +2.7951e+000 -5.2656e-001 +2.5582e-001
809 +6.556600719e-001 +6.556600719e-001 +4.355566007e+001 +4.355566007e+001 +4.1337e-001 -3.0231e-001 +2.7303e+000 -5.9142e-001 +3.1614e-001
816 +6.241672616e-001 +6.241672616e-001 +4.352416726e+001 +4.352416726e+001 +4.5939e-001 -3.0873e-001 +2.7716e+000 -5.9450e-001 +2.3293e-001
836 +4.490410135e-001 +4.490410135e-001 +4.334904101e+001 +4.334904101e+001 +4.3530e-001 -2.9097e-001 +2.7599e+000 -5.9249e-001 +2.6564e-001
852 +3.767626988e-001 +3.767626988e-001 +4.327676270e+001 +4.327676270e+001 +4.3995e-001 -2.9375e-001 +2.7715e+000 -5.8804e-001 +2.7655e-001
912 +3.222627809e-001 +3.222627809e-001 +4.322226278e+001 +4.322226278e+001 +4.3981e-001 -3.0025e-001 +2.7722e+000 -5.7351e-001 +2.6489e-001
923 +2.784290552e-001 +2.784290552e-001 +4.317842906e+001 +4.317842906e+001 +4.3593e-001 -2.8707e-001 +2.7612e+000 -6.0587e-001 +2.5996e-001
969 +1.906449537e-001 +1.906449537e-001 +4.309064495e+001 +4.309064495e+001 +4.3381e-001 -2.8207e-001 +2.7684e+000 -5.9170e-001 +2.6462e-001
1004 +1.721989813e-001 +1.721989813e-001 +4.307219898e+001 +4.307219898e+001 +4.3166e-001 -2.8229e-001 +2.7656e+000 -6.0254e-001 +2.6082e-001
1037 +1.611612191e-001 +1.611612191e-001 +4.306116122e+001 +4.306116122e+001 +4.3437e-001 -2.8188e-001 +2.7632e+000 -6.0755e-001 +2.6190e-001
1052 +1.357054560e-001 +1.357054560e-001 +4.303570546e+001 +4.303570546e+001 +4.3277e-001 -2.8173e-001 +2.7657e+000 -6.0257e-001 +2.5988e-001
1104 +1.282251127e-001 +1.282251127e-001 +4.302822511e+001 +4.302822511e+001 +4.3568e-001 -2.8223e-001 +2.7649e+000 -6.0258e-001 +2.6027e-001
1138 +1.129232881e-001 +1.129232881e-001 +4.301292329e+001 +4.301292329e+001 +4.3408e-001 -2.8058e-001 +2.7653e+000 -6.0280e-001 +2.6081e-001
1156 +1.042586163e-001 +1.042586163e-001 +4.300425862e+001 +4.300425862e+001 +4.3465e-001 -2.8186e-001 +2.7659e+000 -6.0355e-001 +2.5959e-001
1254 +9.079254842e-002 +9.079254842e-002 +4.299079255e+001 +4.299079255e+001 +4.3419e-001 -2.8097e-001 +2.7659e+000 -6.0403e-001 +2.6074e-001
1477 +8.573714020e-002 +8.573714020e-002 +4.298573714e+001 +4.298573714e+001 +4.3475e-001 -2.8123e-001 +2.7658e+000 -6.0379e-001 +2.6048e-001
1511 +8.079608591e-002 +8.079608591e-002 +4.298079609e+001 +4.298079609e+001 +4.3473e-001 -2.8137e-001 +2.7660e+000 -6.0364e-001 +2.6039e-001
1630 +7.690386564e-002 +7.690386564e-002 +4.297690387e+001 +4.297690387e+001 +4.3469e-001 -2.8144e-001 +2.7659e+000 -6.0358e-001 +2.6047e-001
1745 +7.313426185e-002 +7.313426185e-002 +4.297313426e+001 +4.297313426e+001 +4.3467e-001 -2.8137e-001 +2.7659e+000 -6.0368e-001 +2.6053e-001
2106 +7.206628858e-002 +7.206628858e-002 +4.297206629e+001 +4.297206629e+001 +4.3465e-001 -2.8133e-001 +2.7659e+000 -6.0367e-001 +2.6055e-001
2143 +7.015162327e-002 +7.015162327e-002 +4.297015162e+001 +4.297015162e+001 +4.3466e-001 -2.8133e-001 +2.7659e+000 -6.0366e-001 +2.6055e-001
2266 +6.848409195e-002 +6.848409195e-002 +4.296848409e+001 +4.296848409e+001 +4.3466e-001 -2.8133e-001 +2.7659e+000 -6.0367e-001 +2.6055e-001
2797 +6.755995949e-002 +6.755995949e-002 +4.296755996e+001 +4.296755996e+001 +4.3466e-001 -2.8133e-001 +2.7659e+000 -6.0367e-001 +2.6054e-001
% function evaluation | noise-free fitness - Fopt (6.286500000000e+002) | best noise-free fitness - Fopt | measured fitness | best measured fitness | x1 | x2...
1 +2.198347705e+002 +2.198347705e+002 +8.484847705e+002 +8.484847705e+002 +4.2942e+000 +2.1460e+000 +2.0137e+000 +3.3958e+000 +7.2883e+000
3 +8.465901722e+001 +8.465901722e+001 +7.133090172e+002 +7.133090172e+002 +4.1439e+000 +1.7028e+000 -2.1995e+000 +3.8420e-001 +3.3204e+000
10 +5.897139143e+001 +5.897139143e+001 +6.876213914e+002 +6.876213914e+002 +3.9568e-001 +1.2916e-001 -4.6782e-001 +5.3769e-001 +2.3718e+000
18 +3.386366807e+001 +3.386366807e+001 +6.625136681e+002 +6.625136681e+002 +1.2297e+000 +1.5347e+000 -1.2817e+000 -3.7731e+000 +5.1662e+000
35 +2.683247035e+001 +2.683247035e+001 +6.554824704e+002 +6.554824704e+002 +1.7054e-001 +2.9936e+000 -1.8966e+000 -2.5144e+000 +4.2746e+000
52 +1.768086714e+001 +1.768086714e+001 +6.463308671e+002 +6.463308671e+002 -7.4159e-001 +1.7437e+000 -1.0362e+000 -3.7344e-001 +1.1798e+000
53 +1.071679516e+001 +1.071679516e+001 +6.393667952e+002 +6.393667952e+002 -1.7754e+000 +8.6762e-001 -2.8800e+000 -5.0106e-001 +2.2670e+000
169 +9.508877438e+000 +9.508877438e+000 +6.381588774e+002 +6.381588774e+002 -1.5714e+000 +1.8498e+000 -2.8585e+000 -1.8114e+000 +2.7577e+000
304 +8.339838326e+000 +8.339838326e+000 +6.369898383e+002 +6.369898383e+002 -1.9945e+000 +1.0133e+000 -2.9848e+000 -8.6957e-001 +2.3344e+000
378 +6.391156555e+000 +6.391156555e+000 +6.350411566e+002 +6.350411566e+002 -1.8605e+000 +5.0225e-001 -2.9333e+000 -2.1775e+000 +1.6423e+000
393 +5.785140190e+000 +5.785140190e+000 +6.344351402e+002 +6.344351402e+002 -2.2914e+000 +6.8622e-001 -3.5470e+000 -1.8417e+000 +1.5190e+000
433 +4.456898663e+000 +4.456898663e+000 +6.331068987e+002 +6.331068987e+002 -2.3613e+000 +8.0921e-001 -2.8478e+000 -1.4865e+000 +1.6916e+000
434 +4.144738833e+000 +4.144738833e+000 +6.327947388e+002 +6.327947388e+002 -2.3710e+000 +4.7353e-001 -2.8607e+000 -9.4856e-001 +1.6796e+000
460 +3.950218642e+000 +3.950218642e+000 +6.326002186e+002 +6.326002186e+002 -2.3626e+000 -4.1756e-002 -2.7442e+000 -1.3240e+000 +1.5636e+000
483 +2.188162100e+000 +2.188162100e+000 +6.308381621e+002 +6.308381621e+002 -2.4938e+000 +2.3960e-001 -2.9234e+000 -1.6405e+000 +1.7432e+000
530 +1.666575161e+000 +1.666575161e+000 +6.303165752e+002 +6.303165752e+002 -2.5328e+000 +3.7151e-001 -2.8400e+000 -1.0392e+000 +1.6695e+000
631 +1.466307378e+000 +1.466307378e+000 +6.301163074e+002 +6.301163074e+002 -2.6158e+000 +4.5229e-001 -2.6078e+000 -1.2890e+000 +1.7010e+000
671 +1.400962845e+000 +1.400962845e+000 +6.300509628e+002 +6.300509628e+002 -2.6105e+000 +4.2748e-001 -2.7779e+000 -1.1634e+000 +1.6328e+000
673 +1.101974364e+000 +1.101974364e+000 +6.297519744e+002 +6.297519744e+002 -2.5856e+000 +3.6133e-001 -2.7869e+000 -1.3446e+000 +1.7750e+000
686 +7.737396690e-001 +7.737396690e-001 +6.294237397e+002 +6.294237397e+002 -2.5758e+000 +3.5458e-001 -2.7588e+000 -1.2291e+000 +1.7876e+000
753 +6.937942843e-001 +6.937942843e-001 +6.293437943e+002 +6.293437943e+002 -2.5622e+000 +4.0732e-001 -2.7129e+000 -1.1304e+000 +1.7319e+000
789 +6.461999884e-001 +6.461999884e-001 +6.292962000e+002 +6.292962000e+002 -2.5125e+000 +4.1013e-001 -2.6772e+000 -1.0407e+000 +1.7605e+000
853 +3.858100132e-001 +3.858100132e-001 +6.290358100e+002 +6.290358100e+002 -2.5504e+000 +4.6134e-001 -2.6924e+000 -1.1989e+000 +1.7911e+000
899 +2.307402678e-001 +2.307402678e-001 +6.288807403e+002 +6.288807403e+002 -2.5516e+000 +4.1728e-001 -2.7170e+000 -1.1757e+000 +1.7822e+000
1092 +1.886466992e-001 +1.886466992e-001 +6.288386467e+002 +6.288386467e+002 -2.5627e+000 +4.4342e-001 -2.7320e+000 -1.2939e+000 +1.8031e+000
1142 +1.320129533e-001 +1.320129533e-001 +6.287820130e+002 +6.287820130e+002 -2.5495e+000 +4.5889e-001 -2.7389e+000 -1.3092e+000 +1.8164e+000
1192 +1.293756854e-001 +1.293756854e-001 +6.287793757e+002 +6.287793757e+002 -2.5641e+000 +4.5542e-001 -2.7082e+000 -1.2353e+000 +1.8006e+000
1282 +1.238903743e-001 +1.238903743e-001 +6.287738904e+002 +6.287738904e+002 -2.5609e+000 +4.6179e-001 -2.7083e+000 -1.2447e+000 +1.8078e+000
1329 +1.226710159e-001 +1.226710159e-001 +6.287726710e+002 +6.287726710e+002 -2.5717e+000 +4.5814e-001 -2.7127e+000 -1.2468e+000 +1.8082e+000
1339 +1.155585157e-001 +1.155585157e-001 +6.287655585e+002 +6.287655585e+002 -2.5601e+000 +4.5863e-001 -2.7136e+000 -1.2426e+000 +1.8094e+000
1374 +9.415482568e-002 +9.415482568e-002 +6.287441548e+002 +6.287441548e+002 -2.5697e+000 +4.6812e-001 -2.7076e+000 -1.2436e+000 +1.8122e+000
1512 +6.288897389e-002 +6.288897389e-002 +6.287128890e+002 +6.287128890e+002 -2.5702e+000 +4.6495e-001 -2.7054e+000 -1.2498e+000 +1.8042e+000
1579 +5.901443492e-002 +5.901443492e-002 +6.287090144e+002 +6.287090144e+002 -2.5663e+000 +4.5928e-001 -2.7089e+000 -1.2436e+000 +1.8049e+000
1604 +5.005982791e-002 +5.005982791e-002 +6.287000598e+002 +6.287000598e+002 -2.5688e+000 +4.6012e-001 -2.7077e+000 -1.2444e+000 +1.8042e+000
1666 +4.889617784e-002 +4.889617784e-002 +6.286988962e+002 +6.286988962e+002 -2.5667e+000 +4.6033e-001 -2.7087e+000 -1.2430e+000 +1.8040e+000
1835 +4.586937422e-002 +4.586937422e-002 +6.286958694e+002 +6.286958694e+002 -2.5670e+000 +4.5987e-001 -2.7098e+000 -1.2446e+000 +1.8041e+000
1929 +4.442664836e-002 +4.442664836e-002 +6.286944266e+002 +6.286944266e+002 -2.5688e+000 +4.5700e-001 -2.7086e+000 -1.2416e+000 +1.8020e+000
1955 +3.488633846e-002 +3.488633846e-002 +6.286848863e+002 +6.286848863e+002 -2.5677e+000 +4.5883e-001 -2.7094e+000 -1.2454e+000 +1.8031e+000
2235 +3.439828108e-002 +3.439828108e-002 +6.286843983e+002 +6.286843983e+002 -2.5670e+000 +4.5946e-001 -2.7095e+000 -1.2455e+000 +1.8040e+000
2370 +3.256022194e-002 +3.256022194e-002 +6.286825602e+002 +6.286825602e+002 -2.5673e+000 +4.5980e-001 -2.7092e+000 -1.2454e+000 +1.8041e+000
2484 +3.200122234e-002 +3.200122234e-002 +6.286820012e+002 +6.286820012e+002 -2.5672e+000 +4.5994e-001 -2.7093e+000 -1.2456e+000 +1.8042e+000
2508 +2.966618444e-002 +2.966618444e-002 +6.286796662e+002 +6.286796662e+002 -2.5673e+000 +4.6008e-001 -2.7094e+000 -1.2464e+000 +1.8042e+000
2629 +2.903488320e-002 +2.903488320e-002 +6.286790349e+002 +6.286790349e+002 -2.5674e+000 +4.6008e-001 -2.7092e+000 -1.2460e+000 +1.8042e+000
2670 +2.881129569e-002 +2.881129569e-002 +6.286788113e+002 +6.286788113e+002 -2.5674e+000 +4.6010e-001 -2.7092e+000 -1.2460e+000 +1.8042e+000
3312 +2.797876336e-002 +2.797876336e-002 +6.286779788e+002 +6.286779788e+002 -2.5673e+000 +4.6006e-001 -2.7092e+000 -1.2459e+000 +1.8042e+000
3900 +2.753549880e-002 +2.753549880e-002 +6.286775355e+002 +6.286775355e+002 -2.5673e+000 +4.6007e-001 -2.7092e+000 -1.2459e+000 +1.8042e+000
% function evaluation | noise-free fitness - Fopt (-7.163000000000e+001) | best noise-free fitness - Fopt | measured fitness | best measured fitness | x1 | x2...
1 +1.412986433e+003 +1.412986433e+003 +1.341356433e+003 +1.341356433e+003 -2.2423e+000 +2.4073e+000 -2.3559e+000 -3.3383e+000 -2.5127e+000
10 +8.098697586e+002 +8.098697586e+002 +7.382397586e+002 +7.382397586e+002 +4.3877e-001 +3.6717e+000 -7.8704e-001 -4.0726e-001 +4.2169e-001
22 +5.837470426e+002 +5.837470426e+002 +5.121170426e+002 +5.121170426e+002 +3.3208e+000 -1.6613e+000 -4.8179e+000 -3.8118e+000 -3.0901e+000
42 +1.988426004e+002 +1.988426004e+002 +1.272126004e+002 +1.272126004e+002 +5.7177e-002 -7.8773e+000 -3.3767e+000 -2.4273e+000 -4.1618e+000
61 +1.683023263e+002 +1.683023263e+002 +9.667232635e+001 +9.667232635e+001 +5.5704e-001 -4.3075e+000 -3.0414e+000 -2.0819e+000 -5.9735e-001
67 +1.439016177e+002 +1.439016177e+002 +7.227161769e+001 +7.227161769e+001 -5.2517e-001 -5.3895e+000 +2.0220e-001 -4.0651e+000 -2.9683e-001
78 +5.542867778e+001 +5.542867778e+001 -1.620132222e+001 -1.620132222e+001 -1.8677e-002 -4.0941e+000 +2.7063e-001 -1.3040e+000 +8.1566e-001
131 +4.747411145e+001 +4.747411145e+001 -2.415588855e+001 -2.415588855e+001 -2.0286e+000 -4.5726e+000 -1.4770e+000 -9.4371e-001 +2.5861e+000
181 +2.559453245e+001 +2.559453245e+001 -4.603546755e+001 -4.603546755e+001 -7.2105e-002 -4.4782e+000 -7.2250e-001 +7.2191e-001 +3.9633e+000
267 +2.217444012e+001 +2.217444012e+001 -4.945555988e+001 -4.945555988e+001 -2.4484e-001 -2.8579e+000 +1.0414e-001 +2.2397e+000 +4.3325e+000
299 +1.426930765e+001 +1.426930765e+001 -5.736069235e+001 -5.736069235e+001 -5.1826e-001 -1.3438e+000 -3.5673e-001 +3.3595e+000 +3.9762e+000
378 +1.328454086e+001 +1.328454086e+001 -5.834545914e+001 -5.834545914e+001 +7.9603e-001 -3.1989e+000 +4.8233e-001 +1.4638e+000 +4.2075e+000
419 +5.865731694e+000 +5.865731694e+000 -6.576426831e+001 -6.576426831e+001 +1.0348e+000 -2.8110e+000 +1.2515e+000 +3.0203e+000 +3.9180e+000
484 +3.507895545e+000 +3.507895545e+000 -6.812210446e+001 -6.812210446e+001 +1.5936e+000 -3.0836e+000 +1.6525e+000 +3.1063e+000 +3.1527e+000
539 +2.888655272e+000 +2.888655272e+000 -6.874134473e+001 -6.874134473e+001 +1.5701e+000 -2.6774e+000 +1.5878e+000 +2.9590e+000 +3.7835e+000
666 +2.883711555e+000 +2.883711555e+000 -6.874628845e+001 -6.874628845e+001 +1.5403e+000 -3.0843e+000 +1.7569e+000 +2.9845e+000 +3.5472e+000
680 +2.802498664e+000 +2.802498664e+000 -6.882750134e+001 -6.882750134e+001 +1.5990e+000 -2.8020e+000 +1.6180e+000 +3.1745e+000 +3.2182e+000
697 +2.032233650e+000 +2.032233650e+000 -6.959776635e+001 -6.959776635e+001 +1.4045e+000 -2.7816e+000 +1.5219e+000 +3.0723e+000 +3.4321e+000
756 +1.896058962e+000 +1.896058962e+000 -6.973394104e+001 -6.973394104e+001 +1.4695e+000 -2.7563e+000 +1.5168e+000 +3.1168e+000 +3.5451e+000
805 +1.697075616e+000 +1.697075616e+000 -6.993292438e+001 -6.993292438e+001 +1.5212e+000 -2.7360e+000 +1.4734e+000 +3.2614e+000 +3.4239e+000
843 +1.545895570e+000 +1.545895570e+000 -7.008410443e+001 -7.008410443e+001 +1.4830e+000 -2.6692e+000 +1.5910e+000 +3.1672e+000 +3.2710e+000
889 +1.339765537e+000 +1.339765537e+000 -7.029023446e+001 -7.029023446e+001 +1.5142e+000 -2.4156e+000 +1.5028e+000 +3.2274e+000 +3.2856e+000
936 +1.049963513e+000 +1.049963513e+000 -7.058003649e+001 -7.058003649e+001 +1.5396e+000 -2.7738e+000 +1.5056e+000 +3.2228e+000 +3.2829e+000
980 +7.373432542e-001 +7.373432542e-001 -7.089265675e+001 -7.089265675e+001 +1.5652e+000 -2.9388e+000 +1.5069e+000 +3.1546e+000 +3.4820e+000
996 +5.847698274e-001 +5.847698274e-001 -7.104523017e+001 -7.104523017e+001 +1.5304e+000 -2.7195e+000 +1.5176e+000 +3.0981e+000 +3.4536e+000
1103 +4.519258071e-001 +4.519258071e-001 -7.117807419e+001 -7.117807419e+001 +1.5483e+000 -2.7320e+000 +1.4992e+000 +3.0859e+000 +3.4630e+000
1860 +4.446084257e-001 +4.446084257e-001 -7.118539157e+001 -7.118539157e+001 +1.5576e+000 -2.7717e+000 +1.5168e+000 +3.0572e+000 +3.5107e+000
2077 +4.088653394e-001 +4.088653394e-001 -7.122113466e+001 -7.122113466e+001 +1.5597e+000 -2.7744e+000 +1.5197e+000 +3.0617e+000 +3.5070e+000
2222 +3.709774161e-001 +3.709774161e-001 -7.125902258e+001 -7.125902258e+001 +1.5600e+000 -2.7654e+000 +1.5197e+000 +3.0601e+000 +3.5037e+000
2601 +3.627575657e-001 +3.627575657e-001 -7.126724243e+001 -7.126724243e+001 +1.5600e+000 -2.7675e+000 +1.5189e+000 +3.0619e+000 +3.5031e+000
2637 +3.546549127e-001 +3.546549127e-001 -7.127534509e+001 -7.127534509e+001 +1.5598e+000 -2.7672e+000 +1.5189e+000 +3.0626e+000 +3.5025e+000
2937 +3.345207051e-001 +3.345207051e-001 -7.129547929e+001 -7.129547929e+001 +1.5602e+000 -2.7718e+000 +1.5188e+000 +3.0635e+000 +3.5035e+000
3150 +3.283518873e-001 +3.283518873e-001 -7.130164811e+001 -7.130164811e+001 +1.5603e+000 -2.7720e+000 +1.5189e+000 +3.0636e+000 +3.5034e+000
3379 +3.220537674e-001 +3.220537674e-001 -7.130794623e+001 -7.130794623e+001 +1.5605e+000 -2.7725e+000 +1.5191e+000 +3.0636e+000 +3.5034e+000
5086 +3.160161897e-001 +3.160161897e-001 -7.131398381e+001 -7.131398381e+001 +1.5605e+000 -2.7724e+000 +1.5190e+000 +3.0636e+000 +3.5034e+000
% function evaluation | noise-free fitness - Fopt (1.976000000000e+001) | best noise-free fitness - Fopt | measured fitness | best measured fitness | x1 | x2...
1 +1.036030525e+002 +1.036030525e+002 +1.233630525e+002 +1.233630525e+002 +5.8221e+000 +3.4352e+000 -1.5116e+000 +6.4831e+000 -1.6260e-001
11 +5.357179724e+001 +5.357179724e+001 +7.333179724e+001 +7.333179724e+001 -1.1191e+000 +2.9220e+000 +1.5787e+000 +2.9351e+000 -3.5714e+000
29 +5.157212260e+001 +5.157212260e+001 +7.133212260e+001 +7.133212260e+001 +6.0490e+000 +9.7498e-001 +1.9501e+000 +1.5382e+000 -3.2248e+000
59 +5.043567468e+001 +5.043567468e+001 +7.019567468e+001 +7.019567468e+001 +6.9208e-001 +9.0348e-001 +1.1541e+000 +1.8717e+000 -3.7988e+000
81 +3.604896877e+001 +3.604896877e+001 +5.580896877e+001 +5.580896877e+001 +2.5440e+000 -5.5972e-001 +1.7746e+000 +1.7746e+000 -4.0494e+000
120 +2.003382449e+001 +2.003382449e+001 +3.979382449e+001 +3.979382449e+001 +3.5381e+000 -6.6675e-001 -3.3740e+000 +1.9859e+000 -4.7477e+000
154 +1.436517958e+001 +1.436517958e+001 +3.412517958e+001 +3.412517958e+001 +3.2199e-001 -9.0234e-001 -1.0899e+000 +1.7805e+000 +3.6360e-001
183 +3.382338701e+000 +3.382338701e+000 +2.314233870e+001 +2.314233870e+001 +2.2296e+000 +6.0615e-001 -3.3838e+000 +2.2076e+000 -9.1003e-001
360 +3.304331262e+000 +3.304331262e+000 +2.306433126e+001 +2.306433126e+001 +2.4108e+000 +1.6334e+000 -3.1159e+000 +2.2933e+000 +4.1992e-001
382 +2.601179893e+000 +2.601179893e+000 +2.236117989e+001 +2.236117989e+001 +2.8461e+000 +1.4582e+000 -3.3286e+000 +2.0603e+000 +1.2629e-001
404 +2.491663528e+000 +2.491663528e+000 +2.225166353e+001 +2.225166353e+001 +2.6417e+000 +1.4959e+000 -3.1233e+000 +2.1318e+000 +3.8523e-001
437 +2.352964795e+000 +2.352964795e+000 +2.211296479e+001 +2.211296479e+001 +2.5327e+000 +1.6684e+000 -3.2065e+000 +2.1192e+000 +2.6346e-001
456 +2.297914917e+000 +2.297914917e+000 +2.205791492e+001 +2.205791492e+001 +2.7188e+000 +1.3953e+000 -3.3030e+000 +2.0870e+000 +2.2323e-001
459 +1.856515482e+000 +1.856515482e+000 +2.161651548e+001 +2.161651548e+001 +2.7365e+000 +1.7178e+000 -3.1467e+000 +1.9178e+000 +7.1277e-001
460 +1.768915908e+000 +1.768915908e+000 +2.152891591e+001 +2.152891591e+001 +2.4894e+000 +1.5094e+000 -3.3455e+000 +2.0583e+000 +3.1319e-001
491 +5.560121850e-001 +5.560121850e-001 +2.031601219e+001 +2.031601219e+001 +2.4052e+000 +1.4138e+000 -3.2916e+000 +2.0237e+000 +3.6264e-001
728 +3.604982081e-001 +3.604982081e-001 +2.012049821e+001 +2.012049821e+001 +2.5337e+000 +1.4704e+000 -3.2765e+000 +1.9737e+000 +3.9334e-001
767 +2.610447274e-001 +2.610447274e-001 +2.002104473e+001 +2.002104473e+001 +2.5476e+000 +1.4591e+000 -3.2687e+000 +1.9741e+000 +4.4864e-001
1045 +1.906863486e-001 +1.906863486e-001 +1.995068635e+001 +1.995068635e+001 +2.5972e+000 +1.5015e+000 -3.2516e+000 +1.9443e+000 +4.5876e-001
1139 +1.702229027e-001 +1.702229027e-001 +1.993022290e+001 +1.993022290e+001 +2.5986e+000 +1.5235e+000 -3.2656e+000 +1.9470e+000 +4.9220e-001
1175 +9.632896847e-002 +9.632896847e-002 +1.985632897e+001 +1.985632897e+001 +2.6130e+000 +1.5147e+000 -3.2512e+000 +1.9450e+000 +4.7567e-001
1256 +9.267481349e-002 +9.267481349e-002 +1.985267481e+001 +1.985267481e+001 +2.6354e+000 +1.5226e+000 -3.2497e+000 +1.9446e+000 +4.7400e-001
1302 +8.901279719e-002 +8.901279719e-002 +1.984901280e+001 +1.984901280e+001 +2.6343e+000 +1.5145e+000 -3.2548e+000 +1.9386e+000 +4.7743e-001
1322 +8.161642008e-002 +8.161642008e-002 +1.984161642e+001 +1.984161642e+001 +2.6299e+000 +1.5216e+000 -3.2516e+000 +1.9379e+000 +4.6663e-001
1370 +7.991326938e-002 +7.991326938e-002 +1.983991327e+001 +1.983991327e+001 +2.6277e+000 +1.5174e+000 -3.2531e+000 +1.9395e+000 +4.6607e-001
1405 +7.752924292e-002 +7.752924292e-002 +1.983752924e+001 +1.983752924e+001 +2.6248e+000 +1.5166e+000 -3.2557e+000 +1.9431e+000 +4.6374e-001
1425 +7.368627499e-002 +7.368627499e-002 +1.983368627e+001 +1.983368627e+001 +2.6258e+000 +1.5177e+000 -3.2506e+000 +1.9356e+000 +4.7411e-001
1506 +5.312456277e-002 +5.312456277e-002 +1.981312456e+001 +1.981312456e+001 +2.6307e+000 +1.5155e+000 -3.2502e+000 +1.9405e+000 +4.6352e-001
1573 +3.445076366e-002 +3.445076366e-002 +1.979445076e+001 +1.979445076e+001 +2.6295e+000 +1.5141e+000 -3.2508e+000 +1.9397e+000 +4.6435e-001
1894 +3.005597739e-002 +3.005597739e-002 +1.979005598e+001 +1.979005598e+001 +2.6263e+000 +1.5143e+000 -3.2525e+000 +1.9408e+000 +4.6290e-001
1924 +2.866538811e-002 +2.866538811e-002 +1.978866539e+001 +1.978866539e+001 +2.6262e+000 +1.5142e+000 -3.2518e+000 +1.9408e+000 +4.6389e-001
1949 +2.595290080e-002 +2.595290080e-002 +1.978595290e+001 +1.978595290e+001 +2.6267e+000 +1.5138e+000 -3.2518e+000 +1.9408e+000 +4.6341e-001
2149 +2.544900583e-002 +2.544900583e-002 +1.978544901e+001 +1.978544901e+001 +2.6261e+000 +1.5138e+000 -3.2517e+000 +1.9408e+000 +4.6389e-001
2157 +2.445847178e-002 +2.445847178e-002 +1.978445847e+001 +1.978445847e+001 +2.6262e+000 +1.5136e+000 -3.2518e+000 +1.9409e+000 +4.6354e-001
2181 +2.352318395e-002 +2.352318395e-002 +1.978352318e+001 +1.978352318e+001 +2.6258e+000 +1.5135e+000 -3.2517e+000 +1.9409e+000 +4.6359e-001
2220 +2.317836452e-002 +2.317836452e-002 +1.978317836e+001 +1.978317836e+001 +2.6256e+000 +1.5135e+000 -3.2519e+000 +1.9411e+000 +4.6347e-001
2278 +2.234805099e-002 +2.234805099e-002 +1.978234805e+001 +1.978234805e+001 +2.6259e+000 +1.5134e+000 -3.2518e+000 +1.9410e+000 +4.6337e-001
2282 +2.174210458e-002 +2.174210458e-002 +1.978174210e+001 +1.978174210e+001 +2.6260e+000 +1.5135e+000 -3.2518e+000 +1.9409e+000 +4.6341e-001
2608 +2.096009293e-002 +2.096009293e-002 +1.978096009e+001 +1.978096009e+001 +2.6259e+000 +1.5135e+000 -3.2518e+000 +1.9410e+000 +4.6340e-001
2936 +2.074487795e-002 +2.074487795e-002 +1.978074488e+001 +1.978074488e+001 +2.6259e+000 +1.5135e+000 -3.2518e+000 +1.9410e+000 +4.6342e-001
5434 +2.038349672e-002 +2.038349672e-002 +1.978038350e+001 +1.978038350e+001 +2.6259e+000 +1.5135e+000 -3.2518e+000 +1.9410e+000 +4.6340e-001
% function evaluation | noise-free fitness - Fopt (6.100000000000e-001) | best noise-free fitness - Fopt | measured fitness | best measured fitness | x1 | x2...
1 +3.056543142e+003 +3.056543142e+003 +3.057153142e+003 +3.057153142e+003 -5.1654e+000 -5.4490e-001 +3.2018e+000 -4.9157e+000 +3.3219e-001
3 +7.017395791e+002 +7.017395791e+002 +7.023495791e+002 +7.023495791e+002 -1.4770e+000 +1.1885e+001 +1.0407e+000 +5.9826e+000 -2.4268e+000
4 +8.206836848e+001 +8.206836848e+001 +8.267836848e+001 +8.267836848e+001 -4.4728e+000 -1.6147e+000 -1.1355e+000 +6.8929e-001 -2.0163e+000
5 +6.740502808e+001 +6.740502808e+001 +6.801502808e+001 +6.801502808e+001 -1.4116e+000 +2.1172e+000 -5.2261e+000 -4.3218e+000 -1.7578e-001
29 +4.688704206e+001 +4.688704206e+001 +4.749704206e+001 +4.749704206e+001 -1.2695e+000 -7.9069e-003 -6.5687e-001 +1.0411e+000 -1.5334e+000
30 +4.434882153e+001 +4.434882153e+001 +4.495882153e+001 +4.495882153e+001 +1.2042e+000 +2.2286e+000 -1.2959e+000 -2.2668e-001 -4.1775e+000
32 +4.210406626e+001 +4.210406626e+001 +4.271406626e+001 +4.271406626e+001 +1.9421e+000 -1.1290e-001 +3.7606e-002 +3.8548e-002 -2.8024e+000
95 +4.105198875e+001 +4.105198875e+001 +4.166198875e+001 +4.166198875e+001 -1.6578e+000 -3.2265e-001 -3.4101e+000 +5.5511e-001 -4.1105e+000
97 +3.419472200e+001 +3.419472200e+001 +3.480472200e+001 +3.480472200e+001 -2.0252e+000 +6.4584e-001 -5.3053e+000 +1.4522e+000 +9.0257e-001
124 +3.067416619e+001 +3.067416619e+001 +3.128416619e+001 +3.128416619e+001 +2.7287e+000 +2.8982e-001 -3.3469e+000 +1.3291e+000 -4.9740e+000
188 +1.487178544e+001 +1.487178544e+001 +1.548178544e+001 +1.548178544e+001 -1.7525e+000 +6.3320e-001 -3.7710e+000 -1.9290e+000 -3.6352e+000
203 +1.136443368e+001 +1.136443368e+001 +1.197443368e+001 +1.197443368e+001 +6.8005e-001 +1.9527e+000 -4.3457e+000 -1.8238e+000 -1.2713e+000
227 +1.094107026e+001 +1.094107026e+001 +1.155107026e+001 +1.155107026e+001 -1.3945e+000 +6.3873e-001 -3.0966e+000 -2.0184e+000 -2.6599e+000
230 +7.674728528e+000 +7.674728528e+000 +8.284728528e+000 +8.284728528e+000 +4.9301e-001 +1.2352e+000 -3.9708e+000 -3.2367e+000 -2.1868e+000
294 +2.513375681e+000 +2.513375681e+000 +3.123375681e+000 +3.123375681e+000 -3.7576e-001 -1.9830e-001 -4.1330e+000 -2.2835e+000 -2.0228e+000
323 +1.781715704e+000 +1.781715704e+000 +2.391715704e+000 +2.391715704e+000 -1.0948e-001 +2.8345e-001 -3.8308e+000 -2.4515e+000 -2.1977e+000
526 +1.732178236e+000 +1.732178236e+000 +2.342178236e+000 +2.342178236e+000 -4.4835e-001 -2.2116e-001 -3.9182e+000 -2.3802e+000 -2.3489e+000
571 +1.221023070e+000 +1.221023070e+000 +1.831023070e+000 +1.831023070e+000 -4.8028e-001 -2.6790e-001 -3.8864e+000 -2.3937e+000 -2.3878e+000
769 +1.183661436e+000 +1.183661436e+000 +1.793661436e+000 +1.793661436e+000 -5.6642e-001 -3.7946e-001 -3.8892e+000 -2.3394e+000 -2.3696e+000
831 +6.954453301e-001 +6.954453301e-001 +1.305445330e+000 +1.305445330e+000 -5.8919e-001 -4.5439e-001 -3.9086e+000 -2.3439e+000 -2.4056e+000
919 +6.199269571e-001 +6.199269571e-001 +1.229926957e+000 +1.229926957e+000 -5.7466e-001 -4.2662e-001 -3.8940e+000 -2.3440e+000 -2.4305e+000
1149 +4.632940190e-001 +4.632940190e-001 +1.073294019e+000 +1.073294019e+000 -6.1203e-001 -4.7448e-001 -3.8923e+000 -2.3477e+000 -2.4339e+000
1410 +4.355044823e-001 +4.355044823e-001 +1.045504482e+000 +1.045504482e+000 -5.8164e-001 -4.2492e-001 -3.8851e+000 -2.3592e+000 -2.4255e+000
1487 +4.132244874e-001 +4.132244874e-001 +1.023224487e+000 +1.023224487e+000 -5.7981e-001 -4.3095e-001 -3.8836e+000 -2.3615e+000 -2.4276e+000
1489 +3.776374504e-001 +3.776374504e-001 +9.876374504e-001 +9.876374504e-001 -5.8582e-001 -4.2879e-001 -3.8827e+000 -2.3582e+000 -2.4316e+000
1611 +3.472638776e-001 +3.472638776e-001 +9.572638776e-001 +9.572638776e-001 -5.8556e-001 -4.3071e-001 -3.8818e+000 -2.3589e+000 -2.4329e+000
1797 +3.429710009e-001 +3.429710009e-001 +9.529710009e-001 +9.529710009e-001 -5.7743e-001 -4.2667e-001 -3.8797e+000 -2.3617e+000 -2.4330e+000
1856 +3.360490841e-001 +3.360490841e-001 +9.460490841e-001 +9.460490841e-001 -5.7884e-001 -4.2473e-001 -3.8798e+000 -2.3613e+000 -2.4326e+000
1892 +3.258101557e-001 +3.258101557e-001 +9.358101557e-001 +9.358101557e-001 -5.7941e-001 -4.2457e-001 -3.8803e+000 -2.3607e+000 -2.4319e+000
1986 +3.234156420e-001 +3.234156420e-001 +9.334156420e-001 +9.334156420e-001 -5.7861e-001 -4.2371e-001 -3.8797e+000 -2.3611e+000 -2.4323e+000
2006 +3.092749096e-001 +3.092749096e-001 +9.192749096e-001 +9.192749096e-001 -5.7947e-001 -4.2214e-001 -3.8799e+000 -2.3607e+000 -2.4317e+000
2099 +3.082806426e-001 +3.082806426e-001 +9.182806426e-001 +9.182806426e-001 -5.7809e-001 -4.2254e-001 -3.8802e+000 -2.3612e+000 -2.4316e+000
2257 +3.001726512e-001 +3.001726512e-001 +9.101726512e-001 +9.101726512e-001 -5.7704e-001 -4.2243e-001 -3.8804e+000 -2.3611e+000 -2.4310e+000
2299 +2.911778481e-001 +2.911778481e-001 +9.011778481e-001 +9.011778481e-001 -5.7692e-001 -4.2213e-001 -3.8803e+000 -2.3613e+000 -2.4309e+000
2350 +2.872752444e-001 +2.872752444e-001 +8.972752444e-001 +8.972752444e-001 -5.7656e-001 -4.2221e-001 -3.8805e+000 -2.3614e+000 -2.4310e+000
2399 +2.805639205e-001 +2.805639205e-001 +8.905639205e-001 +8.905639205e-001 -5.7646e-001 -4.2148e-001 -3.8804e+000 -2.3612e+000 -2.4307e+000
2666 +2.746036768e-001 +2.746036768e-001 +8.846036768e-001 +8.846036768e-001 -5.7622e-001 -4.2181e-001 -3.8804e+000 -2.3614e+000 -2.4308e+000
2736 +2.682067163e-001 +2.682067163e-001 +8.782067163e-001 +8.782067163e-001 -5.7594e-001 -4.2162e-001 -3.8804e+000 -2.3615e+000 -2.4307e+000
2956 +2.610429839e-001 +2.610429839e-001 +8.710429839e-001 +8.710429839e-001 -5.7607e-001 -4.2175e-001 -3.8804e+000 -2.3614e+000 -2.4307e+000
% function evaluation | noise-free fitness - Fopt (-8.634400000000e+002) | best noise-free fitness - Fopt | measured fitness | best measured fitness | x1 | x2...
1 +1.263165671e+002 +1.263165671e+002 -7.371234329e+002 -7.371234329e+002 -5.1737e-001 -2.7931e+000 +7.4466e+000 -2.9356e-001 +4.4851e+000
12 +3.393338339e+001 +3.393338339e+001 -8.295066166e+002 -8.295066166e+002 -3.8974e-001 -3.3601e+000 +3.1635e+000 +4.9739e+000 -8.2962e-002
35 +3.018628603e+001 +3.018628603e+001 -8.332537140e+002 -8.332537140e+002 +2.5768e-002 +1.4659e+000 +4.7674e+000 +1.8406e+000 +2.1480e+000
47 +2.728993440e+001 +2.728993440e+001 -8.361500656e+002 -8.361500656e+002 -1.7135e+000 -8.2218e-001 +3.8554e+000 +2.9661e+000 +2.7795e+000
158 +2.639411527e+001 +2.639411527e+001 -8.370458847e+002 -8.370458847e+002 -8.6752e-001 -2.5279e+000 +1.6967e+000 +3.0702e+000 +3.5094e+000
177 +1.651335230e+001 +1.651335230e+001 -8.469266477e+002 -8.469266477e+002 +3.8426e-001 -1.9046e+000 +2.4611e+000 +3.2589e+000 +2.2919e+000
201 +1.463650178e+001 +1.463650178e+001 -8.488034982e+002 -8.488034982e+002 -3.2145e-001 -1.6952e+000 +2.8819e+000 +3.2211e+000 +2.3920e+000
294 +1.250930964e+001 +1.250930964e+001 -8.509306904e+002 -8.509306904e+002 -1.2731e-001 -3.1651e+000 +2.7029e+000 +3.5771e+000 +2.2277e+000
355 +1.193973611e+001 +1.193973611e+001 -8.515002639e+002 -8.515002639e+002 -6.3477e-001 -1.0203e+000 +2.9416e+000 -1.3679e-001 -5.9754e-001
368 +1.089432424e+001 +1.089432424e+001 -8.525456758e+002 -8.525456758e+002 -1.9659e-001 -1.7161e+000 +2.8726e+000 +7.3037e-001 +1.5582e+000
414 +8.210878090e+000 +8.210878090e+000 -8.552291219e+002 -8.552291219e+002 -6.4513e-001 -1.6388e+000 +2.9229e+000 +1.7074e+000 +9.9489e-001
436 +7.173503743e+000 +7.173503743e+000 -8.562664963e+002 -8.562664963e+002 -4.9994e-001 -1.7978e+000 +2.4101e+000 +1.7605e+000 +9.9011e-001
455 +6.021144544e+000 +6.021144544e+000 -8.574188555e+002 -8.574188555e+002 -1.8431e-001 -1.2747e+000 +2.9891e+000 +1.5068e+000 +9.5610e-001
625 +3.999109122e+000 +3.999109122e+000 -8.594408909e+002 -8.594408909e+002 -3.0055e-001 -1.6401e+000 +2.7917e+000 +1.7665e+000 +9.7888e-001
879 +2.942253734e+000 +2.942253734e+000 -8.604977463e+002 -8.604977463e+002 -1.3467e+000 -1.7308e+000 +2.9001e+000 -3.5592e-001 -2.0482e-002
1174 +2.675899812e+000 +2.675899812e+000 -8.607641002e+002 -8.607641002e+002 -1.1616e+000 -1.6620e+000 +2.5437e+000 -2.4930e-001 +4.3328e-001
1183 +2.170442590e+000 +2.170442590e+000 -8.612695574e+002 -8.612695574e+002 -1.2844e+000 -1.9005e+000 +2.6179e+000 -1.9976e-001 +5.8725e-001
1211 +1.457955258e+000 +1.457955258e+000 -8.619820447e+002 -8.619820447e+002 -1.2485e+000 -1.8420e+000 +2.6315e+000 -1.7813e-001 +3.9559e-001
1214 +1.360323313e+000 +1.360323313e+000 -8.620796767e+002 -8.620796767e+002 -1.1821e+000 -1.7695e+000 +2.6355e+000 -1.4501e-001 +4.5082e-001
1253 +1.162369225e+000 +1.162369225e+000 -8.622776308e+002 -8.622776308e+002 -1.2710e+000 -1.8451e+000 +2.5921e+000 -2.1648e-001 +4.8556e-001
1387 +7.261779424e-001 +7.261779424e-001 -8.627138221e+002 -8.627138221e+002 -1.2931e+000 -1.8054e+000 +2.6340e+000 -2.6798e-001 +4.2355e-001
1428 +6.532698625e-001 +6.532698625e-001 -8.627867301e+002 -8.627867301e+002 -1.3263e+000 -1.8482e+000 +2.6153e+000 -2.9746e-001 +4.2398e-001
1517 +5.579407955e-001 +5.579407955e-001 -8.628820592e+002 -8.628820592e+002 -1.2948e+000 -1.8652e+000 +2.6198e+000 -2.1461e-001 +4.5495e-001
1808 +5.160407401e-001 +5.160407401e-001 -8.629239593e+002 -8.629239593e+002 -1.2681e+000 -1.8222e+000 +2.6321e+000 -2.2646e-001 +4.2481e-001
1986 +4.505854334e-001 +4.505854334e-001 -8.629894146e+002 -8.629894146e+002 -1.2695e+000 -1.8310e+000 +2.6303e+000 -2.2057e-001 +4.3463e-001
2166 +4.088773865e-001 +4.088773865e-001 -8.630311226e+002 -8.630311226e+002 -1.2716e+000 -1.8269e+000 +2.6299e+000 -2.3002e-001 +4.2912e-001
2280 +3.920581895e-001 +3.920581895e-001 -8.630479418e+002 -8.630479418e+002 -1.2751e+000 -1.8318e+000 +2.6281e+000 -2.3305e-001 +4.3429e-001
2285 +3.769156727e-001 +3.769156727e-001 -8.630630843e+002 -8.630630843e+002 -1.2742e+000 -1.8303e+000 +2.6281e+000 -2.3083e-001 +4.3345e-001
2396 +3.581509754e-001 +3.581509754e-001 -8.630818490e+002 -8.630818490e+002 -1.2723e+000 -1.8321e+000 +2.6277e+000 -2.2713e-001 +4.3476e-001
2451 +3.477727591e-001 +3.477727591e-001 -8.630922272e+002 -8.630922272e+002 -1.2742e+000 -1.8323e+000 +2.6274e+000 -2.2928e-001 +4.3485e-001
2632 +3.429978734e-001 +3.429978734e-001 -8.630970021e+002 -8.630970021e+002 -1.2745e+000 -1.8325e+000 +2.6272e+000 -2.2976e-001 +4.3498e-001
2728 +3.259182364e-001 +3.259182364e-001 -8.631140818e+002 -8.631140818e+002 -1.2744e+000 -1.8329e+000 +2.6273e+000 -2.2904e-001 +4.3533e-001
2730 +3.119050991e-001 +3.119050991e-001 -8.631280949e+002 -8.631280949e+002 -1.2745e+000 -1.8331e+000 +2.6270e+000 -2.2904e-001 +4.3524e-001
2964 +3.080192886e-001 +3.080192886e-001 -8.631319807e+002 -8.631319807e+002 -1.2744e+000 -1.8331e+000 +2.6271e+000 -2.2908e-001 +4.3552e-001
3077 +2.995308733e-001 +2.995308733e-001 -8.631404691e+002 -8.631404691e+002 -1.2744e+000 -1.8333e+000 +2.6271e+000 -2.2887e-001 +4.3547e-001
3168 +2.946814209e-001 +2.946814209e-001 -8.631453186e+002 -8.631453186e+002 -1.2744e+000 -1.8332e+000 +2.6271e+000 -2.2893e-001 +4.3542e-001
% function evaluation | noise-free fitness - Fopt (1.318500000000e+002) | best noise-free fitness - Fopt | measured fitness | best measured fitness | x1 | x2...
1 +2.861187819e+002 +2.861187819e+002 +4.179687819e+002 +4.179687819e+002 +4.7691e-001 +3.7005e+000 -1.8115e+000 +4.4952e+000 +1.7883e+000
2 +2.029578379e+002 +2.029578379e+002 +3.348078379e+002 +3.348078379e+002 +3.0496e-001 +3.2389e+000 -1.9494e+000 +4.6576e+000 -2.1133e+000
8 +1.927866599e+002 +1.927866599e+002 +3.246366599e+002 +3.246366599e+002 -3.9406e+000 +4.3727e+000 -4.3488e-001 +2.5284e+000 +2.1315e+000
10 +1.791925040e+002 +1.791925040e+002 +3.110425040e+002 +3.110425040e+002 -4.8153e-001 +2.3318e+000 +2.2970e+000 -8.1228e+000 +3.2748e+000
13 +1.654705738e+002 +1.654705738e+002 +2.973205738e+002 +2.973205738e+002 -3.0720e+000 +3.8480e+000 -2.4334e+000 +2.9287e+000 +2.7334e+000
19 +1.030863161e+002 +1.030863161e+002 +2.349363161e+002 +2.349363161e+002 +4.9209e-002 +4.9646e+000 -1.7888e+000 -6.0389e+000 +3.5769e+000
30 +9.844798585e+001 +9.844798585e+001 +2.302979859e+002 +2.302979859e+002 -1.9874e+000 +1.6181e+000 +8.3280e-001 -7.3532e+000 +1.2449e+000
32 +8.714924914e+001 +8.714924914e+001 +2.189992491e+002 +2.189992491e+002 -1.7058e+000 +2.9914e+000 -2.3818e-002 -5.7983e+000 -6.5290e+000
51 +7.115495141e+001 +7.115495141e+001 +2.030049514e+002 +2.030049514e+002 +9.3544e-001 +5.5721e+000 -7.5578e-001 -2.6304e+000 -3.9538e+000
57 +5.827116565e+001 +5.827116565e+001 +1.901211656e+002 +1.901211656e+002 -1.1529e+000 +2.9075e+000 -2.7026e+000 -6.1328e-001 -6.9646e-001
58 +3.773415256e+001 +3.773415256e+001 +1.695841526e+002 +1.695841526e+002 -1.0230e+000 +2.3473e+000 +5.9021e-001 -1.9818e+000 -5.6870e-001
84 +3.696088746e+001 +3.696088746e+001 +1.688108875e+002 +1.688108875e+002 +6.2042e-001 +3.4515e+000 -3.2527e+000 -5.1002e+000 -4.2257e+000
86 +2.528381372e+001 +2.528381372e+001 +1.571338137e+002 +1.571338137e+002 -7.5281e-001 +3.1947e+000 -1.2007e+000 -3.4956e+000 -1.8353e+000
107 +2.211698288e+001 +2.211698288e+001 +1.539669829e+002 +1.539669829e+002 -1.7742e+000 +3.4221e+000 -2.7394e+000 -4.7255e+000 -8.2527e-001
112 +2.153480476e+001 +2.153480476e+001 +1.533848048e+002 +1.533848048e+002 -6.8123e-001 +2.9019e+000 -1.7580e+000 -6.1995e+000 -1.8557e+000
132 +1.197395235e+001 +1.197395235e+001 +1.438239523e+002 +1.438239523e+002 -1.2050e+000 +2.6824e+000 -3.7074e+000 -3.6918e+000 -1.2163e+000
190 +5.660801367e+000 +5.660801367e+000 +1.375108014e+002 +1.375108014e+002 -1.5354e+000 +1.5153e+000 -4.0791e-001 -5.0810e+000 -2.1434e+000
312 +5.035136075e+000 +5.035136075e+000 +1.368851361e+002 +1.368851361e+002 -3.6803e-002 +1.5283e+000 +3.8851e-001 -4.3349e+000 -1.9025e+000
335 +4.972643246e+000 +4.972643246e+000 +1.368226432e+002 +1.368226432e+002 -8.2622e-002 +7.0670e-001 +2.4809e-001 -4.5202e+000 -1.9586e+000
339 +3.902120831e+000 +3.902120831e+000 +1.357521208e+002 +1.357521208e+002 -7.0427e-002 +7.0064e-001 +1.5449e+000 -4.4279e+000 -1.8847e+000
398 +2.979701387e+000 +2.979701387e+000 +1.348297014e+002 +1.348297014e+002 -1.0955e-001 +8.3755e-001 +6.1806e-001 -4.3343e+000 -1.6083e+000
434 +2.874266339e+000 +2.874266339e+000 +1.347242663e+002 +1.347242663e+002 -2.7462e-001 +1.0422e+000 +8.0178e-001 -4.4436e+000 -1.6989e+000
435 +2.359198979e+000 +2.359198979e+000 +1.342091990e+002 +1.342091990e+002 -2.0954e-001 +8.2659e-001 +1.3176e+000 -4.4638e+000 -1.6964e+000
469 +1.652832096e+000 +1.652832096e+000 +1.335028321e+002 +1.335028321e+002 -3.0544e-001 +9.0846e-001 +9.8589e-001 -4.2253e+000 -1.7549e+000
507 +7.414478984e-001 +7.414478984e-001 +1.325914479e+002 +1.325914479e+002 -3.5582e-001 +9.2562e-001 +8.0779e-001 -4.2958e+000 -1.6678e+000
735 +6.854029917e-001 +6.854029917e-001 +1.325354030e+002 +1.325354030e+002 -3.0697e-001 +9.5230e-001 +7.6039e-001 -4.3168e+000 -1.6794e+000
779 +6.674177727e-001 +6.674177727e-001 +1.325174178e+002 +1.325174178e+002 -3.4938e-001 +9.5893e-001 +6.8569e-001 -4.2685e+000 -1.6825e+000
822 +5.105534222e-001 +5.105534222e-001 +1.323605534e+002 +1.323605534e+002 -3.3523e-001 +9.5303e-001 +6.9418e-001 -4.2769e+000 -1.6873e+000
832 +4.543953974e-001 +4.543953974e-001 +1.323043954e+002 +1.323043954e+002 -3.4314e-001 +9.5493e-001 +7.0534e-001 -4.2881e+000 -1.6902e+000
874 +4.251893978e-001 +4.251893978e-001 +1.322751894e+002 +1.322751894e+002 -3.4160e-001 +9.5232e-001 +7.0251e-001 -4.2732e+000 -1.6760e+000
875 +3.528443866e-001 +3.528443866e-001 +1.322028444e+002 +1.322028444e+002 -3.3779e-001 +9.4456e-001 +7.0555e-001 -4.2815e+000 -1.6819e+000
882 +3.386469233e-001 +3.386469233e-001 +1.321886469e+002 +1.321886469e+002 -3.3420e-001 +9.4497e-001 +7.1296e-001 -4.2748e+000 -1.6864e+000
914 +2.913956146e-001 +2.913956146e-001 +1.321413956e+002 +1.321413956e+002 -3.3638e-001 +9.3934e-001 +7.2250e-001 -4.2919e+000 -1.6797e+000
982 +2.396805835e-001 +2.396805835e-001 +1.320896806e+002 +1.320896806e+002 -3.3698e-001 +9.3275e-001 +7.1403e-001 -4.2592e+000 -1.6738e+000
1017 +2.329734010e-001 +2.329734010e-001 +1.320829734e+002 +1.320829734e+002 -3.3709e-001 +9.3241e-001 +7.1188e-001 -4.2614e+000 -1.6735e+000
1033 +1.901188977e-001 +1.901188977e-001 +1.320401189e+002 +1.320401189e+002 -3.3653e-001 +9.3232e-001 +7.1649e-001 -4.2672e+000 -1.6741e+000
1092 +1.757402911e-001 +1.757402911e-001 +1.320257403e+002 +1.320257403e+002 -3.3560e-001 +9.3240e-001 +7.1415e-001 -4.2613e+000 -1.6744e+000
1299 +1.512180840e-001 +1.512180840e-001 +1.320012181e+002 +1.320012181e+002 -3.3707e-001 +9.3123e-001 +7.1704e-001 -4.2690e+000 -1.6737e+000
1552 +1.463464356e-001 +1.463464356e-001 +1.319963464e+002 +1.319963464e+002 -3.3725e-001 +9.3152e-001 +7.1651e-001 -4.2694e+000 -1.6734e+000
1598 +1.431869045e-001 +1.431869045e-001 +1.319931869e+002 +1.319931869e+002 -3.3720e-001 +9.3142e-001 +7.1669e-001 -4.2695e+000 -1.6735e+000
1667 +1.379271817e-001 +1.379271817e-001 +1.319879272e+002 +1.319879272e+002 -3.3724e-001 +9.3157e-001 +7.1666e-001 -4.2696e+000 -1.6735e+000
