% function evaluation | noise-free fitness - Fopt (-1.694000000000e+001) | best noise-free fitness - Fopt | measured fitness | best measured fitness | x1 | x2...
1 +5.418987815e+002 +5.418987815e+002 +5.249587815e+002 +5.249587815e+002 -2.2575e+000 -7.6696e+000 -7.6771e+000
2 +3.972237281e+002 +3.972237281e+002 +3.802837281e+002 +3.802837281e+002 +3.4976e+000 -4.3352e+000 +3.8769e+000
3 +2.005627264e+002 +2.005627264e+002 +1.836227264e+002 +1.836227264e+002 +3.6999e+000 -2.3111e-001 +4.1917e+000
10 +9.848583578e+001 +9.848583578e+001 +8.154583578e+001 +8.154583578e+001 +6.5829e+000 +3.2304e+000 +3.5941e+000
19 +3.392539838e+001 +3.392539838e+001 +1.698539838e+001 +1.698539838e+001 -1.6967e-002 -1.3467e+000 +1.8785e-002
35 +2.589903376e+001 +2.589903376e+001 +8.959033759e+000 +8.959033759e+000 +3.9465e+000 +1.1948e+000 -2.2650e-001
49 +1.885388898e+001 +1.885388898e+001 +1.913888985e+000 +1.913888985e+000 +3.0112e+000 +9.4194e-001 +1.4558e-001
54 +1.184424251e+001 +1.184424251e+001 -5.095757492e+000 -5.095757492e+000 +2.6870e+000 +7.9295e-001 -6.1471e-001
57 +9.933681021e+000 +9.933681021e+000 -7.006318979e+000 -7.006318979e+000 +4.0090e+000 +1.2640e+000 -2.1699e+000
62 +4.481108481e+000 +4.481108481e+000 -1.245889152e+001 -1.245889152e+001 +3.3959e+000 +2.8578e+000 -1.2231e+000
106 +2.159795790e+000 +2.159795790e+000 -1.478020421e+001 -1.478020421e+001 +3.4034e+000 +2.0519e+000 -1.3868e+000
141 +1.516964369e+000 +1.516964369e+000 -1.542303563e+001 -1.542303563e+001 +3.5372e+000 +2.4498e+000 -1.5546e+000
171 +5.945601091e-001 +5.945601091e-001 -1.634543989e+001 -1.634543989e+001 +3.6027e+000 +2.5109e+000 -1.5163e+000
239 +5.090135616e-001 +5.090135616e-001 -1.643098644e+001 -1.643098644e+001 +3.6198e+000 +2.4880e+000 -1.4736e+000
247 +3.950775317e-001 +3.950775317e-001 -1.654492247e+001 -1.654492247e+001 +3.6115e+000 +2.4798e+000 -1.4547e+000
254 +2.948904341e-001 +2.948904341e-001 -1.664510957e+001 -1.664510957e+001 +3.5995e+000 +2.5590e+000 -1.4807e+000
272 +1.642075271e-001 +1.642075271e-001 -1.677579247e+001 -1.677579247e+001 +3.6024e+000 +2.4764e+000 -1.4761e+000
273 +1.528156294e-001 +1.528156294e-001 -1.678718437e+001 -1.678718437e+001 +3.6037e+000 +2.4772e+000 -1.4741e+000
279 +8.564470426e-002 +8.564470426e-002 -1.685435530e+001 -1.685435530e+001 +3.5939e+000 +2.4884e+000 -1.4732e+000
362 +8.405489950e-002 +8.405489950e-002 -1.685594510e+001 -1.685594510e+001 +3.6021e+000 +2.4778e+000 -1.4800e+000
367 +7.681133204e-002 +7.681133204e-002 -1.686318867e+001 -1.686318867e+001 +3.6030e+000 +2.4745e+000 -1.4814e+000
615 +7.021024556e-002 +7.021024556e-002 -1.686978975e+001 -1.686978975e+001 +3.6004e+000 +2.4763e+000 -1.4773e+000
779 +6.704041798e-002 +6.704041798e-002 -1.687295958e+001 -1.687295958e+001 +3.6006e+000 +2.4759e+000 -1.4780e+000
842 +6.544696982e-002 +6.544696982e-002 -1.687455303e+001 -1.687455303e+001 +3.6003e+000 +2.4752e+000 -1.4777e+000
1083 +6.455864637e-002 +6.455864637e-002 -1.687544135e+001 -1.687544135e+001 +3.5998e+000 +2.4751e+000 -1.4775e+000
1439 +6.309204282e-002 +6.309204282e-002 -1.687690796e+001 -1.687690796e+001 +3.5995e+000 +2.4745e+000 -1.4770e+000
2021 +6.162981628e-002 +6.162981628e-002 -1.687837018e+001 -1.687837018e+001 +3.5987e+000 +2.4738e+000 -1.4764e+000
% function evaluation | noise-free fitness - Fopt (1.881000000000e+001) | best noise-free fitness - Fopt | measured fitness | best measured fitness | x1 | x2...
1 +3.052513858e+002 +3.052513858e+002 +3.240613858e+002 +3.240613858e+002 -9.8137e-001 +6.8865e+000 +1.9301e+000
2 +7.064472322e+001 +7.064472322e+001 +8.945472322e+001 +8.945472322e+001 -5.0692e+000 +4.0188e+000 -1.9535e+000
6 +5.364848692e+001 +5.364848692e+001 +7.245848692e+001 +7.245848692e+001 +2.6134e+000 +4.3451e+000 -1.1026e+000
10 +5.153165284e+001 +5.153165284e+001 +7.034165284e+001 +7.034165284e+001 -2.9647e+000 +3.4241e+000 -1.2274e+000
14 +3.327205852e+001 +3.327205852e+001 +5.208205852e+001 +5.208205852e+001 +1.6244e+000 +4.4221e+000 -1.5915e+000
15 +1.223182283e+001 +1.223182283e+001 +3.104182283e+001 +3.104182283e+001 +3.9288e+000 +3.3681e+000 -3.9385e+000
43 +7.224840648e+000 +7.224840648e+000 +2.603484065e+001 +2.603484065e+001 +2.0952e-001 +1.0791e+000 -1.2570e+000
184 +2.951339246e+000 +2.951339246e+000 +2.176133925e+001 +2.176133925e+001 +3.9368e-001 +1.9032e+000 -1.2133e+000
288 +1.829033572e+000 +1.829033572e+000 +2.063903357e+001 +2.063903357e+001 +8.0568e-001 +2.1734e+000 -1.4477e+000
369 +9.527755303e-001 +9.527755303e-001 +1.976277553e+001 +1.976277553e+001 +6.8957e-002 +1.8606e+000 -9.7620e-001
459 +8.407724920e-001 +8.407724920e-001 +1.965077249e+001 +1.965077249e+001 +1.3024e-001 +2.0696e+000 -9.9332e-001
473 +7.519873724e-001 +7.519873724e-001 +1.956198737e+001 +1.956198737e+001 +1.1747e-001 +2.0276e+000 -9.9691e-001
488 +7.127284959e-001 +7.127284959e-001 +1.952272850e+001 +1.952272850e+001 +1.4335e-001 +2.0514e+000 -1.0058e+000
496 +6.269681266e-001 +6.269681266e-001 +1.943696813e+001 +1.943696813e+001 +1.6112e-001 +2.0756e+000 -1.0173e+000
502 +5.702576535e-001 +5.702576535e-001 +1.938025765e+001 +1.938025765e+001 +1.3656e-001 +2.0711e+000 -1.0114e+000
510 +5.561242065e-001 +5.561242065e-001 +1.936612421e+001 +1.936612421e+001 +1.4744e-001 +2.0798e+000 -1.0177e+000
524 +4.664661379e-001 +4.664661379e-001 +1.927646614e+001 +1.927646614e+001 +1.3834e-001 +2.0744e+000 -1.0110e+000
644 +4.320347100e-001 +4.320347100e-001 +1.924203471e+001 +1.924203471e+001 +1.3398e-001 +2.0113e+000 -1.0065e+000
649 +4.084232672e-001 +4.084232672e-001 +1.921842327e+001 +1.921842327e+001 +1.2338e-001 +2.0108e+000 -1.0024e+000
688 +2.983681382e-001 +2.983681382e-001 +1.910836814e+001 +1.910836814e+001 +1.2499e-001 +2.0047e+000 -1.0021e+000
860 +2.930304355e-001 +2.930304355e-001 +1.910303044e+001 +1.910303044e+001 +1.2836e-001 +2.0095e+000 -1.0041e+000
894 +2.811005821e-001 +2.811005821e-001 +1.909110058e+001 +1.909110058e+001 +1.2833e-001 +2.0099e+000 -1.0041e+000
926 +2.722385136e-001 +2.722385136e-001 +1.908223851e+001 +1.908223851e+001 +1.2829e-001 +2.0097e+000 -1.0041e+000
6022 +2.667330195e-001 +2.667330195e-001 +1.907673302e+001 +1.907673302e+001 +1.2824e-001 +2.0096e+000 -1.0041e+000
% function evaluation | noise-free fitness - Fopt (2.731500000000e+002) | best noise-free fitness - Fopt | measured fitness | best measured fitness | x1 | x2...
1 +5.460524624e+001 +5.460524624e+001 +3.277552462e+002 +3.277552462e+002 -1.0101e+000 +4.7523e+000 -1.1433e+000
2 +3.301243718e+001 +3.301243718e+001 +3.061624372e+002 +3.061624372e+002 -1.4463e+000 +5.6112e+000 -1.5484e+000
16 +1.775493484e+001 +1.775493484e+001 +2.909049348e+002 +2.909049348e+002 -1.7895e+000 +5.5992e+000 -2.9110e-001
33 +1.176208081e+001 +1.176208081e+001 +2.849120808e+002 +2.849120808e+002 -2.0792e+000 +5.2480e+000 -6.8041e-001
72 +1.094254601e+001 +1.094254601e+001 +2.840925460e+002 +2.840925460e+002 -2.0221e+000 +5.5341e+000 +1.2198e-001
80 +5.235568924e+000 +5.235568924e+000 +2.783855689e+002 +2.783855689e+002 -2.6005e+000 +5.4263e+000 +2.4066e-002
117 +4.739887821e+000 +4.739887821e+000 +2.778898878e+002 +2.778898878e+002 -2.7768e+000 +5.4161e+000 -1.7670e-002
136 +4.064388203e+000 +4.064388203e+000 +2.772143882e+002 +2.772143882e+002 -2.7759e+000 +5.2610e+000 -2.8218e-003
166 +2.715191715e+000 +2.715191715e+000 +2.758651917e+002 +2.758651917e+002 -3.0540e+000 +4.8949e+000 +1.9754e-003
244 +1.889900931e+000 +1.889900931e+000 +2.750399009e+002 +2.750399009e+002 -2.8754e+000 +4.9271e+000 -2.8511e-001
286 +1.585643088e+000 +1.585643088e+000 +2.747356431e+002 +2.747356431e+002 -2.9255e+000 +4.6878e+000 -4.4677e-001
323 +1.529815868e+000 +1.529815868e+000 +2.746798159e+002 +2.746798159e+002 -2.8840e+000 +4.7253e+000 -4.3772e-001
340 +1.426147215e+000 +1.426147215e+000 +2.745761472e+002 +2.745761472e+002 -2.8735e+000 +4.7528e+000 -4.2868e-001
349 +1.212256853e+000 +1.212256853e+000 +2.743622569e+002 +2.743622569e+002 -2.8839e+000 +4.7983e+000 -4.0640e-001
352 +1.077610830e+000 +1.077610830e+000 +2.742276108e+002 +2.742276108e+002 -2.8694e+000 +4.8129e+000 -4.2312e-001
370 +9.875454284e-001 +9.875454284e-001 +2.741375454e+002 +2.741375454e+002 -2.8817e+000 +4.8673e+000 -3.5608e-001
387 +7.957339193e-001 +7.957339193e-001 +2.739457339e+002 +2.739457339e+002 -2.8678e+000 +4.8790e+000 -3.8838e-001
440 +5.895332088e-001 +5.895332088e-001 +2.737395332e+002 +2.737395332e+002 -2.8713e+000 +4.9148e+000 -3.4413e-001
454 +5.682478783e-001 +5.682478783e-001 +2.737182479e+002 +2.737182479e+002 -2.8726e+000 +4.9214e+000 -3.3960e-001
593 +5.074186077e-001 +5.074186077e-001 +2.736574186e+002 +2.736574186e+002 -2.8685e+000 +4.9328e+000 -3.3224e-001
626 +4.710277412e-001 +4.710277412e-001 +2.736210277e+002 +2.736210277e+002 -2.8715e+000 +4.9288e+000 -3.2890e-001
681 +4.593731060e-001 +4.593731060e-001 +2.736093731e+002 +2.736093731e+002 -2.8711e+000 +4.9304e+000 -3.2735e-001
696 +4.323689345e-001 +4.323689345e-001 +2.735823689e+002 +2.735823689e+002 -2.8711e+000 +4.9336e+000 -3.2557e-001
719 +3.794795300e-001 +3.794795300e-001 +2.735294795e+002 +2.735294795e+002 -2.8722e+000 +4.9299e+000 -3.2695e-001
729 +3.674404030e-001 +3.674404030e-001 +2.735174404e+002 +2.735174404e+002 -2.8718e+000 +4.9305e+000 -3.2676e-001
% function evaluation | noise-free fitness - Fopt (3.718000000000e+001) | best noise-free fitness - Fopt | measured fitness | best measured fitness | x1 | x2...
1 +9.698432346e+001 +9.698432346e+001 +1.341643235e+002 +1.341643235e+002 -9.6625e-001 -4.5868e+000 -1.3315e-001
19 +1.585125878e+001 +1.585125878e+001 +5.303125878e+001 +5.303125878e+001 -8.7410e-001 +1.5901e+000 +2.0520e+000
189 +5.556332614e+000 +5.556332614e+000 +4.273633261e+001 +4.273633261e+001 +3.3250e+000 +2.5899e+000 +1.4134e+000
242 +3.697463733e+000 +3.697463733e+000 +4.087746373e+001 +4.087746373e+001 -4.8612e-001 +2.6387e+000 +1.6516e+000
326 +1.720442644e+000 +1.720442644e+000 +3.890044264e+001 +3.890044264e+001 -8.6625e-001 +2.5823e+000 +2.0240e+000
383 +1.629995807e+000 +1.629995807e+000 +3.880999581e+001 +3.880999581e+001 -1.6043e+000 +2.5369e+000 +1.9880e+000
393 +1.250851617e+000 +1.250851617e+000 +3.843085162e+001 +3.843085162e+001 -2.5780e+000 +2.3828e+000 +2.0251e+000
398 +1.175490986e+000 +1.175490986e+000 +3.835549099e+001 +3.835549099e+001 -2.5374e+000 +2.4042e+000 +2.0113e+000
424 +1.046206413e+000 +1.046206413e+000 +3.822620641e+001 +3.822620641e+001 -2.8842e+000 +2.3896e+000 +2.0996e+000
446 +9.802780573e-001 +9.802780573e-001 +3.816027806e+001 +3.816027806e+001 -2.8591e+000 +2.3842e+000 +2.1299e+000
449 +8.203958545e-001 +8.203958545e-001 +3.800039585e+001 +3.800039585e+001 -2.9181e+000 +2.3645e+000 +2.0713e+000
452 +7.008173661e-001 +7.008173661e-001 +3.788081737e+001 +3.788081737e+001 -2.9027e+000 +2.3705e+000 +2.1046e+000
456 +3.453817673e-001 +3.453817673e-001 +3.752538177e+001 +3.752538177e+001 -2.8774e+000 +2.3688e+000 +2.0969e+000
931 +3.260311928e-001 +3.260311928e-001 +3.750603119e+001 +3.750603119e+001 -2.8735e+000 +2.3692e+000 +2.0942e+000
960 +3.064311824e-001 +3.064311824e-001 +3.748643118e+001 +3.748643118e+001 -2.8791e+000 +2.3686e+000 +2.0957e+000
993 +2.864893873e-001 +2.864893873e-001 +3.746648939e+001 +3.746648939e+001 -2.8759e+000 +2.3696e+000 +2.0971e+000
% function evaluation | noise-free fitness - Fopt (-1.479000000000e+002) | best noise-free fitness - Fopt | measured fitness | best measured fitness | x1 | x2...
1 +9.841499065e+001 +9.841499065e+001 -4.948500935e+001 -4.948500935e+001 +2.2529e-001 +3.0127e+000 +3.1303e-001
8 +7.916225042e+001 +7.916225042e+001 -6.873774958e+001 -6.873774958e+001 -2.5593e+000 +1.0686e+000 -1.0473e+000
12 +4.790347926e+001 +4.790347926e+001 -9.999652074e+001 -9.999652074e+001 +1.7707e+000 +3.5502e+000 +4.9914e+000
18 +2.978026210e+001 +2.978026210e+001 -1.181197379e+002 -1.181197379e+002 +9.9601e-002 +1.4273e-001 +1.3503e+000
24 +2.465524257e+001 +2.465524257e+001 -1.232447574e+002 -1.232447574e+002 -2.2704e+000 +2.1902e+000 +1.4084e+000
36 +1.398895732e+001 +1.398895732e+001 -1.339110427e+002 -1.339110427e+002 -2.1663e+000 +9.5931e-001 +1.3420e+000
44 +8.211617137e+000 +8.211617137e+000 -1.396883829e+002 -1.396883829e+002 -2.0393e+000 +7.3633e-001 +2.1787e+000
46 +2.351660092e+000 +2.351660092e+000 -1.455483399e+002 -1.455483399e+002 -1.4722e+000 +6.9024e-001 +2.2756e+000
157 +1.912006403e+000 +1.912006403e+000 -1.459879936e+002 -1.459879936e+002 -1.7056e+000 +6.3697e-001 +1.8066e+000
160 +1.643527777e+000 +1.643527777e+000 -1.462564722e+002 -1.462564722e+002 -1.6944e+000 +2.7615e-001 +1.5620e+000
186 +1.270062478e+000 +1.270062478e+000 -1.466299375e+002 -1.466299375e+002 -1.7751e+000 +4.3991e-001 +1.7246e+000
202 +1.079746231e+000 +1.079746231e+000 -1.468202538e+002 -1.468202538e+002 -1.7278e+000 +4.3899e-001 +1.6623e+000
225 +1.029930880e+000 +1.029930880e+000 -1.468700691e+002 -1.468700691e+002 -1.6406e+000 +4.6559e-001 +1.6850e+000
237 +7.713852473e-001 +7.713852473e-001 -1.471286148e+002 -1.471286148e+002 -1.6555e+000 +4.5484e-001 +1.6881e+000
260 +5.447719888e-001 +5.447719888e-001 -1.473552280e+002 -1.473552280e+002 -1.6975e+000 +4.4335e-001 +1.6322e+000
261 +2.533115142e-001 +2.533115142e-001 -1.476466885e+002 -1.476466885e+002 -1.6899e+000 +4.5548e-001 +1.6648e+000
348 +2.094456831e-001 +2.094456831e-001 -1.476905543e+002 -1.476905543e+002 -1.6895e+000 +4.4824e-001 +1.6533e+000
484 +1.990057605e-001 +1.990057605e-001 -1.477009942e+002 -1.477009942e+002 -1.6860e+000 +4.4890e-001 +1.6538e+000
513 +1.675428921e-001 +1.675428921e-001 -1.477324571e+002 -1.477324571e+002 -1.6865e+000 +4.4848e-001 +1.6528e+000
719 +1.612943173e-001 +1.612943173e-001 -1.477387057e+002 -1.477387057e+002 -1.6865e+000 +4.4844e-001 +1.6528e+000
297075 +1.558998751e-001 +1.558998751e-001 -1.477441001e+002 -1.477441001e+002 -1.6864e+000 +4.4943e-001 +1.6546e+000
297183 +1.525742993e-001 +1.525742993e-001 -1.477474257e+002 -1.477474257e+002 -1.6864e+000 +4.4945e-001 +1.6546e+000
308717 +1.510127403e-001 +1.510127403e-001 -1.477489873e+002 -1.477489873e+002 -1.6864e+000 +4.4945e-001 +1.6546e+000
% function evaluation | noise-free fitness - Fopt (-6.080000000000e+000) | best noise-free fitness - Fopt | measured fitness | best measured fitness | x1 | x2...
1 +1.328957541e+003 +1.328957541e+003 +1.322877541e+003 +1.322877541e+003 -2.4091e+000 +1.4693e+001 +7.4690e+000
3 +7.729011622e+002 +7.729011622e+002 +7.668211622e+002 +7.668211622e+002 -3.4720e+000 +6.0024e-001 +5.6839e+000
4 +2.328092459e+002 +2.328092459e+002 +2.267292459e+002 +2.267292459e+002 -3.5159e+000 +3.2985e+000 +5.4288e+000
5 +8.756227271e+001 +8.756227271e+001 +8.148227271e+001 +8.148227271e+001 -8.1303e-001 +4.4107e+000 -2.0078e+000
18 +7.596519731e+001 +7.596519731e+001 +6.988519731e+001 +6.988519731e+001 -5.9396e-002 +4.1909e+000 +1.3640e+000
21 +5.978846898e+001 +5.978846898e+001 +5.370846898e+001 +5.370846898e+001 +1.1699e-001 +5.6245e+000 +1.0100e+000
32 +5.793550931e+001 +5.793550931e+001 +5.185550931e+001 +5.185550931e+001 -1.0291e-001 +3.6640e+000 +1.3934e+000
45 +3.952499211e+001 +3.952499211e+001 +3.344499211e+001 +3.344499211e+001 +3.9138e+000 +4.1514e+000 +1.9097e+000
63 +3.430391700e+001 +3.430391700e+001 +2.822391700e+001 +2.822391700e+001 +1.2883e+000 +4.2140e+000 +1.0365e+000
70 +2.856978624e+001 +2.856978624e+001 +2.248978624e+001 +2.248978624e+001 +2.8450e+000 +3.7205e+000 -4.1388e+000
98 +2.591085543e+001 +2.591085543e+001 +1.983085543e+001 +1.983085543e+001 +3.8048e+000 +3.8458e+000 -1.8311e+000
106 +2.277081028e+001 +2.277081028e+001 +1.669081028e+001 +1.669081028e+001 +3.3085e+000 +3.6516e+000 -2.8779e+000
131 +1.511028096e+001 +1.511028096e+001 +9.030280963e+000 +9.030280963e+000 +2.4289e+000 +2.5823e+000 -2.8117e+000
140 +1.124223176e+001 +1.124223176e+001 +5.162231759e+000 +5.162231759e+000 +1.1563e+000 +2.8942e+000 -4.3103e+000
152 +5.844007715e+000 +5.844007715e+000 -2.359922847e-001 -2.359922847e-001 +1.5586e+000 +2.3692e+000 -5.0339e+000
210 +4.509617587e+000 +4.509617587e+000 -1.570382413e+000 -1.570382413e+000 +9.2007e-001 +2.2574e+000 -3.1210e+000
214 +4.439973465e+000 +4.439973465e+000 -1.640026535e+000 -1.640026535e+000 +1.8657e+000 +2.5242e+000 -3.7261e+000
225 +3.902952683e+000 +3.902952683e+000 -2.177047317e+000 -2.177047317e+000 +1.3753e+000 +2.3544e+000 -3.7227e+000
226 +2.902458196e+000 +2.902458196e+000 -3.177541804e+000 -3.177541804e+000 +1.5764e+000 +2.3707e+000 -4.1705e+000
275 +2.808178033e+000 +2.808178033e+000 -3.271821967e+000 -3.271821967e+000 +1.7182e+000 +2.4268e+000 -4.4573e+000
295 +2.216108687e+000 +2.216108687e+000 -3.863891313e+000 -3.863891313e+000 +1.6588e+000 +2.3443e+000 -4.5872e+000
361 +1.766179279e+000 +1.766179279e+000 -4.313820721e+000 -4.313820721e+000 +1.4548e+000 +2.3856e+000 -4.2682e+000
410 +1.451471088e+000 +1.451471088e+000 -4.628528912e+000 -4.628528912e+000 +1.7705e+000 +2.4201e+000 -4.6650e+000
476 +1.220024813e+000 +1.220024813e+000 -4.859975187e+000 -4.859975187e+000 +1.5175e+000 +2.3667e+000 -4.1782e+000
581 +9.513026951e-001 +9.513026951e-001 -5.128697305e+000 -5.128697305e+000 +1.7061e+000 +2.4007e+000 -4.5360e+000
610 +8.619302468e-001 +8.619302468e-001 -5.218069753e+000 -5.218069753e+000 +1.7245e+000 +2.4045e+000 -4.6135e+000
685 +8.381338072e-001 +8.381338072e-001 -5.241866193e+000 -5.241866193e+000 +1.7275e+000 +2.4110e+000 -4.5409e+000
787 +7.991162800e-001 +7.991162800e-001 -5.280883720e+000 -5.280883720e+000 +1.7461e+000 +2.4205e+000 -4.5710e+000
804 +7.905890131e-001 +7.905890131e-001 -5.289410987e+000 -5.289410987e+000 +1.7511e+000 +2.4177e+000 -4.5893e+000
819 +7.011876324e-001 +7.011876324e-001 -5.378812368e+000 -5.378812368e+000 +1.7541e+000 +2.4197e+000 -4.5810e+000
832 +6.697625531e-001 +6.697625531e-001 -5.410237447e+000 -5.410237447e+000 +1.7530e+000 +2.4174e+000 -4.5907e+000
839 +6.451801915e-001 +6.451801915e-001 -5.434819809e+000 -5.434819809e+000 +1.7485e+000 +2.4148e+000 -4.5758e+000
851 +5.253240599e-001 +5.253240599e-001 -5.554675940e+000 -5.554675940e+000 +1.7548e+000 +2.4180e+000 -4.5877e+000
888 +5.235165382e-001 +5.235165382e-001 -5.556483462e+000 -5.556483462e+000 +1.7570e+000 +2.4187e+000 -4.5896e+000
917 +5.015572511e-001 +5.015572511e-001 -5.578442749e+000 -5.578442749e+000 +1.7573e+000 +2.4186e+000 -4.5900e+000
975 +4.761564621e-001 +4.761564621e-001 -5.603843538e+000 -5.603843538e+000 +1.7575e+000 +2.4187e+000 -4.5910e+000
1246 +4.665353112e-001 +4.665353112e-001 -5.613464689e+000 -5.613464689e+000 +1.7572e+000 +2.4186e+000 -4.5906e+000
% function evaluation | noise-free fitness - Fopt (2.431100000000e+002) | best noise-free fitness - Fopt | measured fitness | best measured fitness | x1 | x2...
1 +2.278565428e+004 +2.278565428e+004 +2.302876428e+004 +2.302876428e+004 +4.5747e+001 -3.3516e+000 +5.1871e+000
2 +1.659912879e+002 +1.659912879e+002 +4.091012879e+002 +4.091012879e+002 +2.4386e-001 +6.3280e+000 +3.3101e+000
15 +8.477714963e+001 +8.477714963e+001 +3.278871496e+002 +3.278871496e+002 -5.8897e+000 -3.2160e+000 +4.3197e-001
18 +2.993576872e+001 +2.993576872e+001 +2.730457687e+002 +2.730457687e+002 -1.9268e+000 +2.5473e+000 +1.4641e+000
34 +2.940010906e+001 +2.940010906e+001 +2.725101091e+002 +2.725101091e+002 -3.5785e-002 +5.3432e-001 +1.8687e-001
35 +1.965393828e+001 +1.965393828e+001 +2.627639383e+002 +2.627639383e+002 -1.9657e-002 +1.9045e+000 +2.0585e+000
144 +1.609423140e+001 +1.609423140e+001 +2.592042314e+002 +2.592042314e+002 +1.5906e+000 +2.4247e+000 +4.7349e+000
164 +1.049773693e+001 +1.049773693e+001 +2.536077369e+002 +2.536077369e+002 +1.0291e+000 +2.6493e+000 +3.0952e+000
213 +8.518575975e+000 +8.518575975e+000 +2.516285760e+002 +2.516285760e+002 +5.0830e-001 +2.5195e+000 +2.8769e+000
243 +7.511650644e+000 +7.511650644e+000 +2.506216506e+002 +2.506216506e+002 +8.2590e-001 +2.5190e+000 +3.4343e+000
267 +6.684349236e+000 +6.684349236e+000 +2.497943492e+002 +2.497943492e+002 +7.0633e-001 +2.5708e+000 +3.2148e+000
292 +5.747464879e+000 +5.747464879e+000 +2.488574649e+002 +2.488574649e+002 +6.6475e-001 +2.5584e+000 +3.3193e+000
294 +4.818392077e+000 +4.818392077e+000 +2.479283921e+002 +2.479283921e+002 +6.2136e-001 +2.4957e+000 +3.6021e+000
308 +4.272130116e+000 +4.272130116e+000 +2.473821301e+002 +2.473821301e+002 +6.5752e-001 +2.5373e+000 +3.5066e+000
392 +3.952427858e+000 +3.952427858e+000 +2.470624279e+002 +2.470624279e+002 +6.6162e-001 +2.5534e+000 +3.5093e+000
399 +3.654107760e+000 +3.654107760e+000 +2.467641078e+002 +2.467641078e+002 +6.7952e-001 +2.5457e+000 +3.6151e+000
417 +2.470985814e+000 +2.470985814e+000 +2.455809858e+002 +2.455809858e+002 +7.4070e-001 +2.6002e+000 +3.6412e+000
682 +2.401755188e+000 +2.401755188e+000 +2.455117552e+002 +2.455117552e+002 +7.1753e-001 +2.5843e+000 +3.6167e+000
701 +2.387734355e+000 +2.387734355e+000 +2.454977344e+002 +2.454977344e+002 +7.2194e-001 +2.5869e+000 +3.6208e+000
706 +2.217516642e+000 +2.217516642e+000 +2.453275166e+002 +2.453275166e+002 +7.1931e-001 +2.5843e+000 +3.6149e+000
895 +2.137405568e+000 +2.137405568e+000 +2.452474056e+002 +2.452474056e+002 +7.2137e-001 +2.5860e+000 +3.6143e+000
981 +2.076219499e+000 +2.076219499e+000 +2.451862195e+002 +2.451862195e+002 +7.2128e-001 +2.5860e+000 +3.6141e+000
1060 +2.040593104e+000 +2.040593104e+000 +2.451505931e+002 +2.451505931e+002 +7.2135e-001 +2.5861e+000 +3.6143e+000
% function evaluation | noise-free fitness - Fopt (-1.436200000000e+002) | best noise-free fitness - Fopt | measured fitness | best measured fitness | x1 | x2...
1 +5.073730405e+002 +5.073730405e+002 +3.637530405e+002 +3.637530405e+002 +1.6439e+000 +2.0862e+000 -5.5672e+000
2 +6.406027224e+001 +6.406027224e+001 -7.955972776e+001 -7.955972776e+001 +8.8841e-001 +4.3769e+000 +3.6636e-001
43 +5.703414733e+001 +5.703414733e+001 -8.658585267e+001 -8.658585267e+001 +1.3452e+000 +4.6669e+000 +1.1262e+000
63 +4.001964624e+001 +4.001964624e+001 -1.036003538e+002 -1.036003538e+002 +1.0433e+000 +4.5994e+000 +4.7636e-001
140 +3.500153210e+001 +3.500153210e+001 -1.086184679e+002 -1.086184679e+002 +4.1215e-001 +4.7173e+000 +1.4303e+000
150 +1.891085256e+001 +1.891085256e+001 -1.247091474e+002 -1.247091474e+002 +8.8820e-001 +5.1385e+000 +2.7232e+000
186 +1.780415086e+001 +1.780415086e+001 -1.258158491e+002 -1.258158491e+002 +1.9594e-001 +5.1744e+000 +2.2363e+000
209 +1.254045605e+001 +1.254045605e+001 -1.310795439e+002 -1.310795439e+002 -2.5731e-001 +4.7830e+000 +2.1119e+000
233 +2.972011988e+000 +2.972011988e+000 -1.406479880e+002 -1.406479880e+002 -2.0978e+000 +4.5375e+000 +2.1330e+000
335 +2.777570247e+000 +2.777570247e+000 -1.408424298e+002 -1.408424298e+002 -2.0065e+000 +4.7926e+000 +2.5053e+000
346 +1.861315362e+000 +1.861315362e+000 -1.417586846e+002 -1.417586846e+002 -1.9817e+000 +4.8148e+000 +2.4963e+000
361 +1.656641224e+000 +1.656641224e+000 -1.419633588e+002 -1.419633588e+002 -1.9701e+000 +4.8401e+000 +2.5176e+000
402 +1.551964781e+000 +1.551964781e+000 -1.420680352e+002 -1.420680352e+002 -1.8983e+000 +4.8273e+000 +2.5143e+000
443 +1.496492215e+000 +1.496492215e+000 -1.421235078e+002 -1.421235078e+002 -1.8753e+000 +4.8269e+000 +2.5190e+000
699 +1.464643601e+000 +1.464643601e+000 -1.421553564e+002 -1.421553564e+002 -1.8919e+000 +4.8351e+000 +2.5174e+000
733 +1.438629632e+000 +1.438629632e+000 -1.421813704e+002 -1.421813704e+002 -1.8916e+000 +4.8376e+000 +2.5207e+000
1234 +1.411843713e+000 +1.411843713e+000 -1.422081563e+002 -1.422081563e+002 -1.8916e+000 +4.8451e+000 +2.5222e+000
1340 +1.377363384e+000 +1.377363384e+000 -1.422426366e+002 -1.422426366e+002 -1.8888e+000 +4.8468e+000 +2.5253e+000
1653 +1.348515361e+000 +1.348515361e+000 -1.422714846e+002 -1.422714846e+002 -1.8868e+000 +4.8495e+000 +2.5284e+000
1714 +1.317003404e+000 +1.317003404e+000 -1.423029966e+002 -1.423029966e+002 -1.8864e+000 +4.8571e+000 +2.5330e+000
2065 +1.287309832e+000 +1.287309832e+000 -1.423326902e+002 -1.423326902e+002 -1.8837e+000 +4.8594e+000 +2.5359e+000
2281 +1.258070743e+000 +1.258070743e+000 -1.423619293e+002 -1.423619293e+002 -1.8812e+000 +4.8631e+000 +2.5404e+000
2608 +1.229218222e+000 +1.229218222e+000 -1.423907818e+002 -1.423907818e+002 -1.8789e+000 +4.8692e+000 +2.5455e+000
2922 +1.199156930e+000 +1.199156930e+000 -1.424208431e+002 -1.424208431e+002 -1.8756e+000 +4.8764e+000 +2.5527e+000
3474 +1.172396722e+000 +1.172396722e+000 -1.424476033e+002 -1.424476033e+002 -1.8727e+000 +4.8870e+000 +2.5649e+000
% function evaluation | noise-free fitness - Fopt (4.290000000000e+001) | best noise-free fitness - Fopt | measured fitness | best measured fitness | x1 | x2...
1 +8.568604635e+002 +8.568604635e+002 +8.997604635e+002 +8.997604635e+002 -9.0224e+000 +5.0409e+000 +5.1389e+000
2 +6.293085076e+001 +6.293085076e+001 +1.058308508e+002 +1.058308508e+002 -3.4304e+000 +4.9300e+000 +2.9524e+000
4 +2.621740028e+001 +2.621740028e+001 +6.911740028e+001 +6.911740028e+001 +1.9262e+000 +4.5079e-001 +2.3149e+000
30 +2.179740815e+001 +2.179740815e+001 +6.469740815e+001 +6.469740815e+001 -5.5471e-001 +6.3035e-001 +2.6304e+000
94 +1.535107382e+001 +1.535107382e+001 +5.825107382e+001 +5.825107382e+001 +6.9195e-001 +1.7813e+000 +4.5806e+000
106 +2.178000162e+000 +2.178000162e+000 +4.507800016e+001 +4.507800016e+001 +5.8066e-002 +1.6504e+000 +3.9031e+000
272 +1.072604333e+000 +1.072604333e+000 +4.397260433e+001 +4.397260433e+001 +9.1554e-002 +2.6516e-001 +2.7564e+000
374 +1.031589855e+000 +1.031589855e+000 +4.393158985e+001 +4.393158985e+001 +2.0895e-001 +2.5688e-001 +2.9992e+000
389 +5.219478699e-001 +5.219478699e-001 +4.342194787e+001 +4.342194787e+001 +1.8663e-001 +1.1300e-001 +2.8737e+000
442 +4.158537209e-001 +4.158537209e-001 +4.331585372e+001 +4.331585372e+001 +1.6835e-001 +6.6408e-002 +2.7757e+000
443 +3.876522567e-001 +3.876522567e-001 +4.328765226e+001 +4.328765226e+001 +1.8071e-001 +5.5908e-002 +2.8275e+000
486 +3.504423669e-001 +3.504423669e-001 +4.325044237e+001 +4.325044237e+001 +1.9879e-001 +1.8965e-001 +2.8674e+000
567 +3.255967345e-001 +3.255967345e-001 +4.322559673e+001 +4.322559673e+001 +1.8391e-001 +1.1395e-001 +2.8238e+000
587 +1.984951640e-001 +1.984951640e-001 +4.309849516e+001 +4.309849516e+001 +1.6003e-001 +1.2637e-001 +2.8192e+000
601 +1.883198459e-001 +1.883198459e-001 +4.308831985e+001 +4.308831985e+001 +1.7958e-001 +1.3719e-001 +2.8482e+000
634 +1.354461050e-001 +1.354461050e-001 +4.303544610e+001 +4.303544610e+001 +1.6383e-001 +1.6809e-001 +2.8325e+000
684 +5.439955786e-002 +5.439955786e-002 +4.295439956e+001 +4.295439956e+001 +1.6564e-001 +1.8028e-001 +2.8506e+000
693 +4.723407704e-002 +4.723407704e-002 +4.294723408e+001 +4.294723408e+001 +1.6453e-001 +1.6695e-001 +2.8427e+000
731 +4.103949406e-002 +4.103949406e-002 +4.294103949e+001 +4.294103949e+001 +1.6592e-001 +1.8444e-001 +2.8476e+000
749 +3.531284365e-002 +3.531284365e-002 +4.293531284e+001 +4.293531284e+001 +1.6688e-001 +1.8160e-001 +2.8515e+000
774 +1.321904526e-002 +1.321904526e-002 +4.291321905e+001 +4.291321905e+001 +1.6983e-001 +1.9578e-001 +2.8621e+000
827 +7.779746482e-003 +7.779746482e-003 +4.290777975e+001 +4.290777975e+001 +1.7013e-001 +1.9734e-001 +2.8644e+000
1053 +7.071482193e-003 +7.071482193e-003 +4.290707148e+001 +4.290707148e+001 +1.7010e-001 +2.0211e-001 +2.8681e+000
1067 +5.229321274e-003 +5.229321274e-003 +4.290522932e+001 +4.290522932e+001 +1.7019e-001 +2.0215e-001 +2.8679e+000
1220 +4.716308697e-003 +4.716308697e-003 +4.290471631e+001 +4.290471631e+001 +1.7020e-001 +2.0155e-001 +2.8677e+000
1233 +3.839803048e-003 +3.839803048e-003 +4.290383980e+001 +4.290383980e+001 +1.7019e-001 +2.0161e-001 +2.8676e+000
1234 +3.551323722e-003 +3.551323722e-003 +4.290355132e+001 +4.290355132e+001 +1.7021e-001 +2.0174e-001 +2.8680e+000
1253 +2.729789760e-003 +2.729789760e-003 +4.290272979e+001 +4.290272979e+001 +1.7019e-001 +2.0171e-001 +2.8678e+000
1384 +2.606032475e-003 +2.606032475e-003 +4.290260603e+001 +4.290260603e+001 +1.7020e-001 +2.0191e-001 +2.8680e+000
1502 +2.170807939e-003 +2.170807939e-003 +4.290217081e+001 +4.290217081e+001 +1.7020e-001 +2.0205e-001 +2.8682e+000
1635 +2.137080730e-003 +2.137080730e-003 +4.290213708e+001 +4.290213708e+001 +1.7020e-001 +2.0199e-001 +2.8681e+000
% function evaluation | noise-free fitness - Fopt (6.286500000000e+002) | best noise-free fitness - Fopt | measured fitness | best measured fitness | x1 | x2...
1 +3.105928670e+002 +3.105928670e+002 +9.392428670e+002 +9.392428670e+002 -4.5697e+000 +2.4503e+000 -7.5763e+000
2 +4.292123962e+001 +4.292123962e+001 +6.715712396e+002 +6.715712396e+002 -4.0243e+000 -8.5382e-001 -4.0184e+000
3 +2.490825130e+001 +2.490825130e+001 +6.535582513e+002 +6.535582513e+002 -4.9620e+000 +1.2312e+000 -3.8354e+000
18 +1.644250896e+001 +1.644250896e+001 +6.450925090e+002 +6.450925090e+002 -4.4911e+000 +1.0631e+000 -1.8336e+000
25 +7.031161508e+000 +7.031161508e+000 +6.356811615e+002 +6.356811615e+002 -4.3406e+000 +2.0121e+000 -2.4549e+000
60 +2.976876477e+000 +2.976876477e+000 +6.316268765e+002 +6.316268765e+002 -3.0565e+000 +1.0071e+000 -2.2529e+000
78 +1.776033047e+000 +1.776033047e+000 +6.304260330e+002 +6.304260330e+002 -3.3070e+000 +1.0602e+000 -2.6283e+000
117 +6.672821548e-001 +6.672821548e-001 +6.293172822e+002 +6.293172822e+002 -3.1268e+000 +9.6860e-001 -2.6210e+000
199 +6.050986949e-001 +6.050986949e-001 +6.292550987e+002 +6.292550987e+002 -3.0356e+000 +8.3371e-001 -2.6531e+000
220 +3.317617960e-001 +3.317617960e-001 +6.289817618e+002 +6.289817618e+002 -2.9767e+000 +7.9399e-001 -2.6354e+000
230 +3.170587730e-001 +3.170587730e-001 +6.289670588e+002 +6.289670588e+002 -2.9588e+000 +7.8523e-001 -2.6367e+000
287 +2.841768866e-001 +2.841768866e-001 +6.289341769e+002 +6.289341769e+002 -2.9700e+000 +7.8560e-001 -2.6465e+000
326 +2.469989408e-001 +2.469989408e-001 +6.288969989e+002 +6.288969989e+002 -2.9795e+000 +7.7999e-001 -2.6611e+000
384 +2.218517405e-001 +2.218517405e-001 +6.288718517e+002 +6.288718517e+002 -2.9790e+000 +7.7770e-001 -2.6608e+000
398 +2.182733541e-001 +2.182733541e-001 +6.288682734e+002 +6.288682734e+002 -2.9781e+000 +7.7521e-001 -2.6621e+000
401 +2.095789223e-001 +2.095789223e-001 +6.288595789e+002 +6.288595789e+002 -2.9786e+000 +7.7690e-001 -2.6614e+000
408 +2.016428107e-001 +2.016428107e-001 +6.288516428e+002 +6.288516428e+002 -2.9784e+000 +7.7665e-001 -2.6616e+000
449 +1.909954041e-001 +1.909954041e-001 +6.288409954e+002 +6.288409954e+002 -2.9781e+000 +7.7622e-001 -2.6615e+000
533 +1.882163667e-001 +1.882163667e-001 +6.288382164e+002 +6.288382164e+002 -2.9787e+000 +7.7670e-001 -2.6616e+000
780 +1.850668639e-001 +1.850668639e-001 +6.288350669e+002 +6.288350669e+002 -2.9792e+000 +7.7705e-001 -2.6617e+000
8927 +1.819612129e-001 +1.819612129e-001 +6.288319612e+002 +6.288319612e+002 -2.9798e+000 +7.7769e-001 -2.6617e+000
73202 +1.734312883e-001 +1.734312883e-001 +6.288234313e+002 +6.288234313e+002 -2.9801e+000 +7.7810e-001 -2.6615e+000
133589 +1.685166471e-001 +1.685166471e-001 +6.288185166e+002 +6.288185166e+002 -2.9803e+000 +7.7837e-001 -2.6615e+000
% function evaluation | noise-free fitness - Fopt (-7.163000000000e+001) | best noise-free fitness - Fopt | measured fitness | best measured fitness | x1 | x2...
1 +1.715553608e+003 +1.715553608e+003 +1.643923608e+003 +1.643923608e+003 -4.4739e-001 +9.2825e-001 +1.0084e+001
2 +2.232243109e+001 +2.232243109e+001 -4.930756891e+001 -4.930756891e+001 +5.6911e-001 -3.8542e+000 +4.1545e+000
10 +2.087847690e+001 +2.087847690e+001 -5.075152310e+001 -5.075152310e+001 +1.9094e+000 -3.4106e+000 +3.1158e+000
13 +1.163191320e+001 +1.163191320e+001 -5.999808680e+001 -5.999808680e+001 +8.3850e-001 -3.9357e+000 -8.3958e-002
24 +5.862312588e+000 +5.862312588e+000 -6.576768741e+001 -6.576768741e+001 +1.1663e+000 -4.0990e+000 +2.2702e+000
73 +4.084643135e+000 +4.084643135e+000 -6.754535687e+001 -6.754535687e+001 +1.3400e+000 -3.7067e+000 +2.0935e+000
89 +2.474544312e+000 +2.474544312e+000 -6.915545569e+001 -6.915545569e+001 +1.5158e+000 -3.8725e+000 +2.3382e+000
156 +9.581511167e-001 +9.581511167e-001 -7.067184888e+001 -7.067184888e+001 +1.3762e+000 -4.3507e+000 +2.7414e+000
236 +8.153577073e-001 +8.153577073e-001 -7.081464229e+001 -7.081464229e+001 +1.5899e+000 -4.0154e+000 +2.6035e+000
360 +7.499484520e-001 +7.499484520e-001 -7.088005155e+001 -7.088005155e+001 +1.4795e+000 -4.1702e+000 +2.6305e+000
365 +5.679040835e-001 +5.679040835e-001 -7.106209592e+001 -7.106209592e+001 +1.4831e+000 -4.1389e+000 +2.6222e+000
797 +5.233876006e-001 +5.233876006e-001 -7.110661240e+001 -7.110661240e+001 +1.5217e+000 -4.1070e+000 +2.6305e+000
838 +4.535665429e-001 +4.535665429e-001 -7.117643346e+001 -7.117643346e+001 +1.5103e+000 -4.1208e+000 +2.6296e+000
% function evaluation | noise-free fitness - Fopt (1.976000000000e+001) | best noise-free fitness - Fopt | measured fitness | best measured fitness | x1 | x2...
1 +3.980681046e+002 +3.980681046e+002 +4.178281046e+002 +4.178281046e+002 -7.5889e+000 -2.6136e+000 -7.2956e-001
2 +1.289155753e+002 +1.289155753e+002 +1.486755753e+002 +1.486755753e+002 +2.5571e-001 +1.8721e-001 -1.6348e-001
3 +4.438115931e+001 +4.438115931e+001 +6.414115931e+001 +6.414115931e+001 +1.2936e+000 +3.6022e-001 -6.3833e+000
14 +2.143846610e+001 +2.143846610e+001 +4.119846610e+001 +4.119846610e+001 +3.0372e+000 +7.4597e-001 -2.1540e+000
57 +4.676958081e+000 +4.676958081e+000 +2.443695808e+001 +2.443695808e+001 +2.7157e+000 +1.4097e+000 -3.5276e+000
116 +3.499904370e+000 +3.499904370e+000 +2.325990437e+001 +2.325990437e+001 +2.4204e+000 +1.7996e+000 -2.8205e+000
146 +2.390201347e+000 +2.390201347e+000 +2.215020135e+001 +2.215020135e+001 +2.5776e+000 +1.5154e+000 -3.5305e+000
164 +1.163380131e+000 +1.163380131e+000 +2.092338013e+001 +2.092338013e+001 +2.3983e+000 +1.7928e+000 -3.0660e+000
183 +1.074535261e+000 +1.074535261e+000 +2.083453526e+001 +2.083453526e+001 +2.2708e+000 +1.9611e+000 -3.1084e+000
194 +1.029996242e+000 +1.029996242e+000 +2.078999624e+001 +2.078999624e+001 +2.2755e+000 +1.9496e+000 -3.1103e+000
232 +8.359371293e-001 +8.359371293e-001 +2.059593713e+001 +2.059593713e+001 +2.3095e+000 +1.9089e+000 -3.1403e+000
236 +6.642731603e-001 +6.642731603e-001 +2.042427316e+001 +2.042427316e+001 +2.3498e+000 +1.9027e+000 -3.0667e+000
241 +5.860255464e-001 +5.860255464e-001 +2.034602555e+001 +2.034602555e+001 +2.3676e+000 +1.8923e+000 -3.0906e+000
260 +5.049362674e-001 +5.049362674e-001 +2.026493627e+001 +2.026493627e+001 +2.3662e+000 +1.8940e+000 -3.1008e+000
267 +3.815548906e-001 +3.815548906e-001 +2.014155489e+001 +2.014155489e+001 +2.3485e+000 +1.8998e+000 -3.0935e+000
339 +3.781573369e-001 +3.781573369e-001 +2.013815734e+001 +2.013815734e+001 +2.3493e+000 +1.8988e+000 -3.0935e+000
857 +3.715033759e-001 +3.715033759e-001 +2.013150338e+001 +2.013150338e+001 +2.3487e+000 +1.9007e+000 -3.0925e+000
% function evaluation | noise-free fitness - Fopt (6.100000000000e-001) | best noise-free fitness - Fopt | measured fitness | best measured fitness | x1 | x2...
1 +3.764183191e+002 +3.764183191e+002 +3.770283191e+002 +3.770283191e+002 +5.1103e+000 +6.5405e+000 +1.8265e+000
2 +1.968044258e+002 +1.968044258e+002 +1.974144258e+002 +1.974144258e+002 +4.2910e+000 +5.0767e+000 +7.1935e-002
4 +7.524658437e+001 +7.524658437e+001 +7.585658437e+001 +7.585658437e+001 +5.5062e+000 +1.9281e+000 -1.3633e+000
12 +4.223819192e+001 +4.223819192e+001 +4.284819192e+001 +4.284819192e+001 +1.1277e+000 +4.5113e+000 -1.3411e+000
65 +3.707053937e+001 +3.707053937e+001 +3.768053937e+001 +3.768053937e+001 -7.0835e-001 +5.5952e+000 -5.1446e+000
70 +1.366462362e+001 +1.366462362e+001 +1.427462362e+001 +1.427462362e+001 +1.8159e+000 +1.9069e+000 -3.0422e+000
75 +1.224497168e+001 +1.224497168e+001 +1.285497168e+001 +1.285497168e+001 -6.6308e-001 +3.4098e+000 -5.6793e+000
84 +1.038553553e+001 +1.038553553e+001 +1.099553553e+001 +1.099553553e+001 +3.3661e-001 +3.1900e+000 -4.4892e+000
103 +7.649803432e+000 +7.649803432e+000 +8.259803432e+000 +8.259803432e+000 -2.6683e-001 +2.6914e+000 -4.2074e+000
111 +3.641298369e+000 +3.641298369e+000 +4.251298369e+000 +4.251298369e+000 -8.6729e-003 +2.7922e+000 -4.9432e+000
131 +2.179933539e+000 +2.179933539e+000 +2.789933539e+000 +2.789933539e+000 +2.9602e-001 +2.8177e+000 -4.1363e+000
248 +1.903989819e+000 +1.903989819e+000 +2.513989819e+000 +2.513989819e+000 +4.7568e-001 +2.6268e+000 -4.0202e+000
260 +1.622499393e+000 +1.622499393e+000 +2.232499393e+000 +2.232499393e+000 +4.8294e-001 +2.6178e+000 -3.8794e+000
275 +1.285175941e+000 +1.285175941e+000 +1.895175941e+000 +1.895175941e+000 +5.2785e-001 +2.3641e+000 -3.9964e+000
353 +1.190003831e+000 +1.190003831e+000 +1.800003831e+000 +1.800003831e+000 +5.6714e-001 +2.4604e+000 -3.8854e+000
354 +9.022308661e-001 +9.022308661e-001 +1.512230866e+000 +1.512230866e+000 +5.5075e-001 +2.4748e+000 -3.8613e+000
363 +6.325277485e-001 +6.325277485e-001 +1.242527749e+000 +1.242527749e+000 +5.5798e-001 +2.4580e+000 -3.8787e+000
385 +5.202931008e-001 +5.202931008e-001 +1.130293101e+000 +1.130293101e+000 +5.5483e-001 +2.4647e+000 -3.8840e+000
417 +4.568309644e-001 +4.568309644e-001 +1.066830964e+000 +1.066830964e+000 +5.5364e-001 +2.4571e+000 -3.8896e+000
434 +4.136907161e-001 +4.136907161e-001 +1.023690716e+000 +1.023690716e+000 +5.5675e-001 +2.4578e+000 -3.8854e+000
456 +3.834862800e-001 +3.834862800e-001 +9.934862800e-001 +9.934862800e-001 +5.5972e-001 +2.4577e+000 -3.8812e+000
513 +3.702671124e-001 +3.702671124e-001 +9.802671124e-001 +9.802671124e-001 +5.5852e-001 +2.4582e+000 -3.8826e+000
558 +3.551505927e-001 +3.551505927e-001 +9.651505927e-001 +9.651505927e-001 +5.5838e-001 +2.4587e+000 -3.8824e+000
569 +3.395981623e-001 +3.395981623e-001 +9.495981623e-001 +9.495981623e-001 +5.5837e-001 +2.4581e+000 -3.8825e+000
617 +3.324540032e-001 +3.324540032e-001 +9.424540032e-001 +9.424540032e-001 +5.5834e-001 +2.4581e+000 -3.8825e+000
729 +3.236544079e-001 +3.236544079e-001 +9.336544079e-001 +9.336544079e-001 +5.5837e-001 +2.4581e+000 -3.8825e+000
747 +3.230798005e-001 +3.230798005e-001 +9.330798005e-001 +9.330798005e-001 +5.5836e-001 +2.4581e+000 -3.8825e+000
208525 +3.161257981e-001 +3.161257981e-001 +9.261257981e-001 +9.261257981e-001 +5.5857e-001 +2.4579e+000 -3.8822e+000
% function evaluation | noise-free fitness - Fopt (-8.634400000000e+002) | best noise-free fitness - Fopt | measured fitness | best measured fitness | x1 | x2...
1 +7.522778721e+001 +7.522778721e+001 -7.882122128e+002 -7.882122128e+002 -3.9349e+000 +7.7287e-001 -9.4534e-001
21 +6.285205282e+001 +6.285205282e+001 -8.005879472e+002 -8.005879472e+002 -3.2080e+000 -1.1421e+000 -1.5164e+000
28 +5.902749616e+001 +5.902749616e+001 -8.044125038e+002 -8.044125038e+002 +4.7592e-002 -2.3453e+000 +1.8041e-001
31 +4.232921747e+001 +4.232921747e+001 -8.211107825e+002 -8.211107825e+002 -8.3034e-001 -2.4248e+000 +2.8219e-001
42 +3.917864063e+001 +3.917864063e+001 -8.242613594e+002 -8.242613594e+002 -1.2069e+000 +1.7586e+000 -6.1796e-001
46 +3.162429077e+001 +3.162429077e+001 -8.318157092e+002 -8.318157092e+002 -2.1028e-001 -3.6832e-001 -2.2725e-001
58 +2.720231235e+001 +2.720231235e+001 -8.362376876e+002 -8.362376876e+002 -8.5522e-001 -1.6223e+000 +3.7419e-001
64 +1.951526026e+001 +1.951526026e+001 -8.439247397e+002 -8.439247397e+002 +9.2049e-001 +2.5100e-001 +5.4269e-001
66 +1.527481461e+001 +1.527481461e+001 -8.481651854e+002 -8.481651854e+002 +8.6368e-002 -5.6799e-001 +5.3238e-001
118 +1.139445037e+001 +1.139445037e+001 -8.520455496e+002 -8.520455496e+002 +9.6226e-001 +1.9142e-001 +8.7824e-001
130 +1.089242560e+001 +1.089242560e+001 -8.525475744e+002 -8.525475744e+002 -4.0936e-002 -2.9605e-001 +6.8710e-001
150 +6.494357966e+000 +6.494357966e+000 -8.569456420e+002 -8.569456420e+002 -1.0138e+000 -6.1119e-001 +1.1865e+000
197 +3.789890985e+000 +3.789890985e+000 -8.596501090e+002 -8.596501090e+002 -1.3017e+000 -1.2605e+000 +1.5197e+000
316 +3.666956394e+000 +3.666956394e+000 -8.597730436e+002 -8.597730436e+002 -3.7142e+000 -2.5689e+000 +1.8200e+000
320 +2.684340042e+000 +2.684340042e+000 -8.607556600e+002 -8.607556600e+002 -3.4750e+000 -2.5486e+000 +1.9821e+000
337 +1.468592570e+000 +1.468592570e+000 -8.619714074e+002 -8.619714074e+002 -3.4143e+000 -2.7298e+000 +2.1249e+000
361 +7.191087067e-001 +7.191087067e-001 -8.627208913e+002 -8.627208913e+002 -3.3971e+000 -2.6532e+000 +2.0975e+000
379 +3.781355964e-001 +3.781355964e-001 -8.630618644e+002 -8.630618644e+002 -3.4489e+000 -2.5832e+000 +2.0512e+000
465 +2.529158575e-001 +2.529158575e-001 -8.631870841e+002 -8.631870841e+002 -3.3846e+000 -2.5802e+000 +2.0543e+000
534 +2.173169425e-001 +2.173169425e-001 -8.632226831e+002 -8.632226831e+002 -3.3817e+000 -2.5871e+000 +2.0565e+000
% function evaluation | noise-free fitness - Fopt (1.318500000000e+002) | best noise-free fitness - Fopt | measured fitness | best measured fitness | x1 | x2...
1 +2.083716262e+002 +2.083716262e+002 +3.402216262e+002 +3.402216262e+002 +6.3549e+000 +2.5570e+000 -1.5456e+000
2 +2.987862337e+001 +2.987862337e+001 +1.617286234e+002 +1.617286234e+002 +3.9173e-001 -3.9969e+000 -7.0462e-001
12 +2.435886359e+001 +2.435886359e+001 +1.562088636e+002 +1.562088636e+002 +1.8141e+000 -3.0211e-001 -1.6231e+000
44 +2.067279869e+001 +2.067279869e+001 +1.525227987e+002 +1.525227987e+002 -7.9250e-001 +1.8494e+000 +3.1538e+000
48 +9.600116439e+000 +9.600116439e+000 +1.414501164e+002 +1.414501164e+002 +1.8062e-001 -7.6462e-001 +1.9293e+000
85 +5.036502261e+000 +5.036502261e+000 +1.368865023e+002 +1.368865023e+002 -1.6410e-001 -7.0058e-001 +1.9137e+000
112 +4.882464232e+000 +4.882464232e+000 +1.367324642e+002 +1.367324642e+002 -5.9376e-002 -7.9521e-001 +1.3000e+000
121 +4.478497702e+000 +4.478497702e+000 +1.363284977e+002 +1.363284977e+002 +7.9561e-002 -2.9136e+000 +1.3999e+000
126 +3.650715329e+000 +3.650715329e+000 +1.355007153e+002 +1.355007153e+002 -8.5201e-002 -7.9005e-001 +1.3694e+000
154 +2.722946366e+000 +2.722946366e+000 +1.345729464e+002 +1.345729464e+002 -1.6634e-001 -1.3937e+000 +1.5781e+000
182 +2.492791815e+000 +2.492791815e+000 +1.343427918e+002 +1.343427918e+002 -1.3226e-001 -1.0277e+000 +1.4136e+000
184 +2.215310434e+000 +2.215310434e+000 +1.340653104e+002 +1.340653104e+002 -1.5391e-001 -7.7248e-001 +1.3803e+000
200 +2.005772678e+000 +2.005772678e+000 +1.338557727e+002 +1.338557727e+002 -1.4155e-001 -1.7714e+000 +1.5861e+000
206 +1.738115769e+000 +1.738115769e+000 +1.335881158e+002 +1.335881158e+002 -1.7058e-001 -1.5476e+000 +1.5904e+000
225 +1.449995553e+000 +1.449995553e+000 +1.332999956e+002 +1.332999956e+002 -1.6663e-001 -1.5455e+000 +1.5289e+000
227 +9.197317485e-001 +9.197317485e-001 +1.327697317e+002 +1.327697317e+002 -1.5278e-001 -8.4255e-001 +1.6318e+000
250 +9.054125517e-001 +9.054125517e-001 +1.327554126e+002 +1.327554126e+002 -1.9172e-001 -8.9036e-001 +1.6888e+000
268 +7.884976636e-001 +7.884976636e-001 +1.326384977e+002 +1.326384977e+002 -1.9097e-001 -7.1107e-001 +1.7055e+000
272 +7.522893697e-001 +7.522893697e-001 +1.326022894e+002 +1.326022894e+002 -1.6499e-001 -6.2004e-001 +1.6736e+000
295 +4.374868243e-001 +4.374868243e-001 +1.322874868e+002 +1.322874868e+002 -1.7660e-001 -6.7010e-001 +1.6865e+000
377 +4.354284382e-001 +4.354284382e-001 +1.322854284e+002 +1.322854284e+002 -1.8319e-001 -6.4517e-001 +1.6967e+000
384 +3.108270321e-001 +3.108270321e-001 +1.321608270e+002 +1.321608270e+002 -1.8243e-001 -6.4837e-001 +1.6961e+000
385 +3.070560298e-001 +3.070560298e-001 +1.321570560e+002 +1.321570560e+002 -1.8347e-001 -6.3946e-001 +1.7014e+000
402 +2.839023022e-001 +2.839023022e-001 +1.321339023e+002 +1.321339023e+002 -1.8203e-001 -6.3276e-001 +1.7052e+000
442 +2.783656356e-001 +2.783656356e-001 +1.321283656e+002 +1.321283656e+002 -1.8113e-001 -6.2947e-001 +1.7033e+000
445 +2.486353538e-001 +2.486353538e-001 +1.320986354e+002 +1.320986354e+002 -1.7977e-001 -6.2839e-001 +1.7007e+000
625 +2.337816184e-001 +2.337816184e-001 +1.320837816e+002 +1.320837816e+002 -1.8107e-001 -6.3538e-001 +1.7010e+000
703 +2.225936375e-001 +2.225936375e-001 +1.320725936e+002 +1.320725936e+002 -1.8113e-001 -6.3920e-001 +1.7003e+000
