% function evaluation | noise-free fitness - Fopt (9.294000000000e+001) | best noise-free fitness - Fopt | measured fitness | best measured fitness | x1 | x2...
1 +2.554017979e+003 +2.554017979e+003 +2.646957979e+003 +2.646957979e+003 +4.8487e-001 +3.6600e+000 -2.0901e+000 -9.1932e+000 +2.7151e+000
2 +1.912311413e+002 +1.912311413e+002 +2.841711413e+002 +2.841711413e+002 +8.7204e-001 +3.4302e-001 -4.5741e-001 -1.2143e+000 +1.3520e+000
14 +1.277933150e+002 +1.277933150e+002 +2.207333150e+002 +2.207333150e+002 -3.0168e+000 +1.2600e-002 -5.7211e+000 -5.3533e+000 +4.3683e-001
27 +1.061038118e+002 +1.061038118e+002 +1.990438118e+002 +1.990438118e+002 -2.4040e+000 +7.4842e+000 -1.9984e+000 -1.5429e+000 -1.4832e+000
33 +5.343915340e+001 +5.343915340e+001 +1.463791534e+002 +1.463791534e+002 +5.5315e-001 +2.2279e+000 -2.3172e+000 -2.9587e+000 -4.1979e+000
62 +3.040726380e+001 +3.040726380e+001 +1.233472638e+002 +1.233472638e+002 -2.0617e+000 +2.6913e+000 -2.9947e+000 -4.9308e+000 -2.9622e+000
101 +2.839719146e+001 +2.839719146e+001 +1.213371915e+002 +1.213371915e+002 -2.1313e+000 +2.5433e+000 -3.0438e+000 -4.3754e+000 -2.7422e+000
427 +2.552995794e+001 +2.552995794e+001 +1.184699579e+002 +1.184699579e+002 -2.2040e+000 +2.6325e+000 -3.1550e+000 -4.1706e+000 -2.4948e+000
527 +2.366211270e+001 +2.366211270e+001 +1.166021127e+002 +1.166021127e+002 -2.0483e+000 +1.9225e+000 -2.8927e+000 -4.2665e+000 -2.2955e+000
554 +2.216058053e+001 +2.216058053e+001 +1.151005805e+002 +1.151005805e+002 -2.3333e+000 +1.9858e+000 -2.6652e+000 -4.2099e+000 -2.3187e+000
1357 +2.028252062e+001 +2.028252062e+001 +1.132225206e+002 +1.132225206e+002 -1.6267e+000 +1.2584e+000 -2.4214e+000 -4.3942e+000 -2.6058e+000
1936 +1.950396283e+001 +1.950396283e+001 +1.124439628e+002 +1.124439628e+002 -1.6131e+000 +2.3271e+000 -2.3695e+000 -3.7373e+000 -2.3003e+000
1959 +1.872938064e+001 +1.872938064e+001 +1.116693806e+002 +1.116693806e+002 -1.4599e+000 +1.9179e+000 -2.5170e+000 -3.6370e+000 -2.3295e+000
2131 +1.678612923e+001 +1.678612923e+001 +1.097261292e+002 +1.097261292e+002 -1.3215e+000 +1.7488e+000 -2.0029e+000 -3.4858e+000 -2.3756e+000
2142 +1.600133237e+001 +1.600133237e+001 +1.089413324e+002 +1.089413324e+002 -1.2682e+000 +1.6289e+000 -1.8460e+000 -3.3904e+000 -2.3333e+000
2151 +1.500319299e+001 +1.500319299e+001 +1.079431930e+002 +1.079431930e+002 -1.1714e+000 +1.4661e+000 -1.8930e+000 -3.4838e+000 -2.0294e+000
2254 +1.390955923e+001 +1.390955923e+001 +1.068495592e+002 +1.068495592e+002 -8.6157e-001 +7.6538e-001 -1.9769e+000 -3.2239e+000 -2.0587e+000
4423 +1.342207958e+001 +1.342207958e+001 +1.063620796e+002 +1.063620796e+002 -1.1110e+000 +2.0370e+000 -1.6858e+000 -2.2717e+000 -1.8165e+000
4435 +1.115610429e+001 +1.115610429e+001 +1.040961043e+002 +1.040961043e+002 -8.4815e-001 +1.0645e+000 -1.7364e+000 -2.2917e+000 -1.7659e+000
4477 +9.953008212e+000 +9.953008212e+000 +1.028930082e+002 +1.028930082e+002 -1.0494e+000 +1.0589e+000 -1.5568e+000 -1.9500e+000 -1.2705e+000
4621 +8.774513732e+000 +8.774513732e+000 +1.017145137e+002 +1.017145137e+002 -8.1941e-001 +1.3690e+000 -1.6294e+000 -1.4558e+000 -1.2619e+000
4967 +7.770744493e+000 +7.770744493e+000 +1.007107445e+002 +1.007107445e+002 -4.6980e-001 +1.1151e+000 -1.4734e+000 -1.3291e+000 -9.1553e-001
5461 +7.163978986e+000 +7.163978986e+000 +1.001039790e+002 +1.001039790e+002 -7.4565e-001 +1.3283e+000 -1.1844e+000 -1.3145e+000 -1.0599e+000
7255 +6.906452250e+000 +6.906452250e+000 +9.984645225e+001 +9.984645225e+001 -4.5856e-001 +1.5416e+000 -1.0278e+000 -2.2456e-001 -1.0249e+000
7419 +4.750890917e+000 +4.750890917e+000 +9.769089092e+001 +9.769089092e+001 -5.2597e-001 +1.4155e+000 -1.0455e+000 -1.0621e-001 -3.4891e-001
9392 +3.768881571e+000 +3.768881571e+000 +9.670888157e+001 +9.670888157e+001 -4.2465e-001 +9.1832e-001 -8.5058e-001 -3.7626e-001 -5.8718e-001
15812 +2.919736551e+000 +2.919736551e+000 +9.585973655e+001 +9.585973655e+001 -2.8023e-001 +1.2315e+000 -5.3379e-001 +5.6200e-001 +6.3177e-001
26680 +1.833652432e+000 +1.833652432e+000 +9.477365243e+001 +9.477365243e+001 -2.4791e-001 +8.1649e-001 -5.9349e-001 +7.1239e-001 +6.2136e-001
37077 +7.312869912e-001 +7.312869912e-001 +9.367128699e+001 +9.367128699e+001 -5.7205e-001 +8.3374e-001 -3.0712e-001 +1.6976e+000 +1.3366e+000
131765 +5.446768407e-001 +5.446768407e-001 +9.348467684e+001 +9.348467684e+001 -2.5915e-001 +5.0365e-001 -1.9075e-001 +1.7582e+000 +1.3077e+000
137568 +4.739787610e-001 +4.739787610e-001 +9.341397876e+001 +9.341397876e+001 -2.8323e-001 +5.4993e-001 -1.7963e-002 +1.9563e+000 +1.4212e+000
138104 +4.584131079e-001 +4.584131079e-001 +9.339841311e+001 +9.339841311e+001 -3.8900e-001 +5.4952e-001 -9.3519e-002 +1.9088e+000 +1.5498e+000
789878 +2.964038779e-001 +2.964038779e-001 +9.323640388e+001 +9.323640388e+001 -3.5792e-001 +7.8023e-001 +3.3962e-002 +2.6465e+000 +2.0456e+000
798143 +1.848422886e-001 +1.848422886e-001 +9.312484229e+001 +9.312484229e+001 -3.2872e-001 +7.7964e-001 +3.8832e-002 +2.6372e+000 +2.0518e+000
799906 +1.712632421e-001 +1.712632421e-001 +9.311126324e+001 +9.311126324e+001 -3.2970e-001 +8.1602e-001 +4.7519e-002 +2.6261e+000 +2.0484e+000
801508 +1.576759396e-001 +1.576759396e-001 +9.309767594e+001 +9.309767594e+001 -3.4740e-001 +8.0878e-001 +4.1952e-002 +2.6017e+000 +2.1337e+000
801625 +1.455603651e-001 +1.455603651e-001 +9.308556037e+001 +9.308556037e+001 -3.2953e-001 +7.9837e-001 +4.2445e-002 +2.6881e+000 +2.0680e+000
801675 +1.166149457e-001 +1.166149457e-001 +9.305661495e+001 +9.305661495e+001 -3.3102e-001 +7.9660e-001 +4.3345e-002 +2.6198e+000 +2.0634e+000
801761 +1.000912145e-001 +1.000912145e-001 +9.304009121e+001 +9.304009121e+001 -2.9904e-001 +8.0259e-001 +4.4300e-002 +2.6603e+000 +2.0911e+000
802715 +9.992756822e-002 +9.992756822e-002 +9.303992757e+001 +9.303992757e+001 -3.5849e-001 +8.2596e-001 +6.6249e-002 +2.6627e+000 +2.1559e+000
802719 +7.770744493e-002 +7.770744493e-002 +9.301770744e+001 +9.301770744e+001 -2.9184e-001 +7.9219e-001 +1.1540e-001 +2.6944e+000 +2.0940e+000
803153 +7.163978986e-002 +7.163978986e-002 +9.301163979e+001 +9.301163979e+001 -2.4529e-001 +8.0836e-001 +1.3863e-001 +2.6699e+000 +2.0496e+000
807425 +6.995946053e-002 +6.995946053e-002 +9.300995946e+001 +9.300995946e+001 -1.9317e-001 +7.6681e-001 +1.5146e-001 +2.7457e+000 +2.0552e+000
807723 +6.906452250e-002 +6.906452250e-002 +9.300906452e+001 +9.300906452e+001 -2.6247e-001 +7.8110e-001 +1.6220e-001 +2.7699e+000 +2.0652e+000
811286 +6.569407240e-002 +6.569407240e-002 +9.300569407e+001 +9.300569407e+001 -2.3729e-001 +7.9581e-001 +1.6838e-001 +2.7693e+000 +2.1267e+000
811306 +4.750890917e-002 +4.750890917e-002 +9.298750891e+001 +9.298750891e+001 -2.4599e-001 +7.8833e-001 +1.6182e-001 +2.7771e+000 +2.1186e+000
811355 +3.768881571e-002 +3.768881571e-002 +9.297768882e+001 +9.297768882e+001 -2.4476e-001 +7.7109e-001 +1.7303e-001 +2.7642e+000 +2.1026e+000
841127 +3.331186330e-002 +3.331186330e-002 +9.297331186e+001 +9.297331186e+001 -2.2470e-001 +7.5759e-001 +2.4728e-001 +2.8662e+000 +2.1711e+000
841384 +2.925147965e-002 +2.925147965e-002 +9.296925148e+001 +9.296925148e+001 -2.5835e-001 +7.6088e-001 +1.7282e-001 +2.8718e+000 +2.1954e+000
843959 +1.833652432e-002 +1.833652432e-002 +9.295833652e+001 +9.295833652e+001 -2.2204e-001 +7.4357e-001 +2.0381e-001 +2.8754e+000 +2.1919e+000
865832 +1.789455112e-002 +1.789455112e-002 +9.295789455e+001 +9.295789455e+001 -3.1557e-001 +7.9155e-001 +2.4283e-001 +2.9929e+000 +2.3136e+000
867156 +7.299341378e-003 +7.299341378e-003 +9.294729934e+001 +9.294729934e+001 -2.2813e-001 +7.8307e-001 +2.3208e-001 +2.9759e+000 +2.3066e+000
1018440 +3.718327548e-007 +3.718327548e-007 +9.294000037e+001 +9.294000037e+001 -2.1909e-001 +7.3295e-001 +2.5259e-001 +3.0778e+000 +2.3675e+000
1053451 +3.218644196e-007 +3.218644196e-007 +9.294000032e+001 +9.294000032e+001 -2.2555e-001 +7.3293e-001 +2.3640e-001 +3.0858e+000 +2.3897e+000
1079258 +2.927749705e-007 +2.927749705e-007 +9.294000029e+001 +9.294000029e+001 -2.2788e-001 +7.4906e-001 +2.4328e-001 +3.0838e+000 +2.3699e+000
1158094 +1.120107243e-007 +1.120107243e-007 +9.294000011e+001 +9.294000011e+001 -2.3065e-001 +7.5465e-001 +2.7519e-001 +3.0945e+000 +2.3771e+000
1216823 +7.583534511e-008 +7.583534511e-008 +9.294000008e+001 +9.294000008e+001 -2.3883e-001 +7.5447e-001 +2.5999e-001 +3.1041e+000 +2.3892e+000
1337740 +6.292107457e-008 +6.292107457e-008 +9.294000006e+001 +9.294000006e+001 -2.3803e-001 +7.5263e-001 +2.7419e-001 +3.1210e+000 +2.3838e+000
1473466 +2.657415621e-008 +2.657415621e-008 +9.294000003e+001 +9.294000003e+001 -2.1592e-001 +7.6583e-001 +2.6001e-001 +3.1011e+000 +2.3855e+000
1481307 +5.111786550e-009 +5.111786550e-009 +9.294000001e+001 +9.294000001e+001 -2.1280e-001 +7.5059e-001 +2.6550e-001 +3.0976e+000 +2.4078e+000
1500189 +0.000000000e+000 +0.000000000e+000 +9.294000000e+001 +9.294000000e+001 -2.0432e-001 +7.4447e-001 +2.7144e-001 +3.1055e+000 +2.3762e+000
% function evaluation | noise-free fitness - Fopt (3.535000000000e+001) | best noise-free fitness - Fopt | measured fitness | best measured fitness | x1 | x2...
1 +2.934515659e+003 +2.934515659e+003 +2.969865659e+003 +2.969865659e+003 -3.6835e+000 +1.5925e+000 +2.5328e+000 -6.7503e+000 +4.7696e+000
2 +2.589260703e+003 +2.589260703e+003 +2.624610703e+003 +2.624610703e+003 -6.1056e-001 +2.9997e+000 -5.2583e-001 -3.2799e+000 +7.3454e+000
3 +1.610290146e+003 +1.610290146e+003 +1.645640146e+003 +1.645640146e+003 +1.9751e+000 +4.0037e+000 -3.8892e+000 -2.8815e+000 +4.0201e+000
10 +7.917284902e+002 +7.917284902e+002 +8.270784902e+002 +8.270784902e+002 -4.6781e+000 +7.0939e+000 +8.9217e-001 -3.7721e+000 -1.3553e+001
28 +1.902489376e+002 +1.902489376e+002 +2.255989376e+002 +2.255989376e+002 -6.3185e+000 +8.3442e+000 +1.5826e+000 -1.8099e+000 -5.7818e+000
57 +1.738320006e+002 +1.738320006e+002 +2.091820006e+002 +2.091820006e+002 -8.5457e-001 +3.7545e+000 +2.3556e+000 -3.8747e-001 -1.2848e+000
79 +1.636673035e+002 +1.636673035e+002 +1.990173035e+002 +1.990173035e+002 -3.0776e+000 +7.0845e+000 +4.2667e+000 +1.3404e+000 -6.6647e+000
87 +1.189923765e+002 +1.189923765e+002 +1.543423765e+002 +1.543423765e+002 +4.1307e+000 +5.2260e+000 +2.4148e+000 +2.3160e+000 -2.5692e+000
90 +4.222319300e+001 +4.222319300e+001 +7.757319300e+001 +7.757319300e+001 -2.2253e+000 +5.1335e+000 +4.0446e+000 +4.4841e+000 -2.6881e+000
131 +3.829829778e+001 +3.829829778e+001 +7.364829778e+001 +7.364829778e+001 -8.1428e-001 +7.5963e+000 +1.7858e+000 +1.0271e+000 -2.8596e+000
159 +2.880463999e+001 +2.880463999e+001 +6.415463999e+001 +6.415463999e+001 -2.5721e+000 +8.3365e+000 +2.1235e+000 +2.8405e+000 -3.4888e+000
191 +1.956911454e+001 +1.956911454e+001 +5.491911454e+001 +5.491911454e+001 -1.3563e+000 +6.1014e+000 +1.9379e+000 +6.6431e-001 -3.7656e+000
194 +1.878693268e+001 +1.878693268e+001 +5.413693268e+001 +5.413693268e+001 -1.8537e+000 +7.2051e+000 +1.2453e+000 +3.0566e+000 -2.8251e+000
208 +1.340424657e+001 +1.340424657e+001 +4.875424657e+001 +4.875424657e+001 -1.4494e+000 +6.3228e+000 +2.2459e+000 +3.9212e+000 -2.7760e+000
251 +1.059410917e+001 +1.059410917e+001 +4.594410917e+001 +4.594410917e+001 -1.2206e+000 +6.2605e+000 +1.8568e+000 +2.0298e+000 -2.7704e+000
288 +8.623061829e+000 +8.623061829e+000 +4.397306183e+001 +4.397306183e+001 -1.5929e+000 +5.7963e+000 +2.5324e+000 +2.2806e+000 -2.9749e+000
331 +6.180953858e+000 +6.180953858e+000 +4.153095386e+001 +4.153095386e+001 -1.2306e+000 +6.1834e+000 +2.2426e+000 +2.5207e+000 -2.7505e+000
335 +4.692634787e+000 +4.692634787e+000 +4.004263479e+001 +4.004263479e+001 -9.3429e-001 +6.1195e+000 +2.5189e+000 +2.7364e+000 -2.6199e+000
390 +4.381068086e+000 +4.381068086e+000 +3.973106809e+001 +3.973106809e+001 -9.6706e-001 +5.7986e+000 +2.2615e+000 +2.6957e+000 -2.8498e+000
413 +4.274338810e+000 +4.274338810e+000 +3.962433881e+001 +3.962433881e+001 -9.5781e-001 +5.7359e+000 +2.3992e+000 +2.7526e+000 -2.7644e+000
426 +4.122524948e+000 +4.122524948e+000 +3.947252495e+001 +3.947252495e+001 -8.6486e-001 +5.9522e+000 +2.2868e+000 +2.8086e+000 -2.4712e+000
515 +3.958985752e+000 +3.958985752e+000 +3.930898575e+001 +3.930898575e+001 -8.1937e-001 +5.7512e+000 +2.3486e+000 +2.7730e+000 -2.7081e+000
553 +3.885213328e+000 +3.885213328e+000 +3.923521333e+001 +3.923521333e+001 -7.4298e-001 +5.6955e+000 +2.4495e+000 +2.6821e+000 -2.7016e+000
593 +3.532228235e+000 +3.532228235e+000 +3.888222824e+001 +3.888222824e+001 -3.8050e-001 +5.4377e+000 +2.3676e+000 +2.4764e+000 -2.6835e+000
793 +3.430729156e+000 +3.430729156e+000 +3.878072916e+001 +3.878072916e+001 -4.5787e-001 +5.4635e+000 +2.3488e+000 +2.6033e+000 -2.7968e+000
959 +3.319074885e+000 +3.319074885e+000 +3.866907488e+001 +3.866907488e+001 -4.1563e-001 +5.3212e+000 +2.4340e+000 +2.5281e+000 -2.7484e+000
1075 +3.310363766e+000 +3.310363766e+000 +3.866036377e+001 +3.866036377e+001 -4.2321e-001 +5.3073e+000 +2.4388e+000 +2.5347e+000 -2.7454e+000
2304 +2.996428793e+000 +2.996428793e+000 +3.834642879e+001 +3.834642879e+001 -3.4997e-001 +5.1740e+000 +2.5261e+000 +2.5295e+000 -2.5494e+000
2471 +2.803950244e+000 +2.803950244e+000 +3.815395024e+001 +3.815395024e+001 -3.4620e-001 +5.1668e+000 +2.5593e+000 +2.5870e+000 -2.5298e+000
2550 +2.686946910e+000 +2.686946910e+000 +3.803694691e+001 +3.803694691e+001 -3.4551e-001 +5.1667e+000 +2.5542e+000 +2.7326e+000 -2.4862e+000
2717 +2.537668414e+000 +2.537668414e+000 +3.788766841e+001 +3.788766841e+001 -3.5912e-001 +5.1691e+000 +2.7003e+000 +2.1835e+000 -2.6330e+000
2797 +2.417316787e+000 +2.417316787e+000 +3.776731679e+001 +3.776731679e+001 -2.6902e-001 +5.0659e+000 +2.7502e+000 +2.1198e+000 -2.6046e+000
2547814 +1.735491290e+000 +1.735491290e+000 +3.708549129e+001 +3.708549129e+001 +1.0331e-001 +4.3753e+000 +2.8951e+000 +2.4198e+000 -2.3213e+000
2567104 +1.119656518e+000 +1.119656518e+000 +3.646965652e+001 +3.646965652e+001 +8.4152e-002 +4.2925e+000 +2.9214e+000 +2.1850e+000 -2.4340e+000
2567410 +1.087596329e+000 +1.087596329e+000 +3.643759633e+001 +3.643759633e+001 +2.2737e-001 +4.1676e+000 +2.8927e+000 +2.1039e+000 -2.6420e+000
2567542 +1.070592263e+000 +1.070592263e+000 +3.642059226e+001 +3.642059226e+001 +2.0250e-001 +4.1964e+000 +2.9153e+000 +2.0947e+000 -2.5037e+000
4474548 +8.495689625e-001 +8.495689625e-001 +3.619956896e+001 +3.619956896e+001 +5.8226e-001 +3.6984e+000 +3.1573e+000 +2.1323e+000 -1.9068e+000
% function evaluation | noise-free fitness - Fopt (3.820000000000e+000) | best noise-free fitness - Fopt | measured fitness | best measured fitness | x1 | x2...
1 +7.884340749e+001 +7.884340749e+001 +8.266340749e+001 +8.266340749e+001 +3.3181e+000 +1.0311e+000 +2.0549e+000 +5.9524e+000 +7.2810e-001
30 +2.622678658e+001 +2.622678658e+001 +3.004678658e+001 +3.004678658e+001 +2.5274e+000 -3.1409e+000 +6.7524e+000 +2.0718e+000 +1.3274e+000
163 +2.423298300e+001 +2.423298300e+001 +2.805298300e+001 +2.805298300e+001 +2.3411e+000 +1.0389e+000 +3.3183e+000 +3.2706e+000 -1.1698e-001
169 +2.331515745e+001 +2.331515745e+001 +2.713515745e+001 +2.713515745e+001 +2.5422e+000 -2.9922e-002 +3.8352e+000 +3.7134e+000 -7.8994e-001
180 +2.249045886e+001 +2.249045886e+001 +2.631045886e+001 +2.631045886e+001 +2.8798e+000 +5.8408e-001 +3.2408e+000 +9.4122e-001 -8.7370e-001
181 +2.093420504e+001 +2.093420504e+001 +2.475420504e+001 +2.475420504e+001 +2.6165e+000 +2.3876e-001 +2.9065e+000 +7.2932e-001 -8.9091e-001
202 +2.004833999e+001 +2.004833999e+001 +2.386833999e+001 +2.386833999e+001 +2.6230e+000 +2.6539e-001 +2.8462e+000 +2.4850e+000 -9.7257e-001
207 +1.978422557e+001 +1.978422557e+001 +2.360422557e+001 +2.360422557e+001 +2.8173e+000 +7.4218e-001 +2.6926e+000 -2.8363e-001 -7.5679e-001
227 +1.770399600e+001 +1.770399600e+001 +2.152399600e+001 +2.152399600e+001 +2.6160e+000 +6.7367e-001 +2.9883e+000 +1.7200e+000 -1.0111e+000
241 +1.570460401e+001 +1.570460401e+001 +1.952460401e+001 +1.952460401e+001 +2.8498e+000 -1.1176e-001 +2.8873e+000 +1.8613e+000 +2.3536e-002
249 +1.483492095e+001 +1.483492095e+001 +1.865492095e+001 +1.865492095e+001 +2.6131e+000 +6.8139e-001 +2.5730e+000 +2.5582e+000 -6.2041e-001
267 +1.212615249e+001 +1.212615249e+001 +1.594615249e+001 +1.594615249e+001 +2.9984e+000 +4.1978e-001 +2.8573e+000 +1.3973e+000 -6.7306e-001
284 +1.060342068e+001 +1.060342068e+001 +1.442342068e+001 +1.442342068e+001 +2.7908e+000 +3.2395e-001 +2.8912e+000 +2.0753e+000 -1.1601e-001
329 +5.601622994e+000 +5.601622994e+000 +9.421622994e+000 +9.421622994e+000 +2.9945e+000 +1.1554e-001 +2.9103e+000 +6.5455e-001 -1.6451e-001
427 +5.234152195e+000 +5.234152195e+000 +9.054152195e+000 +9.054152195e+000 +3.7715e+000 +5.1354e-001 +2.3230e+000 -4.7978e-001 +4.5137e-001
444 +3.012679038e+000 +3.012679038e+000 +6.832679038e+000 +6.832679038e+000 +3.3231e+000 +5.5665e-001 +2.6705e+000 -3.4887e-002 +1.5052e-001
526 +2.806431306e+000 +2.806431306e+000 +6.626431306e+000 +6.626431306e+000 +3.6375e+000 +5.4729e-001 +2.7824e+000 -8.4026e-001 +5.1559e-001
556 +2.725779602e+000 +2.725779602e+000 +6.545779602e+000 +6.545779602e+000 +3.4741e+000 +5.9942e-001 +2.7447e+000 -6.6080e-001 +5.6161e-001
601 +2.358820839e+000 +2.358820839e+000 +6.178820839e+000 +6.178820839e+000 +3.5643e+000 +1.6051e-001 +2.8318e+000 -6.3267e-001 +5.8188e-001
644 +2.099820387e+000 +2.099820387e+000 +5.919820387e+000 +5.919820387e+000 +3.6627e+000 +4.6654e-001 +2.6148e+000 -4.9162e-001 +6.4925e-001
1283 +1.486469838e+000 +1.486469838e+000 +5.306469838e+000 +5.306469838e+000 +3.5541e+000 +9.9941e-001 +1.9403e+000 -8.5625e-001 +4.3168e-001
1739 +1.471227276e+000 +1.471227276e+000 +5.291227276e+000 +5.291227276e+000 +3.5017e+000 +5.4698e-001 +2.6712e+000 -1.7144e+000 +1.1638e+000
1749 +1.421272411e+000 +1.421272411e+000 +5.241272411e+000 +5.241272411e+000 +3.4884e+000 +3.1317e-001 +2.7059e+000 -1.6570e+000 +1.0752e+000
2129 +1.401295944e+000 +1.401295944e+000 +5.221295944e+000 +5.221295944e+000 +3.5887e+000 +4.3323e-001 +2.7791e+000 -2.0110e+000 +1.1030e+000
2560 +6.335738849e-001 +6.335738849e-001 +4.453573885e+000 +4.453573885e+000 +4.0502e+000 +3.3683e-001 +2.7123e+000 -1.3584e+000 +1.1259e+000
2626 +5.343798439e-001 +5.343798439e-001 +4.354379844e+000 +4.354379844e+000 +4.1295e+000 +3.1240e-001 +2.6755e+000 -1.5748e+000 +1.1015e+000
2879 +4.308429222e-001 +4.308429222e-001 +4.250842922e+000 +4.250842922e+000 +3.9526e+000 +3.4782e-001 +2.6680e+000 -1.4757e+000 +9.3831e-001
2925 +3.842485252e-001 +3.842485252e-001 +4.204248525e+000 +4.204248525e+000 +3.8227e+000 +3.4472e-001 +2.6583e+000 -1.4388e+000 +1.0305e+000
5993 +3.799317070e-001 +3.799317070e-001 +4.199931707e+000 +4.199931707e+000 +3.8966e+000 +3.2664e-001 +2.6079e+000 -1.3928e+000 +8.4526e-001
543294 +3.546873817e-001 +3.546873817e-001 +4.174687382e+000 +4.174687382e+000 +3.7681e+000 +8.4140e-001 +2.3651e+000 -2.2571e+000 +1.0743e+000
547102 +3.345939324e-001 +3.345939324e-001 +4.154593932e+000 +4.154593932e+000 +3.7533e+000 +8.4956e-001 +2.3624e+000 -2.2394e+000 +1.0582e+000
558472 +1.486127437e-001 +1.486127437e-001 +3.968612744e+000 +3.968612744e+000 +4.0050e+000 +8.1572e-001 +2.2469e+000 -2.3053e+000 +1.0569e+000
622289 +1.325686727e-001 +1.325686727e-001 +3.952568673e+000 +3.952568673e+000 +3.9910e+000 +8.3687e-001 +2.3145e+000 -2.2563e+000 +1.0124e+000
623253 +6.498680491e-002 +6.498680491e-002 +3.884986805e+000 +3.884986805e+000 +3.9441e+000 +8.5572e-001 +2.2257e+000 -2.2843e+000 +9.5144e-001
623519 +6.112881070e-002 +6.112881070e-002 +3.881128811e+000 +3.881128811e+000 +3.9771e+000 +9.3258e-001 +2.1412e+000 -2.3035e+000 +9.3707e-001
623808 +4.730752796e-002 +4.730752796e-002 +3.867307528e+000 +3.867307528e+000 +3.9520e+000 +9.1296e-001 +2.1523e+000 -2.2820e+000 +9.5209e-001
624189 +4.214099074e-002 +4.214099074e-002 +3.862140991e+000 +3.862140991e+000 +3.9518e+000 +9.5927e-001 +2.1329e+000 -2.3571e+000 +9.5654e-001
625561 +3.400327796e-002 +3.400327796e-002 +3.854003278e+000 +3.854003278e+000 +3.9754e+000 +9.8437e-001 +2.0889e+000 -2.2993e+000 +9.0880e-001
625608 +3.135353737e-002 +3.135353737e-002 +3.851353537e+000 +3.851353537e+000 +3.9678e+000 +9.3878e-001 +2.1368e+000 -2.3367e+000 +9.3585e-001
627596 +2.948207552e-002 +2.948207552e-002 +3.849482076e+000 +3.849482076e+000 +3.9545e+000 +1.0343e+000 +2.0280e+000 -2.3626e+000 +9.2002e-001
627882 +2.768720981e-002 +2.768720981e-002 +3.847687210e+000 +3.847687210e+000 +3.9676e+000 +9.8860e-001 +2.0719e+000 -2.4148e+000 +9.1678e-001
627952 +2.719630787e-002 +2.719630787e-002 +3.847196308e+000 +3.847196308e+000 +3.9742e+000 +1.0003e+000 +2.0450e+000 -2.4342e+000 +9.2096e-001
628209 +1.723371689e-002 +1.723371689e-002 +3.837233717e+000 +3.837233717e+000 +3.9816e+000 +1.0250e+000 +2.0437e+000 -2.3754e+000 +9.3183e-001
628808 +1.226091691e-002 +1.226091691e-002 +3.832260917e+000 +3.832260917e+000 +3.9875e+000 +1.0635e+000 +1.9925e+000 -2.4896e+000 +9.0648e-001
630670 +5.898380549e-003 +5.898380549e-003 +3.825898381e+000 +3.825898381e+000 +3.9859e+000 +1.0888e+000 +1.9393e+000 -2.4743e+000 +8.8176e-001
632209 +6.218506376e-008 +6.218506376e-008 +3.820000062e+000 +3.820000062e+000 +3.9934e+000 +1.1504e+000 +1.8784e+000 -2.5772e+000 +8.7732e-001
641053 +5.890290655e-008 +5.890290655e-008 +3.820000059e+000 +3.820000059e+000 +3.9877e+000 +1.1684e+000 +1.9052e+000 -2.5889e+000 +8.8087e-001
641087 +5.294250371e-009 +5.294250371e-009 +3.820000005e+000 +3.820000005e+000 +3.9922e+000 +1.1770e+000 +1.9095e+000 -2.5729e+000 +8.7992e-001
653902 +0.000000000e+000 +0.000000000e+000 +3.820000000e+000 +3.820000000e+000 +3.9968e+000 +1.1683e+000 +1.8886e+000 -2.5785e+000 +8.7011e-001
% function evaluation | noise-free fitness - Fopt (2.175000000000e+001) | best noise-free fitness - Fopt | measured fitness | best measured fitness | x1 | x2...
1 +3.891578823e+002 +3.891578823e+002 +4.109078823e+002 +4.109078823e+002 +2.5156e+000 +1.3791e+000 +1.1360e-001 +1.3856e+000 +4.5931e+000
3 +2.819096453e+002 +2.819096453e+002 +3.036596453e+002 +3.036596453e+002 +9.1882e-001 +5.3270e+000 +1.5945e+000 +3.0897e+000 -4.0299e-001
20 +2.271777022e+002 +2.271777022e+002 +2.489277022e+002 +2.489277022e+002 -3.1517e+000 +6.9041e-001 +1.4975e+000 +3.9673e+000 -1.9162e-001
37 +8.120373320e+001 +8.120373320e+001 +1.029537332e+002 +1.029537332e+002 -1.8589e+000 +4.1213e-001 +3.6769e-001 +5.2891e+000 -4.7186e+000
76 +3.647933079e+001 +3.647933079e+001 +5.822933079e+001 +5.822933079e+001 +1.5966e+000 -3.3051e-001 -1.5451e+000 +4.3877e+000 -1.6527e+000
79 +2.398902722e+001 +2.398902722e+001 +4.573902722e+001 +4.573902722e+001 +1.5476e+000 -2.8605e-001 +4.2715e-001 +4.2802e+000 -8.7810e-001
82 +2.163761550e+001 +2.163761550e+001 +4.338761550e+001 +4.338761550e+001 +6.5890e-001 +5.0326e-001 -4.1193e-001 +4.6870e+000 -3.3303e+000
97 +1.886667708e+001 +1.886667708e+001 +4.061667708e+001 +4.061667708e+001 +1.0297e+000 -4.9725e-001 +6.6142e-001 +5.5618e+000 -1.2432e+000
106 +1.757068767e+001 +1.757068767e+001 +3.932068767e+001 +3.932068767e+001 +1.3952e+000 +1.3624e+000 +5.9868e-001 +4.2822e+000 -1.8887e+000
107 +9.504852608e+000 +9.504852608e+000 +3.125485261e+001 +3.125485261e+001 +1.6945e+000 -2.1991e-001 -4.0416e-002 +4.4513e+000 -1.7301e+000
112 +2.706730046e+000 +2.706730046e+000 +2.445673005e+001 +2.445673005e+001 +1.8233e+000 +7.7846e-001 -2.9353e-001 +4.6822e+000 -1.9965e+000
258 +2.472539667e+000 +2.472539667e+000 +2.422253967e+001 +2.422253967e+001 +1.9921e+000 +3.4425e-001 -3.8624e-001 +4.8156e+000 -1.8492e+000
261 +2.254234568e+000 +2.254234568e+000 +2.400423457e+001 +2.400423457e+001 +1.7694e+000 +5.8292e-001 -1.1347e-001 +4.8913e+000 -2.4485e+000
266 +2.004877013e+000 +2.004877013e+000 +2.375487701e+001 +2.375487701e+001 +1.9099e+000 +6.7064e-001 -2.7571e-001 +4.6837e+000 -2.2065e+000
306 +1.971600039e+000 +1.971600039e+000 +2.372160004e+001 +2.372160004e+001 +2.0307e+000 +4.9751e-001 -2.9448e-001 +4.8322e+000 -2.0833e+000
361 +1.827915641e+000 +1.827915641e+000 +2.357791564e+001 +2.357791564e+001 +2.1169e+000 +4.6008e-001 -2.5607e-001 +4.8616e+000 -2.0362e+000
811 +1.816918941e+000 +1.816918941e+000 +2.356691894e+001 +2.356691894e+001 +2.1544e+000 +5.2697e-001 -3.8814e-001 +4.9506e+000 -2.1157e+000
5599 +1.593319662e+000 +1.593319662e+000 +2.334331966e+001 +2.334331966e+001 +2.2741e+000 +5.0420e-001 -2.9679e-001 +4.4604e+000 -2.0901e+000
5619 +1.484163081e+000 +1.484163081e+000 +2.323416308e+001 +2.323416308e+001 +2.2782e+000 +5.0289e-001 -2.7533e-001 +4.2017e+000 -2.0931e+000
5699 +1.444234050e+000 +1.444234050e+000 +2.319423405e+001 +2.319423405e+001 +2.2859e+000 +5.2553e-001 -3.2266e-001 +4.4427e+000 -2.0742e+000
5715 +1.227980275e+000 +1.227980275e+000 +2.297798028e+001 +2.297798028e+001 +2.3620e+000 +5.4561e-001 -2.8666e-001 +4.3373e+000 -2.0709e+000
5724 +1.116428934e+000 +1.116428934e+000 +2.286642893e+001 +2.286642893e+001 +2.1953e+000 +5.6175e-001 -3.4767e-001 +4.3149e+000 -2.0836e+000
5800 +1.040979569e+000 +1.040979569e+000 +2.279097957e+001 +2.279097957e+001 +2.2807e+000 +5.4536e-001 -3.4538e-001 +4.3624e+000 -2.0739e+000
5814 +1.017337377e+000 +1.017337377e+000 +2.276733738e+001 +2.276733738e+001 +2.2533e+000 +5.4213e-001 -3.0231e-001 +4.3109e+000 -2.0282e+000
6035 +8.997250887e-001 +8.997250887e-001 +2.264972509e+001 +2.264972509e+001 +2.2587e+000 +6.2678e-001 -3.4628e-001 +4.3521e+000 -2.1095e+000
6560 +8.844185979e-001 +8.844185979e-001 +2.263441860e+001 +2.263441860e+001 +2.3109e+000 +7.4043e-001 -3.7744e-001 +4.3280e+000 -2.1079e+000
6563 +8.345796972e-001 +8.345796972e-001 +2.258457970e+001 +2.258457970e+001 +2.3753e+000 +7.4305e-001 -3.6031e-001 +4.2666e+000 -2.1211e+000
13707 +8.220894048e-001 +8.220894048e-001 +2.257208940e+001 +2.257208940e+001 +2.4057e+000 +8.2821e-001 -2.9990e-001 +4.1512e+000 -2.1862e+000
572072 +4.599040636e-001 +4.599040636e-001 +2.220990406e+001 +2.220990406e+001 +2.8555e+000 +9.2406e-001 -7.5166e-001 +3.8271e+000 -2.2061e+000
577425 +2.970260927e-001 +2.970260927e-001 +2.204702609e+001 +2.204702609e+001 +2.9339e+000 +9.5561e-001 -5.7996e-001 +3.7293e+000 -2.1363e+000
610997 +2.647076674e-001 +2.647076674e-001 +2.201470767e+001 +2.201470767e+001 +2.9045e+000 +9.8452e-001 -5.2725e-001 +3.6733e+000 -2.1181e+000
611048 +2.543528941e-001 +2.543528941e-001 +2.200435289e+001 +2.200435289e+001 +2.8828e+000 +9.0810e-001 -7.5323e-001 +3.8599e+000 -2.1168e+000
611634 +2.385168641e-001 +2.385168641e-001 +2.198851686e+001 +2.198851686e+001 +3.0173e+000 +9.3874e-001 -7.2384e-001 +3.7575e+000 -2.0460e+000
611669 +2.160610303e-001 +2.160610303e-001 +2.196606103e+001 +2.196606103e+001 +3.0153e+000 +9.5016e-001 -6.9462e-001 +3.7261e+000 -2.0052e+000
618143 +2.106464740e-001 +2.106464740e-001 +2.196064647e+001 +2.196064647e+001 +2.9835e+000 +8.4821e-001 -8.6548e-001 +3.8978e+000 -1.9661e+000
2585094 +1.666513071e-001 +1.666513071e-001 +2.191665131e+001 +2.191665131e+001 +3.5117e+000 +9.2229e-001 -9.0095e-001 +3.3779e+000 -1.8831e+000
2585212 +6.470778144e-002 +6.470778144e-002 +2.181470778e+001 +2.181470778e+001 +3.4914e+000 +9.2187e-001 -9.5625e-001 +3.3560e+000 -1.8197e+000
2585518 +5.836020411e-002 +5.836020411e-002 +2.180836020e+001 +2.180836020e+001 +3.4652e+000 +9.6099e-001 -9.1455e-001 +3.2949e+000 -1.8116e+000
2585936 +5.685792485e-002 +5.685792485e-002 +2.180685792e+001 +2.180685792e+001 +3.4436e+000 +9.0262e-001 -9.2848e-001 +3.3522e+000 -1.8168e+000
2586002 +4.060203077e-002 +4.060203077e-002 +2.179060203e+001 +2.179060203e+001 +3.4934e+000 +9.5791e-001 -9.3665e-001 +3.3274e+000 -1.8109e+000
2586105 +3.929918757e-002 +3.929918757e-002 +2.178929919e+001 +2.178929919e+001 +3.5232e+000 +8.9604e-001 -9.5902e-001 +3.2375e+000 -1.8143e+000
2586117 +3.617781742e-002 +3.617781742e-002 +2.178617782e+001 +2.178617782e+001 +3.5703e+000 +9.2663e-001 -9.8341e-001 +3.1995e+000 -1.8036e+000
2587193 +3.216508540e-002 +3.216508540e-002 +2.178216509e+001 +2.178216509e+001 +3.5671e+000 +9.6891e-001 -9.7296e-001 +3.2023e+000 -1.7856e+000
2587263 +2.364981263e-002 +2.364981263e-002 +2.177364981e+001 +2.177364981e+001 +3.5772e+000 +9.3157e-001 -9.6926e-001 +3.2015e+000 -1.7973e+000
2588527 +2.227063767e-002 +2.227063767e-002 +2.177227064e+001 +2.177227064e+001 +3.6285e+000 +9.5174e-001 -1.0069e+000 +3.1681e+000 -1.7752e+000
2588967 +1.457476349e-002 +1.457476349e-002 +2.176457476e+001 +2.176457476e+001 +3.6546e+000 +9.5153e-001 -1.0287e+000 +3.1479e+000 -1.7881e+000
2607260 +1.207404017e-002 +1.207404017e-002 +2.176207404e+001 +2.176207404e+001 +3.6836e+000 +9.4816e-001 -1.0648e+000 +3.0722e+000 -1.7669e+000
2628171 +3.287162904e-003 +3.287162904e-003 +2.175328716e+001 +2.175328716e+001 +3.6825e+000 +9.0544e-001 -1.0566e+000 +3.1077e+000 -1.6975e+000
2720203 +3.252846525e-008 +3.252846525e-008 +2.175000003e+001 +2.175000003e+001 +3.7845e+000 +8.9000e-001 -1.0847e+000 +3.0633e+000 -1.6618e+000
3141984 +7.201848007e-010 +7.201848007e-010 +2.175000000e+001 +2.175000000e+001 +3.8013e+000 +9.0125e-001 -1.1195e+000 +3.0728e+000 -1.6547e+000
3149546 +0.000000000e+000 +0.000000000e+000 +2.175000000e+001 +2.175000000e+001 +3.7955e+000 +8.9988e-001 -1.1132e+000 +3.0792e+000 -1.6570e+000
% function evaluation | noise-free fitness - Fopt (6.479000000000e+001) | best noise-free fitness - Fopt | measured fitness | best measured fitness | x1 | x2...
1 +4.911413552e+001 +4.911413552e+001 +1.139041355e+002 +1.139041355e+002 -2.4661e+000 -2.6335e+000 -1.1849e+000 +1.9946e-001 +3.3836e-001
35 +4.421386772e+001 +4.421386772e+001 +1.090038677e+002 +1.090038677e+002 -2.1614e+000 -1.8612e+000 -1.1083e+000 +8.9391e-002 -3.6624e-001
47 +4.130110098e+001 +4.130110098e+001 +1.060911010e+002 +1.060911010e+002 -7.6361e-001 -3.2320e+000 -1.7716e+000 +1.9126e+000 +1.0988e+000
71 +4.987097029e+000 +4.987097029e+000 +6.977709703e+001 +6.977709703e+001 -5.5653e-001 -1.3018e+000 -7.2572e-001 +1.6887e+000 -1.5173e-001
150 +3.358352562e+000 +3.358352562e+000 +6.814835256e+001 +6.814835256e+001 -9.5128e-001 -2.0210e+000 -5.7749e-001 +5.2813e-001 +6.9169e-001
422 +8.325159008e-001 +8.325159008e-001 +6.562251590e+001 +6.562251590e+001 -3.1419e+000 -2.7371e+000 +1.6165e-002 +8.7059e-001 -3.8447e-001
465 +7.695166820e-001 +7.695166820e-001 +6.555951668e+001 +6.555951668e+001 -2.5803e+000 -2.5014e+000 -5.0804e-002 +1.7964e+000 -8.9240e-001
555 +4.012809643e-001 +4.012809643e-001 +6.519128096e+001 +6.519128096e+001 -2.5366e+000 -2.4316e+000 +1.6238e-001 +1.4618e+000 -6.3911e-001
601 +3.778595879e-001 +3.778595879e-001 +6.516785959e+001 +6.516785959e+001 -2.6174e+000 -2.2875e+000 +8.7159e-002 +1.5327e+000 -6.4601e-001
618 +3.529944994e-001 +3.529944994e-001 +6.514299450e+001 +6.514299450e+001 -2.5630e+000 -2.3945e+000 +2.4798e-001 +1.4942e+000 -7.1082e-001
2082103 +3.216869430e-001 +3.216869430e-001 +6.511168694e+001 +6.511168694e+001 -2.7023e+000 -2.4617e+000 +2.0601e-001 +1.3715e+000 -4.6800e-001
% function evaluation | noise-free fitness - Fopt (-6.173000000000e+001) | best noise-free fitness - Fopt | measured fitness | best measured fitness | x1 | x2...
1 +2.071115780e+002 +2.071115780e+002 +1.453815780e+002 +1.453815780e+002 +6.6103e-001 +5.4240e-001 -4.7171e+000 +2.1729e+000 -1.0062e+000
8 +1.851569420e+002 +1.851569420e+002 +1.234269420e+002 +1.234269420e+002 +2.5295e+000 +1.9063e+000 -5.3791e+000 +7.6005e+000 +2.1321e+000
15 +1.517649494e+002 +1.517649494e+002 +9.003494941e+001 +9.003494941e+001 +1.1464e+000 -5.7839e+000 +2.7757e-001 +5.4812e+000 -1.4082e+000
24 +9.720900118e+001 +9.720900118e+001 +3.547900118e+001 +3.547900118e+001 +1.1989e-001 -6.0058e-001 -3.5081e+000 +6.2348e+000 -5.9166e-001
32 +8.504142392e+001 +8.504142392e+001 +2.331142392e+001 +2.331142392e+001 +5.5216e-001 +1.9423e-001 -3.9390e+000 +5.7023e+000 -5.2861e-001
36 +2.315629537e+001 +2.315629537e+001 -3.857370463e+001 -3.857370463e+001 -1.5434e+000 -1.7319e+000 -5.3736e+000 +4.3746e+000 -6.2000e-001
85 +1.011986145e+001 +1.011986145e+001 -5.161013855e+001 -5.161013855e+001 -6.0405e-001 -1.2391e+000 -4.4003e+000 +5.5476e+000 -2.8168e-002
188 +8.417382916e+000 +8.417382916e+000 -5.331261708e+001 -5.331261708e+001 -5.9689e-001 -2.3194e+000 -3.7730e+000 +5.0965e+000 -1.6222e+000
208 +6.056481700e+000 +6.056481700e+000 -5.567351830e+001 -5.567351830e+001 -1.3737e+000 -1.7468e+000 -5.3823e+000 +5.9216e+000 -3.6371e-001
220 +4.814288626e+000 +4.814288626e+000 -5.691571137e+001 -5.691571137e+001 -1.6598e+000 -2.1362e+000 -4.5577e+000 +4.0214e+000 -1.5640e+000
264 +3.772084088e+000 +3.772084088e+000 -5.795791591e+001 -5.795791591e+001 -1.0426e+000 -1.9278e+000 -4.1918e+000 +4.6068e+000 -1.1737e+000
312 +3.376782505e+000 +3.376782505e+000 -5.835321749e+001 -5.835321749e+001 -1.4346e+000 -2.0642e+000 -4.4738e+000 +4.8882e+000 -1.0179e+000
316 +3.100060830e+000 +3.100060830e+000 -5.862993917e+001 -5.862993917e+001 -1.6935e+000 -2.0089e+000 -4.8758e+000 +4.9761e+000 -8.9139e-001
351 +2.838812358e+000 +2.838812358e+000 -5.889118764e+001 -5.889118764e+001 -1.6924e+000 -1.9032e+000 -4.7343e+000 +4.8764e+000 -1.3889e+000
550 +2.378143185e+000 +2.378143185e+000 -5.935185681e+001 -5.935185681e+001 -8.8845e-001 -2.2643e+000 -4.3203e+000 +4.5611e+000 -1.6278e+000
910 +1.679121349e+000 +1.679121349e+000 -6.005087865e+001 -6.005087865e+001 -1.7742e+000 -2.1204e+000 -4.5730e+000 +4.3587e+000 -1.8128e+000
1003 +1.243551000e+000 +1.243551000e+000 -6.048644900e+001 -6.048644900e+001 -1.5511e+000 -2.3057e+000 -4.5665e+000 +4.5739e+000 -1.8470e+000
1213 +1.180944426e+000 +1.180944426e+000 -6.054905557e+001 -6.054905557e+001 -1.5979e+000 -2.2639e+000 -4.5608e+000 +4.5166e+000 -1.8570e+000
1307 +1.162039793e+000 +1.162039793e+000 -6.056796021e+001 -6.056796021e+001 -1.5950e+000 -2.3128e+000 -4.5687e+000 +4.5050e+000 -1.8271e+000
1308 +1.146374702e+000 +1.146374702e+000 -6.058362530e+001 -6.058362530e+001 -1.6111e+000 -2.2703e+000 -4.5706e+000 +4.5191e+000 -1.7929e+000
3055810 +8.439537582e-001 +8.439537582e-001 -6.088604624e+001 -6.088604624e+001 -1.5415e+000 -2.4858e+000 -3.9930e+000 +3.7559e+000 -2.1026e+000
% function evaluation | noise-free fitness - Fopt (-2.930000000000e+000) | best noise-free fitness - Fopt | measured fitness | best measured fitness | x1 | x2...
1 +1.599323953e+003 +1.599323953e+003 +1.596393953e+003 +1.596393953e+003 -7.2055e+000 +6.5095e+000 -3.7244e+000 -1.1298e+000 +2.0602e+000
2 +3.891486242e+002 +3.891486242e+002 +3.862186242e+002 +3.862186242e+002 -3.7078e+000 -2.9175e+000 -3.7978e+000 -1.5848e+000 -7.5784e+000
32 +2.089947420e+002 +2.089947420e+002 +2.060647420e+002 +2.060647420e+002 -1.3820e+000 +1.0321e+000 -5.9513e-001 -3.2573e-001 -6.7602e-001
55 +2.075735726e+002 +2.075735726e+002 +2.046435726e+002 +2.046435726e+002 -2.6548e+000 -1.0165e+000 -3.3358e+000 -8.3467e-001 +3.3845e+000
76 +1.834971401e+002 +1.834971401e+002 +1.805671401e+002 +1.805671401e+002 -3.1327e+000 -1.8330e+000 -2.9240e+000 +7.9211e-002 +9.9646e-001
78 +1.733016505e+002 +1.733016505e+002 +1.703716505e+002 +1.703716505e+002 -3.4179e+000 -3.2025e+000 -1.5600e+000 +2.8310e+000 +1.1741e+000
80 +1.218793576e+002 +1.218793576e+002 +1.189493576e+002 +1.189493576e+002 -2.5691e+000 -7.8622e-001 -1.2029e+000 +1.6816e+000 +4.3745e-001
132 +6.458171201e+001 +6.458171201e+001 +6.165171201e+001 +6.165171201e+001 -2.0031e+000 -1.7776e+000 -5.1064e-001 +1.2787e+000 +1.0236e+000
210 +5.137511557e+001 +5.137511557e+001 +4.844511557e+001 +4.844511557e+001 +2.3123e-001 -1.3049e+000 -1.7851e+000 -1.1212e-001 +1.5549e+000
247 +3.945691875e+001 +3.945691875e+001 +3.652691875e+001 +3.652691875e+001 +6.6368e-002 -1.1089e+000 -1.3441e+000 +5.2233e-001 +1.6666e+000
291 +3.417849478e+001 +3.417849478e+001 +3.124849478e+001 +3.124849478e+001 -6.1136e-001 -1.5562e+000 -6.9964e-001 +6.2432e-001 +1.8259e+000
302 +3.325292935e+001 +3.325292935e+001 +3.032292935e+001 +3.032292935e+001 -5.8401e-001 -1.8419e+000 -5.3853e-001 +7.0310e-001 +1.5440e+000
306 +2.816524416e+001 +2.816524416e+001 +2.523524416e+001 +2.523524416e+001 -3.6219e-001 -1.1217e+000 -8.0728e-001 +6.2181e-001 +2.7360e+000
335 +2.590833943e+001 +2.590833943e+001 +2.297833943e+001 +2.297833943e+001 -2.7679e-002 -1.1717e+000 -7.4492e-001 +6.8166e-001 +1.2505e+000
360 +2.044059008e+001 +2.044059008e+001 +1.751059008e+001 +1.751059008e+001 -8.1405e-003 -1.4867e+000 +9.9797e-002 +6.8672e-001 +8.0595e-001
369 +1.868292345e+001 +1.868292345e+001 +1.575292345e+001 +1.575292345e+001 +7.4197e-001 +1.0195e+000 -3.5415e-001 +1.0211e+000 +2.0196e+000
372 +1.053073560e+001 +1.053073560e+001 +7.600735596e+000 +7.600735596e+000 +7.1048e-001 -9.4738e-001 +1.2408e+000 +8.9367e-001 +1.1216e+000
427 +1.016966840e+001 +1.016966840e+001 +7.239668398e+000 +7.239668398e+000 +5.3545e-001 -5.1135e-001 -8.5482e-002 +5.4225e-001 +1.4472e+000
432 +8.709682885e+000 +8.709682885e+000 +5.779682885e+000 +5.779682885e+000 +9.2495e-001 -6.5194e-002 +6.3426e-002 +8.2368e-001 +3.1453e+000
474 +8.350719462e+000 +8.350719462e+000 +5.420719462e+000 +5.420719462e+000 +6.1288e-001 -7.0643e-001 +3.6016e-001 +8.2960e-001 +2.3731e+000
476 +6.834506054e+000 +6.834506054e+000 +3.904506054e+000 +3.904506054e+000 +7.5028e-001 -3.0811e-001 +4.7735e-001 +6.5686e-001 +1.3738e+000
517 +6.553193042e+000 +6.553193042e+000 +3.623193042e+000 +3.623193042e+000 +9.0164e-001 -3.4729e-001 -4.0888e-001 -8.7319e-002 +1.2632e+000
540 +4.573135219e+000 +4.573135219e+000 +1.643135219e+000 +1.643135219e+000 +1.0678e+000 -6.7719e-001 +9.3594e-001 +2.2974e-001 +7.9255e-001
542 +4.199084155e+000 +4.199084155e+000 +1.269084155e+000 +1.269084155e+000 +1.1910e+000 -3.5081e-001 +3.2965e-001 +8.1802e-002 +1.5292e+000
543 +3.961197705e+000 +3.961197705e+000 +1.031197705e+000 +1.031197705e+000 +1.3081e+000 +2.2196e-001 -3.5671e-001 +3.5156e-002 +1.0252e+000
628 +3.746418406e+000 +3.746418406e+000 +8.164184055e-001 +8.164184055e-001 +1.2528e+000 -5.7048e-001 +3.6380e-001 +1.1209e-001 +6.3908e-001
634 +2.177717488e+000 +2.177717488e+000 -7.522825125e-001 -7.522825125e-001 +1.3706e+000 -2.3783e-001 +2.0688e-001 +1.7795e-001 +1.4330e+000
686 +2.083878437e+000 +2.083878437e+000 -8.461215628e-001 -8.461215628e-001 +1.5449e+000 -1.3085e-001 +6.3044e-001 +1.2672e-003 +1.2961e+000
1993 +1.912865394e+000 +1.912865394e+000 -1.017134606e+000 -1.017134606e+000 +1.5077e+000 -2.3832e-002 +1.1175e-001 -2.2379e-002 +2.1919e+000
2097 +1.872315517e+000 +1.872315517e+000 -1.057684483e+000 -1.057684483e+000 +1.6061e+000 +5.1672e-002 +2.4891e-001 -9.9469e-002 +2.0786e+000
2105 +1.833335568e+000 +1.833335568e+000 -1.096664432e+000 -1.096664432e+000 +1.6128e+000 -1.0158e-003 +2.2689e-001 -6.3397e-002 +2.0541e+000
2623 +1.758159005e+000 +1.758159005e+000 -1.171840995e+000 -1.171840995e+000 +1.8439e+000 +2.3351e-001 +2.7028e-001 +2.9305e-001 +1.5770e+000
3754 +8.085205432e-001 +8.085205432e-001 -2.121479457e+000 -2.121479457e+000 +2.2171e+000 +5.2153e-001 -2.6906e-002 -2.8960e-001 +1.1811e+000
5256 +7.387874228e-001 +7.387874228e-001 -2.191212577e+000 -2.191212577e+000 +1.8936e+000 +7.7861e-001 -9.7872e-002 -3.1731e-001 +1.1391e+000
7424 +6.146819705e-001 +6.146819705e-001 -2.315318029e+000 -2.315318029e+000 +2.1148e+000 +8.9353e-001 -1.1283e-001 -3.6315e-001 +1.5630e+000
7533 +4.592209367e-001 +4.592209367e-001 -2.470779063e+000 -2.470779063e+000 +2.0407e+000 +8.5492e-001 -1.1706e-001 -1.7323e-001 +1.5501e+000
7598 +3.861813900e-001 +3.861813900e-001 -2.543818610e+000 -2.543818610e+000 +2.1038e+000 +8.4820e-001 -1.1369e-001 -2.0944e-001 +1.5988e+000
7848 +3.690108958e-001 +3.690108958e-001 -2.560989104e+000 -2.560989104e+000 +2.1414e+000 +8.7787e-001 -1.0633e-001 -2.0030e-001 +1.6262e+000
876754 +3.161270484e-001 +3.161270484e-001 -2.613872952e+000 -2.613872952e+000 +2.2908e+000 +1.4101e+000 -7.7659e-001 -3.0081e-001 +1.1845e+000
877165 +3.036527455e-001 +3.036527455e-001 -2.626347254e+000 -2.626347254e+000 +2.2837e+000 +1.3490e+000 -7.2862e-001 -3.0349e-001 +1.0873e+000
877975 +2.412440647e-001 +2.412440647e-001 -2.688755935e+000 -2.688755935e+000 +2.2295e+000 +1.3608e+000 -7.7568e-001 -2.3554e-001 +1.1092e+000
878768 +2.362927598e-001 +2.362927598e-001 -2.693707240e+000 -2.693707240e+000 +2.2397e+000 +1.3938e+000 -7.4261e-001 -2.4376e-001 +1.0984e+000
972356 +1.664809538e-001 +1.664809538e-001 -2.763519046e+000 -2.763519046e+000 +2.4033e+000 +1.4647e+000 -7.0475e-001 -4.9617e-001 +1.1136e+000
972414 +1.499675813e-001 +1.499675813e-001 -2.780032419e+000 -2.780032419e+000 +2.4503e+000 +1.5215e+000 -6.8020e-001 -4.5249e-001 +1.1094e+000
972456 +6.495677051e-002 +6.495677051e-002 -2.865043229e+000 -2.865043229e+000 +2.4394e+000 +1.5691e+000 -7.1346e-001 -4.0396e-001 +1.1288e+000
985877 +6.024521369e-002 +6.024521369e-002 -2.869754786e+000 -2.869754786e+000 +2.4396e+000 +1.5146e+000 -6.9800e-001 -4.1727e-001 +1.2234e+000
986183 +5.666025449e-002 +5.666025449e-002 -2.873339746e+000 -2.873339746e+000 +2.4539e+000 +1.5866e+000 -7.6776e-001 -4.1437e-001 +1.1562e+000
986236 +4.088110914e-002 +4.088110914e-002 -2.889118891e+000 -2.889118891e+000 +2.5000e+000 +1.5927e+000 -7.9518e-001 -4.1324e-001 +1.2162e+000
986417 +3.938693042e-002 +3.938693042e-002 -2.890613070e+000 -2.890613070e+000 +2.4947e+000 +1.6316e+000 -7.8139e-001 -4.1945e-001 +1.2742e+000
986964 +3.249302439e-002 +3.249302439e-002 -2.897506976e+000 -2.897506976e+000 +2.5108e+000 +1.7368e+000 -8.2374e-001 -4.2196e-001 +1.2103e+000
987694 +3.090742208e-002 +3.090742208e-002 -2.899092578e+000 -2.899092578e+000 +2.5253e+000 +1.7438e+000 -8.2951e-001 -4.2942e-001 +1.2956e+000
988206 +2.575589559e-002 +2.575589559e-002 -2.904244104e+000 -2.904244104e+000 +2.5550e+000 +1.7357e+000 -8.2321e-001 -4.2935e-001 +1.2155e+000
988295 +2.083878437e-002 +2.083878437e-002 -2.909161216e+000 -2.909161216e+000 +2.5078e+000 +1.7433e+000 -8.5939e-001 -4.2529e-001 +1.2481e+000
992505 +1.656095394e-002 +1.656095394e-002 -2.913439046e+000 -2.913439046e+000 +2.5427e+000 +1.7931e+000 -8.9240e-001 -4.4008e-001 +1.2222e+000
992706 +1.114715012e-002 +1.114715012e-002 -2.918852850e+000 -2.918852850e+000 +2.5486e+000 +1.7929e+000 -8.8164e-001 -4.6570e-001 +1.2214e+000
993253 +1.085401766e-002 +1.085401766e-002 -2.919145982e+000 -2.919145982e+000 +2.5400e+000 +1.8339e+000 -8.7981e-001 -4.6760e-001 +1.2658e+000
995740 +8.448205836e-003 +8.448205836e-003 -2.921551794e+000 -2.921551794e+000 +2.5459e+000 +1.8859e+000 -9.7001e-001 -4.7458e-001 +1.2617e+000
996051 +7.581938322e-003 +7.581938322e-003 -2.922418062e+000 -2.922418062e+000 +2.5537e+000 +1.8771e+000 -9.3479e-001 -4.7580e-001 +1.1879e+000
996102 +4.908179356e-007 +4.908179356e-007 -2.929999509e+000 -2.929999509e+000 +2.5489e+000 +1.8810e+000 -9.4659e-001 -5.0301e-001 +1.2309e+000
996106 +4.245945529e-007 +4.245945529e-007 -2.929999575e+000 -2.929999575e+000 +2.5483e+000 +1.8788e+000 -9.5778e-001 -4.9777e-001 +1.2288e+000
996165 +2.142836477e-007 +2.142836477e-007 -2.929999786e+000 -2.929999786e+000 +2.5618e+000 +1.8756e+000 -9.7449e-001 -5.0149e-001 +1.2112e+000
996271 +1.956098545e-007 +1.956098545e-007 -2.929999804e+000 -2.929999804e+000 +2.5595e+000 +1.8986e+000 -9.8590e-001 -5.0005e-001 +1.2497e+000
996291 +7.594023943e-008 +7.594023943e-008 -2.929999924e+000 -2.929999924e+000 +2.5602e+000 +1.9076e+000 -9.7324e-001 -5.0940e-001 +1.2172e+000
996312 +6.573446898e-008 +6.573446898e-008 -2.929999934e+000 -2.929999934e+000 +2.5631e+000 +1.9069e+000 -9.6567e-001 -5.0076e-001 +1.2013e+000
996326 +2.862946058e-008 +2.862946058e-008 -2.929999971e+000 -2.929999971e+000 +2.5610e+000 +1.9109e+000 -9.9503e-001 -4.9535e-001 +1.2270e+000
996361 +1.272194927e-008 +1.272194927e-008 -2.929999987e+000 -2.929999987e+000 +2.5654e+000 +1.9092e+000 -9.7545e-001 -5.1785e-001 +1.2133e+000
996376 +1.208907241e-008 +1.208907241e-008 -2.929999988e+000 -2.929999988e+000 +2.5650e+000 +1.9018e+000 -9.8055e-001 -5.0545e-001 +1.2084e+000
996395 +1.186688081e-009 +1.186688081e-009 -2.929999999e+000 -2.929999999e+000 +2.5649e+000 +1.9252e+000 -9.6872e-001 -5.0708e-001 +1.2156e+000
1002228 +0.000000000e+000 +0.000000000e+000 -2.930000000e+000 -2.930000000e+000 +2.5647e+000 +1.9074e+000 -9.7795e-001 -5.1035e-001 +1.2096e+000
% function evaluation | noise-free fitness - Fopt (1.398800000000e+002) | best noise-free fitness - Fopt | measured fitness | best measured fitness | x1 | x2...
1 +3.867054750e+002 +3.867054750e+002 +5.265854750e+002 +5.265854750e+002 -4.9557e-001 +2.9466e+000 -8.4163e+000 -8.8235e-001 -3.7196e+000
4 +5.710260210e+001 +5.710260210e+001 +1.969826021e+002 +1.969826021e+002 -3.4520e+000 +5.3741e+000 -1.7164e+000 -6.5793e-001 +9.7685e-001
29 +3.403853780e+001 +3.403853780e+001 +1.739185378e+002 +1.739185378e+002 -1.7761e+000 +4.7765e+000 -1.9789e+000 -1.5105e+000 +1.8027e+000
51 +1.698617045e+001 +1.698617045e+001 +1.568661705e+002 +1.568661705e+002 -7.1923e-001 +4.4727e+000 -3.5886e+000 -8.1024e-001 +1.9618e+000
147 +1.548440568e+001 +1.548440568e+001 +1.553644057e+002 +1.553644057e+002 -2.4485e+000 +3.2636e+000 -3.0931e+000 -2.9067e+000 +2.3255e+000
149 +1.134443590e+001 +1.134443590e+001 +1.512244359e+002 +1.512244359e+002 -1.9296e+000 +3.5865e+000 -3.3782e+000 -2.6830e+000 +3.0926e+000
171 +9.225388879e+000 +9.225388879e+000 +1.491053889e+002 +1.491053889e+002 -1.8362e+000 +3.1450e+000 -3.2260e+000 -3.7249e+000 +3.1084e+000
178 +8.415630649e+000 +8.415630649e+000 +1.482956306e+002 +1.482956306e+002 -1.9228e+000 +3.2103e+000 -3.2291e+000 -3.1287e+000 +3.0153e+000
181 +6.093426249e+000 +6.093426249e+000 +1.459734262e+002 +1.459734262e+002 -8.0586e-001 +2.4771e+000 -3.0064e+000 -3.5068e+000 +3.7450e+000
242 +6.002324707e+000 +6.002324707e+000 +1.458823247e+002 +1.458823247e+002 -1.1476e+000 +3.2745e+000 -2.9611e+000 -3.0030e+000 +3.0980e+000
271 +4.238534551e+000 +4.238534551e+000 +1.441185346e+002 +1.441185346e+002 -5.3624e-001 +3.0195e+000 -2.8974e+000 -3.0079e+000 +3.4696e+000
358 +2.489132003e+000 +2.489132003e+000 +1.423691320e+002 +1.423691320e+002 -3.0479e-001 +2.6285e+000 -3.0001e+000 -2.9635e+000 +3.4841e+000
387 +2.345276939e+000 +2.345276939e+000 +1.422252769e+002 +1.422252769e+002 -3.1230e-001 +2.6985e+000 -3.0093e+000 -2.9379e+000 +3.5488e+000
473 +2.009375704e+000 +2.009375704e+000 +1.418893757e+002 +1.418893757e+002 +7.1051e-002 +2.7244e+000 -3.0151e+000 -2.4996e+000 +3.5367e+000
584 +1.948383172e+000 +1.948383172e+000 +1.418283832e+002 +1.418283832e+002 +1.0745e-001 +2.6172e+000 -3.0075e+000 -2.8577e+000 +3.7693e+000
836 +8.910014035e-001 +8.910014035e-001 +1.407710014e+002 +1.407710014e+002 +1.2431e+000 +2.5667e+000 -3.0728e+000 -2.4282e+000 +3.6214e+000
1117 +7.788923584e-001 +7.788923584e-001 +1.406588924e+002 +1.406588924e+002 +1.4555e+000 +2.5256e+000 -3.0746e+000 -2.2233e+000 +3.7050e+000
1128 +6.887712174e-001 +6.887712174e-001 +1.405687712e+002 +1.405687712e+002 +1.4389e+000 +2.4791e+000 -3.0756e+000 -2.0922e+000 +3.7734e+000
1140 +6.630312705e-001 +6.630312705e-001 +1.405430313e+002 +1.405430313e+002 +1.3006e+000 +2.5333e+000 -3.0765e+000 -2.1628e+000 +3.6502e+000
1153 +5.696954194e-001 +5.696954194e-001 +1.404496954e+002 +1.404496954e+002 +1.3149e+000 +2.4528e+000 -3.0845e+000 -2.1492e+000 +3.6679e+000
1182 +5.116764783e-001 +5.116764783e-001 +1.403916765e+002 +1.403916765e+002 +1.3123e+000 +2.4512e+000 -3.0815e+000 -2.2240e+000 +3.7139e+000
1224 +4.812140541e-001 +4.812140541e-001 +1.403612141e+002 +1.403612141e+002 +1.3585e+000 +2.4088e+000 -3.0802e+000 -2.2824e+000 +3.7674e+000
1304 +4.746848825e-001 +4.746848825e-001 +1.403546849e+002 +1.403546849e+002 +1.2068e+000 +2.3722e+000 -3.0820e+000 -2.3781e+000 +3.7165e+000
145160 +4.585750438e-001 +4.585750438e-001 +1.403385750e+002 +1.403385750e+002 +1.4391e+000 +2.3633e+000 -3.6269e+000 -1.5153e+000 +3.4185e+000
145721 +4.002057092e-001 +4.002057092e-001 +1.402802057e+002 +1.402802057e+002 +1.4720e+000 +2.3929e+000 -3.6314e+000 -1.5930e+000 +3.4523e+000
157593 +2.237754025e-001 +2.237754025e-001 +1.401037754e+002 +1.401037754e+002 +1.5401e+000 +2.3580e+000 -3.5845e+000 -1.6366e+000 +3.5001e+000
158178 +2.113089064e-001 +2.113089064e-001 +1.400913089e+002 +1.400913089e+002 +1.5953e+000 +2.3648e+000 -3.6244e+000 -1.6437e+000 +3.4902e+000
158422 +1.971764463e-001 +1.971764463e-001 +1.400771764e+002 +1.400771764e+002 +1.4179e+000 +2.4390e+000 -3.6645e+000 -1.6380e+000 +3.4171e+000
158479 +1.915194473e-001 +1.915194473e-001 +1.400715194e+002 +1.400715194e+002 +1.4718e+000 +2.4028e+000 -3.6430e+000 -1.7099e+000 +3.4157e+000
158503 +1.773260015e-001 +1.773260015e-001 +1.400573260e+002 +1.400573260e+002 +1.5259e+000 +2.4067e+000 -3.6514e+000 -1.6661e+000 +3.4357e+000
158560 +1.726630753e-001 +1.726630753e-001 +1.400526631e+002 +1.400526631e+002 +1.5951e+000 +2.4064e+000 -3.6532e+000 -1.5741e+000 +3.3956e+000
158627 +5.804403502e-002 +5.804403502e-002 +1.399380440e+002 +1.399380440e+002 +1.7401e+000 +2.4215e+000 -3.6440e+000 -1.5660e+000 +3.4485e+000
158693 +5.555024199e-002 +5.555024199e-002 +1.399355502e+002 +1.399355502e+002 +1.7497e+000 +2.4180e+000 -3.6386e+000 -1.5925e+000 +3.4617e+000
158790 +4.041009630e-002 +4.041009630e-002 +1.399204101e+002 +1.399204101e+002 +1.7750e+000 +2.4262e+000 -3.6573e+000 -1.4907e+000 +3.4244e+000
158825 +2.822249898e-002 +2.822249898e-002 +1.399082225e+002 +1.399082225e+002 +2.1145e+000 +2.4262e+000 -3.6862e+000 -1.3634e+000 +3.4411e+000
158854 +1.722806427e-002 +1.722806427e-002 +1.398972281e+002 +1.398972281e+002 +1.9777e+000 +2.4448e+000 -3.6565e+000 -1.4150e+000 +3.4319e+000
162311 +7.729650579e-003 +7.729650579e-003 +1.398877297e+002 +1.398877297e+002 +1.9585e+000 +2.4933e+000 -3.6124e+000 -1.3871e+000 +3.4373e+000
162449 +4.513414069e-007 +4.513414069e-007 +1.398800005e+002 +1.398800005e+002 +2.0003e+000 +2.4849e+000 -3.6348e+000 -1.3117e+000 +3.4144e+000
168456 +2.929267566e-007 +2.929267566e-007 +1.398800003e+002 +1.398800003e+002 +2.0299e+000 +2.5035e+000 -3.6437e+000 -1.3135e+000 +3.4046e+000
179468 +1.394070637e-008 +1.394070637e-008 +1.398800000e+002 +1.398800000e+002 +2.0241e+000 +2.5058e+000 -3.6516e+000 -1.2800e+000 +3.3959e+000
180668 +5.535298442e-009 +5.535298442e-009 +1.398800000e+002 +1.398800000e+002 +2.0396e+000 +2.5054e+000 -3.6796e+000 -1.3104e+000 +3.3786e+000
189098 +0.000000000e+000 +0.000000000e+000 +1.398800000e+002 +1.398800000e+002 +2.0394e+000 +2.4904e+000 -3.6788e+000 -1.3070e+000 +3.3813e+000
% function evaluation | noise-free fitness - Fopt (-2.290200000000e+002) | best noise-free fitness - Fopt | measured fitness | best measured fitness | x1 | x2...
1 +5.317546300e+003 +5.317546300e+003 +5.088526300e+003 +5.088526300e+003 -1.9129e+000 -7.2781e+000 +4.8202e+000 -1.4947e+001 -1.1995e+000
2 +5.784453973e+002 +5.784453973e+002 +3.494253973e+002 +3.494253973e+002 -2.9396e+000 +6.8824e+000 +2.6847e+000 -9.9250e-001 +6.4506e+000
4 +1.813952041e+002 +1.813952041e+002 -4.762479594e+001 -4.762479594e+001 -4.4553e+000 -1.7198e+000 +6.1094e+000 -2.4554e+000 -3.3660e-001
8 +9.046159591e+001 +9.046159591e+001 -1.385584041e+002 -1.385584041e+002 -4.5243e+000 -3.5184e+000 +2.8598e+000 -2.9415e+000 +3.0800e-002
9 +5.089427579e+001 +5.089427579e+001 -1.781257242e+002 -1.781257242e+002 -3.1264e+000 -5.7274e+000 +5.6105e+000 -2.5977e+000 -2.6373e+000
43 +2.570457677e+001 +2.570457677e+001 -2.033154232e+002 -2.033154232e+002 -2.6279e+000 -3.7446e+000 +4.5813e+000 -1.2639e+000 -8.7814e-001
65 +2.247163532e+001 +2.247163532e+001 -2.065483647e+002 -2.065483647e+002 -3.6925e+000 -4.5375e-001 +3.3310e+000 -1.1786e+000 +5.1576e-002
68 +1.642725939e+001 +1.642725939e+001 -2.125927406e+002 -2.125927406e+002 -1.0204e+000 -2.7166e+000 +2.3081e+000 -1.9453e+000 -1.6023e+000
118 +1.037312514e+001 +1.037312514e+001 -2.186468749e+002 -2.186468749e+002 -1.3595e+000 -2.3566e+000 +1.8226e+000 -1.9447e+000 +6.0470e-001
175 +8.045435548e+000 +8.045435548e+000 -2.209745645e+002 -2.209745645e+002 -1.6335e+000 -1.3524e+000 +1.7183e+000 -1.0996e+000 -1.4267e-001
236 +3.501998988e+000 +3.501998988e+000 -2.255180010e+002 -2.255180010e+002 -2.1536e+000 -8.3811e-001 +2.8370e+000 -1.4827e+000 -1.8568e+000
294 +2.701641691e+000 +2.701641691e+000 -2.263183583e+002 -2.263183583e+002 -2.7612e+000 -6.1765e-001 +2.6228e+000 -1.2630e+000 -3.0619e-001
314 +7.030083267e-001 +7.030083267e-001 -2.283169917e+002 -2.283169917e+002 -2.3973e+000 -9.6710e-001 +2.6769e+000 -1.2412e+000 -1.9054e-001
337 +6.116933417e-001 +6.116933417e-001 -2.284083067e+002 -2.284083067e+002 -2.2467e+000 -1.1934e+000 +2.3570e+000 -1.2616e+000 -2.0257e-001
403 +5.121347393e-001 +5.121347393e-001 -2.285078653e+002 -2.285078653e+002 -2.4647e+000 -7.5948e-001 +2.5436e+000 -1.2453e+000 -3.5047e-001
688 +4.644280184e-001 +4.644280184e-001 -2.285555720e+002 -2.285555720e+002 -2.3120e+000 -6.0741e-001 +2.1797e+000 -1.3428e+000 -1.8838e-001
981 +4.263867028e-001 +4.263867028e-001 -2.285936133e+002 -2.285936133e+002 -2.3454e+000 -5.9228e-001 +2.2424e+000 -1.4291e+000 -3.6869e-001
4841 +2.593959310e-001 +2.593959310e-001 -2.287606041e+002 -2.287606041e+002 -2.3622e+000 -3.2283e-001 +2.2683e+000 -9.4958e-001 +3.8179e-001
4869 +2.357739868e-001 +2.357739868e-001 -2.287842260e+002 -2.287842260e+002 -2.3604e+000 -3.5439e-001 +2.3322e+000 -9.5322e-001 +2.4373e-001
16221 +1.357804479e-001 +1.357804479e-001 -2.288842196e+002 -2.288842196e+002 -2.1996e+000 -5.3765e-001 +2.1051e+000 -1.1054e+000 +2.9532e-001
28547 +6.321143287e-002 +6.321143287e-002 -2.289567886e+002 -2.289567886e+002 -2.2311e+000 -5.3103e-001 +2.1011e+000 -1.0985e+000 +2.6683e-001
30603 +6.114968948e-002 +6.114968948e-002 -2.289588503e+002 -2.289588503e+002 -2.2227e+000 -5.0438e-001 +2.0701e+000 -1.0655e+000 +3.2172e-001
30741 +5.129923333e-002 +5.129923333e-002 -2.289687008e+002 -2.289687008e+002 -2.2220e+000 -5.0665e-001 +2.0471e+000 -1.0835e+000 +3.2760e-001
30752 +4.271287329e-002 +4.271287329e-002 -2.289772871e+002 -2.289772871e+002 -2.2193e+000 -4.5247e-001 +2.0477e+000 -1.0825e+000 +3.2295e-001
31200 +4.168761953e-002 +4.168761953e-002 -2.289783124e+002 -2.289783124e+002 -2.2718e+000 -4.7116e-001 +2.0505e+000 -1.0912e+000 +3.5103e-001
31308 +1.760501195e-002 +1.760501195e-002 -2.290023950e+002 -2.290023950e+002 -2.2173e+000 -4.5806e-001 +1.9473e+000 -1.1034e+000 +3.4278e-001
31735 +1.590125889e-002 +1.590125889e-002 -2.290040987e+002 -2.290040987e+002 -2.2430e+000 -4.5988e-001 +1.9303e+000 -1.0896e+000 +3.9384e-001
31985 +9.092083018e-003 +9.092083018e-003 -2.290109079e+002 -2.290109079e+002 -2.2120e+000 -3.8847e-001 +1.8897e+000 -1.0817e+000 +4.2864e-001
32053 +7.490892982e-003 +7.490892982e-003 -2.290125091e+002 -2.290125091e+002 -2.2180e+000 -4.2547e-001 +1.8882e+000 -1.0769e+000 +4.3577e-001
32136 +3.166454121e-007 +3.166454121e-007 -2.290199997e+002 -2.290199997e+002 -2.2095e+000 -3.8225e-001 +1.8309e+000 -1.0596e+000 +4.9071e-001
34777 +2.742714855e-008 +2.742714855e-008 -2.290200000e+002 -2.290200000e+002 -2.1803e+000 -3.8881e-001 +1.8389e+000 -1.0847e+000 +4.8409e-001
43539 +9.748788443e-009 +9.748788443e-009 -2.290200000e+002 -2.290200000e+002 -2.1851e+000 -3.8626e-001 +1.8423e+000 -1.0775e+000 +5.2337e-001
50312 +0.000000000e+000 +0.000000000e+000 -2.290200000e+002 -2.290200000e+002 -2.1824e+000 -3.8673e-001 +1.8297e+000 -1.0817e+000 +5.0187e-001
% function evaluation | noise-free fitness - Fopt (6.198000000000e+001) | best noise-free fitness - Fopt | measured fitness | best measured fitness | x1 | x2...
1 +5.147154344e+002 +5.147154344e+002 +5.766954344e+002 +5.766954344e+002 +7.9394e-001 +4.5198e+000 -9.6872e-001 +8.4610e-001 -8.7933e-001
4 +2.154524399e+002 +2.154524399e+002 +2.774324399e+002 +2.774324399e+002 +5.2750e-002 -1.0505e+000 +4.2506e-001 +2.2877e+000 +2.9705e+000
6 +1.394804914e+002 +1.394804914e+002 +2.014604914e+002 +2.014604914e+002 +5.8005e+000 -7.3498e-001 -1.1242e+000 +1.7900e+000 -2.2697e+000
35 +8.913083746e+001 +8.913083746e+001 +1.511108375e+002 +1.511108375e+002 +2.6126e+000 -1.3455e-001 -6.3624e-001 +4.4978e+000 +4.8445e-001
61 +7.029399920e+001 +7.029399920e+001 +1.322739992e+002 +1.322739992e+002 +2.5141e+000 -2.5107e-001 -9.1941e-001 +4.0218e+000 +5.2776e+000
80 +2.951517491e+001 +2.951517491e+001 +9.149517491e+001 +9.149517491e+001 +3.7963e+000 +4.4038e-001 -5.9745e-001 -3.6013e+000 +1.2939e-001
247 +2.122097231e+001 +2.122097231e+001 +8.320097231e+001 +8.320097231e+001 +3.4775e+000 +1.7659e-001 +2.0159e+000 -3.1041e+000 +1.3087e+000
433 +1.918723079e+001 +1.918723079e+001 +8.116723079e+001 +8.116723079e+001 +4.3242e+000 +5.9690e-001 +6.0701e+000 -1.0612e+000 -4.3964e-001
448 +1.231779656e+001 +1.231779656e+001 +7.429779656e+001 +7.429779656e+001 +4.2401e+000 +5.1948e-001 +3.3434e+000 -1.2967e+000 -6.0393e-001
478 +6.292974643e+000 +6.292974643e+000 +6.827297464e+001 +6.827297464e+001 +3.7923e+000 +5.3893e-001 +4.0599e+000 -1.8911e+000 -4.9888e-001
496 +4.061306764e+000 +4.061306764e+000 +6.604130676e+001 +6.604130676e+001 +4.1353e+000 +1.1492e+000 +2.3692e+000 -3.9785e+000 -1.0606e+000
594 +2.786981440e+000 +2.786981440e+000 +6.476698144e+001 +6.476698144e+001 +3.9053e+000 +7.8568e-001 +2.0223e+000 -3.3670e+000 -1.0686e+000
679 +2.728558044e+000 +2.728558044e+000 +6.470855804e+001 +6.470855804e+001 +3.7993e+000 +8.5614e-001 +1.6582e+000 -3.1831e+000 -9.5567e-001
693 +2.617728631e+000 +2.617728631e+000 +6.459772863e+001 +6.459772863e+001 +3.8598e+000 +8.7412e-001 +2.6969e+000 -3.4241e+000 -1.3634e-001
734 +1.199204174e+000 +1.199204174e+000 +6.317920417e+001 +6.317920417e+001 +3.7961e+000 +1.0421e+000 +3.0259e+000 -3.3345e+000 -7.8416e-001
776 +1.165002628e+000 +1.165002628e+000 +6.314500263e+001 +6.314500263e+001 +3.8354e+000 +1.1079e+000 +2.9887e+000 -3.3872e+000 -8.0156e-001
849 +1.111293889e+000 +1.111293889e+000 +6.309129389e+001 +6.309129389e+001 +3.5108e+000 +1.0929e+000 +2.6738e+000 -3.2110e+000 -1.4509e-001
941 +1.082970664e+000 +1.082970664e+000 +6.306297066e+001 +6.306297066e+001 +3.4954e+000 +1.0275e+000 +2.6395e+000 -2.8665e+000 -6.4541e-001
1010 +1.058190258e+000 +1.058190258e+000 +6.303819026e+001 +6.303819026e+001 +3.4973e+000 +1.0360e+000 +2.4770e+000 -3.0386e+000 -6.9624e-001
1058 +8.174859609e-001 +8.174859609e-001 +6.279748596e+001 +6.279748596e+001 +3.4617e+000 +1.0038e+000 +2.3269e+000 -3.2739e+000 +5.3077e-003
1082 +4.699991444e-001 +4.699991444e-001 +6.244999914e+001 +6.244999914e+001 +3.4762e+000 +1.0014e+000 +2.0325e+000 -3.2196e+000 -1.3251e-001
1229 +3.374292769e-001 +3.374292769e-001 +6.231742928e+001 +6.231742928e+001 +3.3750e+000 +1.0834e+000 +1.7970e+000 -3.2740e+000 -3.0956e-001
1341 +2.803646153e-001 +2.803646153e-001 +6.226036462e+001 +6.226036462e+001 +3.3873e+000 +1.0305e+000 +1.8730e+000 -3.3847e+000 +8.4551e-002
1360 +2.629025793e-001 +2.629025793e-001 +6.224290258e+001 +6.224290258e+001 +3.3785e+000 +1.0281e+000 +2.0546e+000 -3.3262e+000 +9.3725e-002
1403 +2.471514915e-001 +2.471514915e-001 +6.222715149e+001 +6.222715149e+001 +3.3654e+000 +1.0248e+000 +2.0630e+000 -3.3456e+000 -1.6051e-001
1411 +2.336126665e-001 +2.336126665e-001 +6.221361267e+001 +6.221361267e+001 +3.3881e+000 +1.0332e+000 +1.9769e+000 -3.3649e+000 -5.8884e-002
1420 +2.030143236e-001 +2.030143236e-001 +6.218301432e+001 +6.218301432e+001 +3.3611e+000 +1.0255e+000 +1.8971e+000 -3.3599e+000 -1.0387e-001
1510 +1.695251967e-001 +1.695251967e-001 +6.214952520e+001 +6.214952520e+001 +3.2938e+000 +1.0341e+000 +1.6383e+000 -3.3301e+000 +3.0415e-003
1535 +1.186496591e-001 +1.186496591e-001 +6.209864966e+001 +6.209864966e+001 +3.3105e+000 +1.0408e+000 +1.7679e+000 -3.3475e+000 -7.7178e-002
1558 +8.743953288e-002 +8.743953288e-002 +6.206743953e+001 +6.206743953e+001 +3.2863e+000 +1.0691e+000 +1.6057e+000 -3.3073e+000 +3.4098e-002
1559 +7.826493272e-002 +7.826493272e-002 +6.205826493e+001 +6.205826493e+001 +3.2820e+000 +1.0904e+000 +1.8647e+000 -3.4433e+000 +5.0705e-002
1582 +5.353130826e-002 +5.353130826e-002 +6.203353131e+001 +6.203353131e+001 +3.2890e+000 +1.0729e+000 +1.7150e+000 -3.3683e+000 +6.0034e-002
1615 +2.850154465e-002 +2.850154465e-002 +6.200850154e+001 +6.200850154e+001 +3.2700e+000 +1.1068e+000 +1.6636e+000 -3.4099e+000 +3.4935e-004
1652 +2.255714706e-002 +2.255714706e-002 +6.200255715e+001 +6.200255715e+001 +3.2808e+000 +1.0917e+000 +1.6513e+000 -3.4978e+000 -1.4658e-002
1696 +1.334437354e-002 +1.334437354e-002 +6.199334437e+001 +6.199334437e+001 +3.2221e+000 +1.1315e+000 +1.6402e+000 -3.4726e+000 +2.7614e-002
1764 +1.087723141e-002 +1.087723141e-002 +6.199087723e+001 +6.199087723e+001 +3.2327e+000 +1.1193e+000 +1.6940e+000 -3.4919e+000 +3.4355e-002
1854 +3.336093384e-003 +3.336093384e-003 +6.198333609e+001 +6.198333609e+001 +3.2359e+000 +1.1201e+000 +1.6240e+000 -3.4929e+000 +2.1014e-002
1892 +1.816158957e-007 +1.816158957e-007 +6.198000018e+001 +6.198000018e+001 +3.2343e+000 +1.1343e+000 +1.5927e+000 -3.5503e+000 +2.3266e-002
2112 +1.004669059e-008 +1.004669059e-008 +6.198000001e+001 +6.198000001e+001 +3.2317e+000 +1.1349e+000 +1.6035e+000 -3.5674e+000 -6.1034e-003
2233 +1.300428210e-009 +1.300428210e-009 +6.198000000e+001 +6.198000000e+001 +3.2274e+000 +1.1360e+000 +1.6078e+000 -3.5538e+000 +3.0969e-003
7264 +0.000000000e+000 +0.000000000e+000 +6.198000000e+001 +6.198000000e+001 +3.2161e+000 +1.1242e+000 +1.6107e+000 -3.5581e+000 +5.7184e-004
% function evaluation | noise-free fitness - Fopt (-2.359000000000e+001) | best noise-free fitness - Fopt | measured fitness | best measured fitness | x1 | x2...
1 +7.353888701e+002 +7.353888701e+002 +7.117988701e+002 +7.117988701e+002 +2.9721e+000 -1.3603e-001 -2.7393e+000 -2.3131e+000 +2.1228e+000
5 +5.939203074e+002 +5.939203074e+002 +5.703303074e+002 +5.703303074e+002 +2.1946e+000 -6.0306e-001 -3.5171e+000 -6.2017e-002 -9.8828e-002
10 +4.670367564e+002 +4.670367564e+002 +4.434467564e+002 +4.434467564e+002 +5.3070e+000 +7.4029e-001 -3.1096e+000 +2.8089e+000 +2.0700e+000
12 +4.512228065e+002 +4.512228065e+002 +4.276328065e+002 +4.276328065e+002 +5.5622e+000 +5.7419e+000 +3.4356e-001 +1.2229e-001 -7.4728e-001
15 +3.853423585e+002 +3.853423585e+002 +3.617523585e+002 +3.617523585e+002 +3.9476e+000 -8.3591e-001 +2.6455e-001 -1.5609e+000 -2.0717e+000
19 +1.354129621e+002 +1.354129621e+002 +1.118229621e+002 +1.118229621e+002 +2.0413e+000 +5.5201e-001 +3.0252e+000 -2.4461e+000 +3.0752e+000
45 +6.999473297e+001 +6.999473297e+001 +4.640473297e+001 +4.640473297e+001 +1.5929e+000 +9.7421e-001 +4.9572e+000 -1.0394e+000 +2.5313e+000
108 +5.314945182e+001 +5.314945182e+001 +2.955945182e+001 +2.955945182e+001 +3.0237e+000 +6.1580e+000 +7.1522e+000 -3.0554e+000 +3.1494e+000
130 +4.409512765e+001 +4.409512765e+001 +2.050512765e+001 +2.050512765e+001 +1.8356e+000 +5.0951e+000 +6.9195e+000 -1.6040e+000 +2.8844e-001
132 +2.734542479e+001 +2.734542479e+001 +3.755424790e+000 +3.755424790e+000 +2.7022e+000 +4.8286e+000 +4.7643e+000 -4.1065e-001 +4.8894e+000
156 +2.302386909e+001 +2.302386909e+001 -5.661309144e-001 -5.661309144e-001 +2.2531e+000 +5.3075e+000 +5.1208e+000 -8.6001e-001 +1.8789e+000
157 +2.173572802e+001 +2.173572802e+001 -1.854271977e+000 -1.854271977e+000 +1.8897e+000 +4.7084e+000 +6.4186e+000 -3.9185e-001 +1.9894e+000
189 +1.890469836e+001 +1.890469836e+001 -4.685301635e+000 -4.685301635e+000 +1.9384e+000 +4.6510e+000 +5.2292e+000 -7.7174e-001 +2.5124e+000
204 +1.599551778e+001 +1.599551778e+001 -7.594482219e+000 -7.594482219e+000 +2.1131e+000 +5.7674e+000 +5.1404e+000 +1.9815e-001 +1.3332e+000
205 +1.516548752e+001 +1.516548752e+001 -8.424512485e+000 -8.424512485e+000 +1.9071e+000 +4.7053e+000 +5.1350e+000 -3.6313e-001 +4.2576e+000
235 +1.378751848e+001 +1.378751848e+001 -9.802481523e+000 -9.802481523e+000 +1.8755e+000 +5.6048e+000 +6.1340e+000 -6.7727e-001 +1.7163e+000
258 +1.286666357e+001 +1.286666357e+001 -1.072333643e+001 -1.072333643e+001 +1.7093e+000 +5.8378e+000 +5.9159e+000 -4.9868e-001 +1.1801e+000
266 +1.089166524e+001 +1.089166524e+001 -1.269833476e+001 -1.269833476e+001 +1.9260e+000 +5.7003e+000 +5.9487e+000 -2.9190e-001 +1.7443e+000
304 +8.076040402e+000 +8.076040402e+000 -1.551395960e+001 -1.551395960e+001 +1.7576e+000 +4.8059e+000 +5.1132e+000 -1.5145e-001 +2.7365e+000
330 +7.399406558e+000 +7.399406558e+000 -1.619059344e+001 -1.619059344e+001 +1.3475e+000 +4.5431e+000 +5.3786e+000 -2.0832e-001 +2.6492e+000
404 +7.105818617e+000 +7.105818617e+000 -1.648418138e+001 -1.648418138e+001 +1.2504e+000 +4.9435e+000 +5.5783e+000 +2.6199e-001 +2.4848e+000
406 +6.993676407e+000 +6.993676407e+000 -1.659632359e+001 -1.659632359e+001 +1.7653e+000 +4.9139e+000 +5.2079e+000 -6.7255e-003 +2.4317e+000
422 +6.731036479e+000 +6.731036479e+000 -1.685896352e+001 -1.685896352e+001 +1.6295e+000 +4.7270e+000 +5.3194e+000 +1.4756e-001 +2.6596e+000
503 +4.364250196e+000 +4.364250196e+000 -1.922574980e+001 -1.922574980e+001 +1.1830e+000 +4.6566e+000 +5.1633e+000 +4.4799e-001 +2.1394e+000
720 +4.087320147e+000 +4.087320147e+000 -1.950267985e+001 -1.950267985e+001 +1.2884e+000 +4.7504e+000 +5.2670e+000 +3.7635e-001 +2.0063e+000
722 +3.743012101e+000 +3.743012101e+000 -1.984698790e+001 -1.984698790e+001 +1.3422e+000 +4.7667e+000 +5.3981e+000 +4.0020e-001 +2.0625e+000
729 +3.560466798e+000 +3.560466798e+000 -2.002953320e+001 -2.002953320e+001 +1.3056e+000 +4.7529e+000 +5.3068e+000 +5.8784e-001 +1.9390e+000
737 +3.530490483e+000 +3.530490483e+000 -2.005950952e+001 -2.005950952e+001 +1.3743e+000 +4.7976e+000 +5.3088e+000 +5.0503e-001 +2.0170e+000
886 +3.454288196e+000 +3.454288196e+000 -2.013571180e+001 -2.013571180e+001 +1.3441e+000 +4.7438e+000 +5.1383e+000 +6.0400e-001 +2.1604e+000
3972 +2.969095010e+000 +2.969095010e+000 -2.062090499e+001 -2.062090499e+001 +1.2695e+000 +4.6749e+000 +4.9830e+000 +7.0673e-001 +2.4912e+000
4667 +2.870607856e+000 +2.870607856e+000 -2.071939214e+001 -2.071939214e+001 +1.2660e+000 +4.6575e+000 +4.8779e+000 +7.8743e-001 +2.5037e+000
7331 +2.767369904e+000 +2.767369904e+000 -2.082263010e+001 -2.082263010e+001 +1.2141e+000 +4.6697e+000 +5.0056e+000 +8.1219e-001 +2.5588e+000
17318 +2.336790382e+000 +2.336790382e+000 -2.125320962e+001 -2.125320962e+001 +1.0915e+000 +3.7479e+000 +4.4640e+000 +9.5473e-001 +2.6190e+000
19721 +1.766526958e+000 +1.766526958e+000 -2.182347304e+001 -2.182347304e+001 +1.0827e+000 +3.9156e+000 +4.7146e+000 +9.3837e-001 +2.8034e+000
90253 +1.587435261e+000 +1.587435261e+000 -2.200256474e+001 -2.200256474e+001 +3.4291e-001 +3.9940e+000 +4.5003e+000 +1.2869e+000 +2.3164e+000
90642 +1.581932654e+000 +1.581932654e+000 -2.200806735e+001 -2.200806735e+001 +3.6919e-001 +3.9884e+000 +4.4552e+000 +1.2893e+000 +2.1776e+000
94944 +1.517582617e+000 +1.517582617e+000 -2.207241738e+001 -2.207241738e+001 +5.8117e-001 +3.7342e+000 +4.0110e+000 +1.3489e+000 +2.9279e+000
284573 +7.827153960e-001 +7.827153960e-001 -2.280728460e+001 -2.280728460e+001 +2.3424e-001 +3.5342e+000 +3.9318e+000 +1.6248e+000 +2.5393e+000
369074 +6.703215049e-001 +6.703215049e-001 -2.291967850e+001 -2.291967850e+001 +1.3135e-001 +3.5341e+000 +3.9647e+000 +1.8101e+000 +2.8504e+000
416373 +6.124046691e-001 +6.124046691e-001 -2.297759533e+001 -2.297759533e+001 +5.1558e-002 +3.6218e+000 +3.9080e+000 +1.9272e+000 +2.5190e+000
1286746 +3.340236828e-001 +3.340236828e-001 -2.325597632e+001 -2.325597632e+001 +7.5201e-002 +3.1492e+000 +3.5837e+000 +1.9448e+000 +2.5651e+000
1286797 +3.199346397e-001 +3.199346397e-001 -2.327006536e+001 -2.327006536e+001 +8.8067e-003 +3.1182e+000 +3.5460e+000 +1.9422e+000 +2.5699e+000
1286982 +2.428121761e-001 +2.428121761e-001 -2.334718782e+001 -2.334718782e+001 -1.1922e-002 +3.1576e+000 +3.6054e+000 +1.9618e+000 +2.5500e+000
1287126 +2.224308019e-001 +2.224308019e-001 -2.336756920e+001 -2.336756920e+001 -5.0180e-002 +3.1137e+000 +3.6319e+000 +1.9281e+000 +2.6165e+000
1287145 +1.999332828e-001 +1.999332828e-001 -2.339006672e+001 -2.339006672e+001 -7.5084e-003 +3.1270e+000 +3.6444e+000 +1.9392e+000 +2.6554e+000
1287223 +1.868186902e-001 +1.868186902e-001 -2.340318131e+001 -2.340318131e+001 -5.7508e-002 +3.1277e+000 +3.6324e+000 +1.9606e+000 +2.5947e+000
1287233 +1.427204749e-001 +1.427204749e-001 -2.344727953e+001 -2.344727953e+001 -6.1918e-002 +3.1151e+000 +3.6391e+000 +1.9990e+000 +2.7217e+000
1287268 +1.395572895e-001 +1.395572895e-001 -2.345044271e+001 -2.345044271e+001 -4.3248e-002 +3.1265e+000 +3.5922e+000 +2.0148e+000 +2.8603e+000
1287311 +1.369731110e-001 +1.369731110e-001 -2.345302689e+001 -2.345302689e+001 -8.2755e-002 +3.1205e+000 +3.6296e+000 +2.0197e+000 +2.7435e+000
1288317 +1.302002908e-001 +1.302002908e-001 -2.345979971e+001 -2.345979971e+001 -1.0186e-001 +3.1795e+000 +3.6246e+000 +2.0460e+000 +2.6829e+000
1559966 +1.273303761e-001 +1.273303761e-001 -2.346266962e+001 -2.346266962e+001 -1.5209e-001 +2.6614e+000 +3.3425e+000 +2.3038e+000 +2.9307e+000
1559988 +7.784409012e-002 +7.784409012e-002 -2.351215591e+001 -2.351215591e+001 -1.6923e-001 +2.6380e+000 +3.3285e+000 +2.3058e+000 +2.9420e+000
1560082 +6.653062598e-002 +6.653062598e-002 -2.352346937e+001 -2.352346937e+001 -1.6849e-001 +2.6890e+000 +3.2971e+000 +2.2992e+000 +2.9427e+000
1560101 +6.239393315e-002 +6.239393315e-002 -2.352760607e+001 -2.352760607e+001 -1.6661e-001 +2.6946e+000 +3.3534e+000 +2.3008e+000 +2.9944e+000
1560111 +5.134696883e-002 +5.134696883e-002 -2.353865303e+001 -2.353865303e+001 -1.9483e-001 +2.6829e+000 +3.3324e+000 +2.3020e+000 +2.9543e+000
1560134 +5.118331199e-002 +5.118331199e-002 -2.353881669e+001 -2.353881669e+001 -1.9319e-001 +2.6678e+000 +3.3347e+000 +2.2960e+000 +2.9186e+000
1560145 +4.143672688e-002 +4.143672688e-002 -2.354856327e+001 -2.354856327e+001 -1.9928e-001 +2.6795e+000 +3.2909e+000 +2.3017e+000 +3.0337e+000
1560167 +3.260709809e-002 +3.260709809e-002 -2.355739290e+001 -2.355739290e+001 -1.8695e-001 +2.6764e+000 +3.2879e+000 +2.2731e+000 +3.0160e+000
1561134 +3.193687874e-002 +3.193687874e-002 -2.355806312e+001 -2.355806312e+001 -2.4568e-001 +2.6781e+000 +3.2807e+000 +2.3096e+000 +2.9769e+000
1561832 +2.148496752e-002 +2.148496752e-002 -2.356851503e+001 -2.356851503e+001 -2.4877e-001 +2.6195e+000 +3.2572e+000 +2.3012e+000 +3.0501e+000
1561951 +1.745894818e-002 +1.745894818e-002 -2.357254105e+001 -2.357254105e+001 -1.7504e-001 +2.5923e+000 +3.2710e+000 +2.3061e+000 +3.0301e+000
1562871 +1.507561066e-002 +1.507561066e-002 -2.357492439e+001 -2.357492439e+001 -2.4359e-001 +2.5823e+000 +3.2464e+000 +2.3422e+000 +2.9763e+000
1562966 +1.199765432e-002 +1.199765432e-002 -2.357800235e+001 -2.357800235e+001 -2.5860e-001 +2.5274e+000 +3.2163e+000 +2.3252e+000 +2.9923e+000
2867960 +2.804848513e-007 +2.804848513e-007 -2.358999972e+001 -2.358999972e+001 -2.9601e-001 +2.4442e+000 +3.1446e+000 +2.4111e+000 +3.0661e+000
3152011 +2.745345640e-007 +2.745345640e-007 -2.358999973e+001 -2.358999973e+001 -2.9407e-001 +2.4392e+000 +3.1346e+000 +2.4039e+000 +3.0550e+000
3152030 +1.893138695e-007 +1.893138695e-007 -2.358999981e+001 -2.358999981e+001 -2.9989e-001 +2.4436e+000 +3.1402e+000 +2.4025e+000 +3.0463e+000
3152402 +1.707952499e-007 +1.707952499e-007 -2.358999983e+001 -2.358999983e+001 -3.0908e-001 +2.4441e+000 +3.1039e+000 +2.4218e+000 +3.0737e+000
3152403 +8.165219612e-009 +8.165219612e-009 -2.358999999e+001 -2.358999999e+001 -3.2209e-001 +2.4284e+000 +3.1171e+000 +2.4258e+000 +3.0584e+000
3157196 +0.000000000e+000 +0.000000000e+000 -2.359000000e+001 -2.359000000e+001 -3.2187e-001 +2.4473e+000 +3.1292e+000 +2.4177e+000 +3.0566e+000
% function evaluation | noise-free fitness - Fopt (-1.214300000000e+002) | best noise-free fitness - Fopt | measured fitness | best measured fitness | x1 | x2...
1 +7.983356811e+003 +7.983356811e+003 +7.861926811e+003 +7.861926811e+003 -3.6998e-001 -1.9441e+001 -1.3497e+001 -1.8748e+000 +1.5323e+000
2 +1.836925302e+003 +1.836925302e+003 +1.715495302e+003 +1.715495302e+003 -2.5775e+000 -1.1469e+000 -2.8534e+000 -2.7721e+000 +7.3293e+000
3 +9.403384915e+002 +9.403384915e+002 +8.189084915e+002 +8.189084915e+002 -3.1739e+000 +4.7440e-002 -2.5731e+000 -3.4411e+000 -2.6914e-001
6 +7.415844025e+002 +7.415844025e+002 +6.201544025e+002 +6.201544025e+002 -3.4978e+000 -6.7736e-001 -4.6643e+000 -3.0172e+000 +2.1733e+000
7 +3.233260894e+002 +3.233260894e+002 +2.018960894e+002 +2.018960894e+002 +3.2241e+000 -5.1916e-001 -6.2168e-001 -3.2298e+000 +2.3453e+000
13 +8.577495335e+001 +8.577495335e+001 -3.565504665e+001 -3.565504665e+001 +2.2785e+000 +7.7945e-002 -2.1148e+000 -3.2237e+000 -6.3927e-001
35 +7.171895377e+001 +7.171895377e+001 -4.971104623e+001 -4.971104623e+001 +8.5663e-001 -2.9590e+000 -1.0393e+000 -5.3120e+000 -2.5978e+000
45 +6.656002845e+001 +6.656002845e+001 -5.486997155e+001 -5.486997155e+001 -1.3718e+000 -3.4899e+000 -2.0896e+000 -1.6986e+000 -5.5490e+000
56 +2.677648912e+001 +2.677648912e+001 -9.465351088e+001 -9.465351088e+001 +3.3279e+000 +1.3116e+000 -3.2911e+000 -1.2881e+000 -1.7556e+000
102 +2.557656962e+001 +2.557656962e+001 -9.585343038e+001 -9.585343038e+001 +6.4012e-001 -9.9328e-001 -3.8318e+000 -3.8561e+000 -2.7937e+000
108 +1.567540131e+001 +1.567540131e+001 -1.057545987e+002 -1.057545987e+002 +6.5696e-001 -4.7930e-001 -4.2667e+000 -2.8689e+000 -2.1570e+000
210 +1.437516429e+001 +1.437516429e+001 -1.070548357e+002 -1.070548357e+002 -3.1521e-001 -5.0002e-001 -4.4837e+000 -9.6714e-001 -3.5093e+000
234 +1.285884347e+001 +1.285884347e+001 -1.085711565e+002 -1.085711565e+002 +1.4600e-001 -2.5945e-001 -4.4948e+000 -1.5933e+000 -3.1805e+000
258 +1.078995961e+001 +1.078995961e+001 -1.106400404e+002 -1.106400404e+002 +2.5988e-001 -5.0824e-001 -4.0785e+000 -2.3337e+000 -3.6378e+000
329 +1.068094002e+001 +1.068094002e+001 -1.107490600e+002 -1.107490600e+002 +2.3195e-001 -7.8122e-001 -4.1022e+000 -1.4818e+000 -3.2393e+000
423 +1.016944783e+001 +1.016944783e+001 -1.112605522e+002 -1.112605522e+002 +2.6743e-001 -1.1646e+000 -3.5876e+000 -2.1469e+000 -3.6670e+000
432 +9.695248329e+000 +9.695248329e+000 -1.117347517e+002 -1.117347517e+002 +3.1322e-001 -7.0934e-001 -3.6175e+000 -1.9622e+000 -3.1797e+000
439 +7.856501130e+000 +7.856501130e+000 -1.135734989e+002 -1.135734989e+002 +3.9253e-001 -1.5335e-001 -3.8775e+000 -1.9926e+000 -3.5510e+000
453 +6.891439451e+000 +6.891439451e+000 -1.145385605e+002 -1.145385605e+002 +4.6650e-001 +6.2079e-002 -3.7289e+000 -2.0363e+000 -3.8013e+000
761 +5.713167359e+000 +5.713167359e+000 -1.157168326e+002 -1.157168326e+002 +7.7253e-001 -3.2004e-001 -3.6403e+000 -2.3860e+000 -3.3899e+000
1059 +4.820906826e+000 +4.820906826e+000 -1.166090932e+002 -1.166090932e+002 +1.3565e+000 +2.1214e-001 -3.5911e+000 -2.2401e+000 -3.0123e+000
1066 +4.359958298e+000 +4.359958298e+000 -1.170700417e+002 -1.170700417e+002 +1.2025e+000 -3.8299e-001 -3.0800e+000 -2.7756e+000 -3.2001e+000
1188 +3.721844028e+000 +3.721844028e+000 -1.177081560e+002 -1.177081560e+002 +1.9690e+000 +3.9331e-002 -3.4587e+000 -2.4805e+000 -1.9965e+000
1350 +3.344554157e+000 +3.344554157e+000 -1.180854458e+002 -1.180854458e+002 +1.8506e+000 +9.4323e-001 -3.2452e+000 -2.5622e+000 -3.1682e+000
2136 +2.345533415e+000 +2.345533415e+000 -1.190844666e+002 -1.190844666e+002 +2.5315e+000 +1.9359e+000 -3.3337e+000 -2.5398e+000 -3.2981e+000
2166 +2.225814523e+000 +2.225814523e+000 -1.192041855e+002 -1.192041855e+002 +2.1481e+000 +1.2464e+000 -3.1745e+000 -2.5375e+000 -3.2217e+000
2238 +2.105735186e+000 +2.105735186e+000 -1.193242648e+002 -1.193242648e+002 +2.2432e+000 +1.1252e+000 -3.1810e+000 -2.4490e+000 -2.6973e+000
2367 +2.045715888e+000 +2.045715888e+000 -1.193842841e+002 -1.193842841e+002 +2.8471e+000 +2.0768e+000 -3.0248e+000 -2.6989e+000 -2.8907e+000
2375 +1.897199599e+000 +1.897199599e+000 -1.195328004e+002 -1.195328004e+002 +2.5409e+000 +1.6301e+000 -3.1005e+000 -2.8448e+000 -2.9944e+000
2411 +9.811714857e-001 +9.811714857e-001 -1.204488285e+002 -1.204488285e+002 +3.1560e+000 +2.0464e+000 -3.1393e+000 -2.6766e+000 -2.5194e+000
3283 +9.688652340e-001 +9.688652340e-001 -1.204611348e+002 -1.204611348e+002 +3.0589e+000 +1.5539e+000 -3.1693e+000 -2.4907e+000 -1.9373e+000
5951 +8.532264851e-001 +8.532264851e-001 -1.205767735e+002 -1.205767735e+002 +2.9141e+000 +1.7506e+000 -3.5662e+000 -2.2916e+000 -1.8379e+000
24924 +4.588993392e-001 +4.588993392e-001 -1.209711007e+002 -1.209711007e+002 +3.0112e+000 +2.2636e+000 -3.1237e+000 -2.4799e+000 -2.6316e+000
131367 +4.317380558e-001 +4.317380558e-001 -1.209982619e+002 -1.209982619e+002 +3.1120e+000 +2.5147e+000 -3.4798e+000 -1.9391e+000 -2.5436e+000
131781 +2.248844775e-001 +2.248844775e-001 -1.212051155e+002 -1.212051155e+002 +3.1189e+000 +2.4906e+000 -3.4455e+000 -1.8891e+000 -2.4552e+000
391607 +2.081797847e-001 +2.081797847e-001 -1.212218202e+002 -1.212218202e+002 +3.0782e+000 +2.4824e+000 -3.4200e+000 -1.9677e+000 -2.3833e+000
391678 +1.991038564e-001 +1.991038564e-001 -1.212308961e+002 -1.212308961e+002 +3.0889e+000 +2.4693e+000 -3.4414e+000 -1.9474e+000 -2.3757e+000
392063 +1.482748326e-001 +1.482748326e-001 -1.212817252e+002 -1.212817252e+002 +3.1768e+000 +2.4473e+000 -3.4473e+000 -1.9748e+000 -2.3512e+000
392222 +9.905125444e-002 +9.905125444e-002 -1.213309487e+002 -1.213309487e+002 +3.1358e+000 +2.4632e+000 -3.4409e+000 -2.0377e+000 -2.3493e+000
392308 +9.408488522e-002 +9.408488522e-002 -1.213359151e+002 -1.213359151e+002 +3.1680e+000 +2.4901e+000 -3.4230e+000 -2.0440e+000 -2.3452e+000
393854 +8.214985066e-002 +8.214985066e-002 -1.213478501e+002 -1.213478501e+002 +3.1738e+000 +2.5615e+000 -3.4285e+000 -1.9264e+000 -2.3755e+000
393899 +7.695925486e-002 +7.695925486e-002 -1.213530407e+002 -1.213530407e+002 +3.1699e+000 +2.5269e+000 -3.4257e+000 -1.9885e+000 -2.3553e+000
393954 +5.587589591e-002 +5.587589591e-002 -1.213741241e+002 -1.213741241e+002 +3.2031e+000 +2.5932e+000 -3.4242e+000 -1.9683e+000 -2.4011e+000
394441 +4.359958298e-002 +4.359958298e-002 -1.213864004e+002 -1.213864004e+002 +3.2119e+000 +2.6546e+000 -3.4345e+000 -1.9042e+000 -2.3691e+000
397753 +3.825666121e-002 +3.825666121e-002 -1.213917433e+002 -1.213917433e+002 +3.2425e+000 +2.6967e+000 -3.4559e+000 -1.9043e+000 -2.3583e+000
398885 +3.796873946e-002 +3.796873946e-002 -1.213920313e+002 -1.213920313e+002 +3.2244e+000 +2.6200e+000 -3.4330e+000 -1.9392e+000 -2.3234e+000
399720 +2.225814523e-002 +2.225814523e-002 -1.214077419e+002 -1.214077419e+002 +3.2935e+000 +2.7466e+000 -3.4621e+000 -1.9218e+000 -2.3114e+000
406404 +1.897199599e-002 +1.897199599e-002 -1.214110280e+002 -1.214110280e+002 +3.3519e+000 +2.7920e+000 -3.4503e+000 -1.9219e+000 -2.2965e+000
407993 +1.352582439e-002 +1.352582439e-002 -1.214164742e+002 -1.214164742e+002 +3.3275e+000 +2.8589e+000 -3.4731e+000 -1.8432e+000 -2.3129e+000
408031 +1.103956391e-002 +1.103956391e-002 -1.214189604e+002 -1.214189604e+002 +3.3339e+000 +2.8575e+000 -3.4719e+000 -1.8606e+000 -2.2940e+000
408162 +7.033738201e-003 +7.033738201e-003 -1.214229663e+002 -1.214229663e+002 +3.3544e+000 +2.8704e+000 -3.4832e+000 -1.8645e+000 -2.3175e+000
411562 +3.950623546e-003 +3.950623546e-003 -1.214260494e+002 -1.214260494e+002 +3.3868e+000 +2.9363e+000 -3.4686e+000 -1.7941e+000 -2.3112e+000
423582 +1.812041717e-008 +1.812041717e-008 -1.214300000e+002 -1.214300000e+002 +3.4401e+000 +2.9298e+000 -3.4653e+000 -1.8508e+000 -2.2701e+000
425478 +1.040403674e-008 +1.040403674e-008 -1.214300000e+002 -1.214300000e+002 +3.3970e+000 +2.9439e+000 -3.4947e+000 -1.8208e+000 -2.2660e+000
425503 +6.784844686e-009 +6.784844686e-009 -1.214300000e+002 -1.214300000e+002 +3.4015e+000 +2.9434e+000 -3.4905e+000 -1.8038e+000 -2.2581e+000
434132 +0.000000000e+000 +0.000000000e+000 -1.214300000e+002 -1.214300000e+002 +3.4168e+000 +2.9335e+000 -3.4759e+000 -1.8130e+000 -2.2640e+000
% function evaluation | noise-free fitness - Fopt (-3.364000000000e+001) | best noise-free fitness - Fopt | measured fitness | best measured fitness | x1 | x2...
1 +5.057215661e+002 +5.057215661e+002 +4.720815661e+002 +4.720815661e+002 +3.1565e+000 -5.1671e+000 +2.1236e+000 -2.4968e+000 +4.9431e-001
2 +3.249678966e+002 +3.249678966e+002 +2.913278966e+002 +2.913278966e+002 +1.5191e+000 -1.7496e+000 -3.2571e-001 -2.2048e+000 -7.7452e-001
7 +2.535695419e+002 +2.535695419e+002 +2.199295419e+002 +2.199295419e+002 +1.9229e+000 -2.3217e+000 +4.4749e-001 -2.4895e+000 +6.0365e-001
8 +7.461834219e+001 +7.461834219e+001 +4.097834219e+001 +4.097834219e+001 -9.4117e-001 +2.7275e+000 +1.6072e+000 -5.3808e+000 +2.2297e+000
51 +4.582421376e+001 +4.582421376e+001 +1.218421376e+001 +1.218421376e+001 +2.7611e+000 +2.1724e+000 +2.6809e-001 +1.2843e-001 -1.9702e+000
53 +1.985363606e+001 +1.985363606e+001 -1.378636394e+001 -1.378636394e+001 +3.2951e+000 +1.9489e-001 +1.1770e+000 -1.8816e-001 +4.8709e-001
86 +1.579233468e+001 +1.579233468e+001 -1.784766532e+001 -1.784766532e+001 +2.7738e+000 +1.2177e+000 +1.3625e+000 -1.8519e+000 -1.1994e-001
112 +1.452250262e+001 +1.452250262e+001 -1.911749738e+001 -1.911749738e+001 +2.1589e+000 +1.4256e+000 +2.2502e+000 -3.8235e+000 -2.8208e-001
115 +5.576322697e+000 +5.576322697e+000 -2.806367730e+001 -2.806367730e+001 +2.8459e+000 +1.2838e+000 +2.4498e+000 -2.3410e+000 -9.7768e-001
134 +5.397903448e+000 +5.397903448e+000 -2.824209655e+001 -2.824209655e+001 +2.7568e+000 +1.5707e+000 +2.4471e+000 -3.2036e+000 -8.1881e-002
153 +2.817503793e+000 +2.817503793e+000 -3.082249621e+001 -3.082249621e+001 +2.5582e+000 +1.3247e+000 +2.2315e+000 -2.3388e+000 -1.4755e+000
207 +2.327911480e+000 +2.327911480e+000 -3.131208852e+001 -3.131208852e+001 +2.2216e+000 +1.6501e+000 +2.5985e+000 -2.5735e+000 -6.0175e-001
209 +1.852531788e+000 +1.852531788e+000 -3.178746821e+001 -3.178746821e+001 +2.2008e+000 +1.3363e+000 +2.3846e+000 -3.2440e+000 -6.2940e-001
229 +1.516370222e+000 +1.516370222e+000 -3.212362978e+001 -3.212362978e+001 +2.1762e+000 +1.4635e+000 +2.3908e+000 -3.0218e+000 -5.4383e-001
745 +7.340685850e-001 +7.340685850e-001 -3.290593141e+001 -3.290593141e+001 +2.3105e+000 +1.6272e+000 +2.3027e+000 -2.9536e+000 -9.6072e-001
811 +5.346922899e-001 +5.346922899e-001 -3.310530771e+001 -3.310530771e+001 +2.0827e+000 +1.6277e+000 +2.2537e+000 -2.8552e+000 -1.2405e+000
904 +4.663021220e-001 +4.663021220e-001 -3.317369788e+001 -3.317369788e+001 +1.9911e+000 +1.6934e+000 +2.2611e+000 -2.8854e+000 -1.1173e+000
948 +4.503085987e-001 +4.503085987e-001 -3.318969140e+001 -3.318969140e+001 +2.0069e+000 +1.7220e+000 +2.2933e+000 -2.9920e+000 -1.1405e+000
1345 +4.201215651e-001 +4.201215651e-001 -3.321987843e+001 -3.321987843e+001 +2.0452e+000 +1.7852e+000 +2.2653e+000 -3.0032e+000 -1.1984e+000
1498 +4.012842031e-001 +4.012842031e-001 -3.323871580e+001 -3.323871580e+001 +2.0424e+000 +1.7495e+000 +2.2784e+000 -2.9684e+000 -1.2277e+000
44003 +2.596575621e-001 +2.596575621e-001 -3.338034244e+001 -3.338034244e+001 +1.5471e+000 +1.9646e+000 +2.4891e+000 -3.1201e+000 -1.1273e+000
47943 +2.322224820e-001 +2.322224820e-001 -3.340777752e+001 -3.340777752e+001 +1.6231e+000 +1.9720e+000 +2.5023e+000 -3.1138e+000 -1.0656e+000
47990 +2.281281994e-001 +2.281281994e-001 -3.341187180e+001 -3.341187180e+001 +1.5947e+000 +1.9956e+000 +2.5043e+000 -3.1156e+000 -1.0828e+000
48128 +2.179526241e-001 +2.179526241e-001 -3.342204738e+001 -3.342204738e+001 +1.6180e+000 +2.0251e+000 +2.4605e+000 -3.1156e+000 -1.1314e+000
48134 +1.901238720e-001 +1.901238720e-001 -3.344987613e+001 -3.344987613e+001 +1.5636e+000 +2.0037e+000 +2.4535e+000 -3.1143e+000 -1.1106e+000
48156 +1.731555270e-001 +1.731555270e-001 -3.346684447e+001 -3.346684447e+001 +1.5352e+000 +2.0551e+000 +2.4904e+000 -3.1162e+000 -1.0986e+000
48241 +1.686830425e-001 +1.686830425e-001 -3.347131696e+001 -3.347131696e+001 +1.5739e+000 +2.0328e+000 +2.4685e+000 -3.1157e+000 -1.0817e+000
48257 +1.576467049e-001 +1.576467049e-001 -3.348235330e+001 -3.348235330e+001 +1.5923e+000 +2.0060e+000 +2.4515e+000 -3.1148e+000 -1.0977e+000
49821 +1.436700204e-001 +1.436700204e-001 -3.349632998e+001 -3.349632998e+001 +1.5529e+000 +1.9624e+000 +2.5113e+000 -3.2481e+000 -1.0653e+000
49838 +8.964927767e-002 +8.964927767e-002 -3.355035072e+001 -3.355035072e+001 +1.5586e+000 +1.9990e+000 +2.4760e+000 -3.2079e+000 -1.0656e+000
49884 +8.596217016e-002 +8.596217016e-002 -3.355403783e+001 -3.355403783e+001 +1.5297e+000 +2.0268e+000 +2.4715e+000 -3.3483e+000 -1.0653e+000
49928 +7.407651015e-002 +7.407651015e-002 -3.356592349e+001 -3.356592349e+001 +1.5683e+000 +2.0068e+000 +2.4647e+000 -3.3106e+000 -1.0659e+000
49939 +4.725326357e-002 +4.725326357e-002 -3.359274674e+001 -3.359274674e+001 +1.5399e+000 +2.0289e+000 +2.4898e+000 -3.2766e+000 -1.0659e+000
50122 +3.975224004e-002 +3.975224004e-002 -3.360024776e+001 -3.360024776e+001 +1.5806e+000 +1.9938e+000 +2.5391e+000 -3.3586e+000 -1.0656e+000
51024 +3.889031475e-002 +3.889031475e-002 -3.360110969e+001 -3.360110969e+001 +1.5268e+000 +2.0089e+000 +2.5696e+000 -3.4218e+000 -1.0934e+000
51048 +3.045866262e-002 +3.045866262e-002 -3.360954134e+001 -3.360954134e+001 +1.5729e+000 +2.0809e+000 +2.5458e+000 -3.3920e+000 -1.1549e+000
53837 +2.707994016e-002 +2.707994016e-002 -3.361292006e+001 -3.361292006e+001 +1.5538e+000 +2.0131e+000 +2.5434e+000 -3.3740e+000 -1.0525e+000
54746 +2.141235441e-002 +2.141235441e-002 -3.361858765e+001 -3.361858765e+001 +1.4961e+000 +2.0265e+000 +2.5502e+000 -3.3952e+000 -1.0437e+000
55102 +1.596435740e-002 +1.596435740e-002 -3.362403564e+001 -3.362403564e+001 +1.4517e+000 +2.0471e+000 +2.5553e+000 -3.4077e+000 -1.0370e+000
55238 +1.188920159e-002 +1.188920159e-002 -3.362811080e+001 -3.362811080e+001 +1.4577e+000 +2.0699e+000 +2.5431e+000 -3.4313e+000 -1.0469e+000
55313 +7.715900970e-003 +7.715900970e-003 -3.363228410e+001 -3.363228410e+001 +1.4156e+000 +2.0906e+000 +2.5441e+000 -3.4328e+000 -1.0493e+000
78866 +2.922564875e-007 +2.922564875e-007 -3.363999971e+001 -3.363999971e+001 +1.3836e+000 +2.0940e+000 +2.5388e+000 -3.4427e+000 -1.0043e+000
78980 +2.674349275e-007 +2.674349275e-007 -3.363999973e+001 -3.363999973e+001 +1.3864e+000 +2.0984e+000 +2.5395e+000 -3.4701e+000 -1.0088e+000
79024 +1.898329316e-007 +1.898329316e-007 -3.363999981e+001 -3.363999981e+001 +1.3633e+000 +2.0981e+000 +2.5411e+000 -3.4679e+000 -1.0117e+000
79109 +1.410741390e-007 +1.410741390e-007 -3.363999986e+001 -3.363999986e+001 +1.3660e+000 +2.0934e+000 +2.5426e+000 -3.4657e+000 -1.0044e+000
79110 +2.536360455e-009 +2.536360455e-009 -3.364000000e+001 -3.364000000e+001 +1.3593e+000 +2.0979e+000 +2.5410e+000 -3.4647e+000 -9.8684e-001
86962 +0.000000000e+000 +0.000000000e+000 -3.364000000e+001 -3.364000000e+001 +1.3611e+000 +2.0874e+000 +2.5444e+000 -3.4734e+000 -9.9399e-001
% function evaluation | noise-free fitness - Fopt (-5.323000000000e+001) | best noise-free fitness - Fopt | measured fitness | best measured fitness | x1 | x2...
1 +6.451235223e+002 +6.451235223e+002 +5.918935223e+002 +5.918935223e+002 +1.8756e+000 +6.5918e-001 +5.4184e+000 -6.0657e-001 +6.0840e+000
16 +1.283380718e+002 +1.283380718e+002 +7.510807185e+001 +7.510807185e+001 +6.8221e-001 +1.1246e+000 -6.1847e+000 +2.8334e+000 -1.2225e+000
37 +2.902203388e+001 +2.902203388e+001 -2.420796612e+001 -2.420796612e+001 +3.0891e+000 +7.2563e-001 -8.4092e-001 +2.8004e+000 +3.3087e+000
65 +2.677481907e+001 +2.677481907e+001 -2.645518093e+001 -2.645518093e+001 +2.2902e+000 -3.8101e-001 -1.5645e+000 +3.0496e+000 +2.7220e+000
77 +1.989822630e+001 +1.989822630e+001 -3.333177370e+001 -3.333177370e+001 +2.9435e-001 -1.0259e+000 -4.1278e-001 +1.8610e+000 +2.8390e+000
90 +1.648765735e+001 +1.648765735e+001 -3.674234265e+001 -3.674234265e+001 +1.0736e+000 -3.1960e-001 -1.2228e+000 +2.5182e+000 +2.5073e+000
95 +7.480955174e+000 +7.480955174e+000 -4.574904483e+001 -4.574904483e+001 +3.2394e-001 -5.7202e-001 -1.6394e+000 +2.7088e+000 +2.3524e+000
187 +6.580044774e+000 +6.580044774e+000 -4.664995523e+001 -4.664995523e+001 -2.4195e-001 -8.7435e-001 -1.4944e+000 +2.2500e+000 +3.5291e+000
298 +2.323954526e+000 +2.323954526e+000 -5.090604547e+001 -5.090604547e+001 +1.3323e+000 -3.5703e-001 -8.8466e-001 +2.4526e+000 +3.2972e+000
308 +2.107039868e+000 +2.107039868e+000 -5.112296013e+001 -5.112296013e+001 +5.2754e-001 -5.6255e-001 -1.7021e+000 +1.9731e+000 +2.5886e+000
507 +6.932716761e-001 +6.932716761e-001 -5.253672832e+001 -5.253672832e+001 +3.1658e-001 -8.5543e-001 -1.5352e+000 +1.1832e+000 +3.2489e+000
577 +1.887650915e-001 +1.887650915e-001 -5.304123491e+001 -5.304123491e+001 +4.8134e-001 -1.0904e+000 -1.1422e+000 +1.4350e+000 +3.3337e+000
599 +1.811362770e-001 +1.811362770e-001 -5.304886372e+001 -5.304886372e+001 +2.1238e-001 -1.1410e+000 -1.2364e+000 +1.6660e+000 +3.2072e+000
678 +1.629669077e-001 +1.629669077e-001 -5.306703309e+001 -5.306703309e+001 -2.3069e-002 -1.2577e+000 -1.3448e+000 +1.1486e+000 +3.3428e+000
708 +9.592934522e-002 +9.592934522e-002 -5.313407065e+001 -5.313407065e+001 +2.1424e-001 -1.1996e+000 -1.4059e+000 +1.0909e+000 +3.2583e+000
744 +4.959171184e-002 +4.959171184e-002 -5.318040829e+001 -5.318040829e+001 +1.3352e-001 -1.2085e+000 -1.3756e+000 +1.1594e+000 +3.2667e+000
756 +4.424882911e-002 +4.424882911e-002 -5.318575117e+001 -5.318575117e+001 +1.1263e-001 -1.1905e+000 -1.3688e+000 +1.2308e+000 +3.2901e+000
802 +3.831764045e-002 +3.831764045e-002 -5.319168236e+001 -5.319168236e+001 +7.5586e-002 -1.3008e+000 -1.3648e+000 +1.1652e+000 +3.2938e+000
807 +3.342828624e-002 +3.342828624e-002 -5.319657171e+001 -5.319657171e+001 +1.2541e-001 -1.2153e+000 -1.3301e+000 +1.1276e+000 +3.3236e+000
838 +1.710912749e-002 +1.710912749e-002 -5.321289087e+001 -5.321289087e+001 +1.6986e-001 -1.2467e+000 -1.2735e+000 +1.2083e+000 +3.3056e+000
13896 +1.498972905e-002 +1.498972905e-002 -5.321501027e+001 -5.321501027e+001 +1.7762e-001 -1.2374e+000 -1.2794e+000 +1.1822e+000 +3.3074e+000
17864 +9.975707432e-003 +9.975707432e-003 -5.322002429e+001 -5.322002429e+001 +2.2715e-001 -1.2336e+000 -1.2383e+000 +1.2745e+000 +3.2999e+000
19560 +6.854356357e-003 +6.854356357e-003 -5.322314564e+001 -5.322314564e+001 +2.4543e-001 -1.2286e+000 -1.2106e+000 +1.2694e+000 +3.3218e+000
21049 +3.947883727e-007 +3.947883727e-007 -5.322999961e+001 -5.322999961e+001 +2.7112e-001 -1.2537e+000 -1.1458e+000 +1.3351e+000 +3.3315e+000
21407 +2.908847847e-007 +2.908847847e-007 -5.322999971e+001 -5.322999971e+001 +2.4310e-001 -1.2509e+000 -1.1557e+000 +1.3644e+000 +3.3472e+000
21458 +2.616605244e-007 +2.616605244e-007 -5.322999974e+001 -5.322999974e+001 +2.8189e-001 -1.2491e+000 -1.1429e+000 +1.3512e+000 +3.3481e+000
21498 +1.334312998e-007 +1.334312998e-007 -5.322999987e+001 -5.322999987e+001 +2.6897e-001 -1.2542e+000 -1.1389e+000 +1.3660e+000 +3.3482e+000
21519 +2.848499037e-008 +2.848499037e-008 -5.322999997e+001 -5.322999997e+001 +2.6088e-001 -1.2552e+000 -1.1292e+000 +1.3737e+000 +3.3466e+000
21528 +1.056599075e-008 +1.056599075e-008 -5.322999999e+001 -5.322999999e+001 +2.5671e-001 -1.2568e+000 -1.1144e+000 +1.3676e+000 +3.3433e+000
21584 +2.534683574e-009 +2.534683574e-009 -5.323000000e+001 -5.323000000e+001 +2.6025e-001 -1.2517e+000 -1.1308e+000 +1.3801e+000 +3.3430e+000
30402 +0.000000000e+000 +0.000000000e+000 -5.323000000e+001 -5.323000000e+001 +2.7004e-001 -1.2531e+000 -1.1297e+000 +1.3770e+000 +3.3512e+000
% function evaluation | noise-free fitness - Fopt (-3.280000000000e+001) | best noise-free fitness - Fopt | measured fitness | best measured fitness | x1 | x2...
1 +7.879584301e+003 +7.879584301e+003 +7.846784301e+003 +7.846784301e+003 -2.3044e+000 +8.1763e+000 -1.4155e+000 +8.6718e+000 -4.4216e-001
3 +3.745340473e+003 +3.745340473e+003 +3.712540473e+003 +3.712540473e+003 +3.9616e-002 +1.0129e+001 +3.7050e+000 +5.8543e-001 -8.9342e+000
4 +1.640053940e+003 +1.640053940e+003 +1.607253940e+003 +1.607253940e+003 -3.3872e-001 +7.3282e+000 +1.8258e+000 +2.2094e+000 +5.0876e+000
5 +9.742617506e+002 +9.742617506e+002 +9.414617506e+002 +9.414617506e+002 +3.6777e+000 -2.4672e+000 +3.8615e+000 +4.2756e+000 -6.1424e+000
6 +1.095580751e+002 +1.095580751e+002 +7.675807509e+001 +7.675807509e+001 +1.3135e+000 -1.0555e+000 +3.5784e+000 +6.0523e+000 -1.1931e+000
50 +1.056554340e+002 +1.056554340e+002 +7.285543402e+001 +7.285543402e+001 +4.9276e+000 +6.9943e-001 +1.0300e+000 +7.3211e+000 -1.1520e+000
104 +9.801138503e+001 +9.801138503e+001 +6.521138503e+001 +6.521138503e+001 +2.4484e-002 -7.8189e-001 +3.3639e+000 +4.6617e+000 +1.8607e+000
105 +9.382032117e+001 +9.382032117e+001 +6.102032117e+001 +6.102032117e+001 -8.0982e-001 +2.1702e-001 +6.7515e+000 +8.4018e+000 +9.0478e-001
143 +5.923316193e+001 +5.923316193e+001 +2.643316193e+001 +2.643316193e+001 +2.3698e-001 +2.1312e-001 +4.4287e+000 +7.4851e+000 +7.6327e-001
213 +5.235718427e+001 +5.235718427e+001 +1.955718427e+001 +1.955718427e+001 +2.0964e+000 -1.2074e-001 +2.9768e+000 +6.3528e+000 -5.3237e-001
287 +4.964958552e+001 +4.964958552e+001 +1.684958552e+001 +1.684958552e+001 +8.6724e-001 +7.5013e-001 +3.2108e+000 +6.1836e+000 +1.6965e-001
300 +3.051443614e+001 +3.051443614e+001 -2.285563865e+000 -2.285563865e+000 +1.9060e+000 +7.3688e-001 +3.1525e+000 +5.6958e+000 -1.8770e-002
332 +2.756311325e+001 +2.756311325e+001 -5.236886752e+000 -5.236886752e+000 +1.8353e+000 +1.4978e+000 +3.4797e+000 +5.0149e+000 +3.7352e-001
337 +1.706495716e+001 +1.706495716e+001 -1.573504284e+001 -1.573504284e+001 +2.3241e+000 +2.4119e+000 +2.9152e+000 +3.1945e+000 -2.5777e-001
418 +1.612999192e+001 +1.612999192e+001 -1.667000808e+001 -1.667000808e+001 +2.1521e+000 +1.5678e+000 +2.5815e+000 +3.9554e+000 -3.8084e-001
446 +1.098693115e+001 +1.098693115e+001 -2.181306885e+001 -2.181306885e+001 +2.2290e+000 +2.6388e+000 +3.1311e+000 +2.3367e+000 -1.0086e+000
734 +6.619649890e+000 +6.619649890e+000 -2.618035011e+001 -2.618035011e+001 +2.0072e+000 +1.7837e+000 +2.5821e+000 +2.5561e+000 -7.8767e-001
1016 +6.472940110e+000 +6.472940110e+000 -2.632705989e+001 -2.632705989e+001 +1.9937e+000 +2.0479e+000 +2.8192e+000 +2.0967e+000 -8.3048e-001
1032 +6.388879474e+000 +6.388879474e+000 -2.641112053e+001 -2.641112053e+001 +1.9832e+000 +2.2702e+000 +2.6466e+000 +1.9897e+000 -6.4884e-001
1163 +4.605964536e+000 +4.605964536e+000 -2.819403546e+001 -2.819403546e+001 +1.7710e+000 +2.0186e+000 +2.2502e+000 +1.1322e+000 -9.5454e-001
1776 +3.828332482e+000 +3.828332482e+000 -2.897166752e+001 -2.897166752e+001 +1.6842e+000 +1.4532e+000 +2.1791e+000 +1.9548e+000 -8.2823e-001
1843 +3.342638823e+000 +3.342638823e+000 -2.945736118e+001 -2.945736118e+001 +1.6603e+000 +4.6496e-001 +1.4826e+000 +1.7953e+000 -8.5053e-001
1967 +3.154347913e+000 +3.154347913e+000 -2.964565209e+001 -2.964565209e+001 +1.6236e+000 +7.6411e-001 +1.5999e+000 +1.7114e+000 -7.5263e-001
2120 +2.014247983e+000 +2.014247983e+000 -3.078575202e+001 -3.078575202e+001 +1.6917e+000 +1.0703e+000 +1.5551e+000 +1.4280e+000 -5.2758e-001
128131 +1.084152899e+000 +1.084152899e+000 -3.171584710e+001 -3.171584710e+001 +1.6738e+000 +6.0519e-001 +1.2311e+000 +1.2744e+000 -8.3579e-001
138815 +1.015100465e+000 +1.015100465e+000 -3.178489954e+001 -3.178489954e+001 +2.0486e+000 +8.8152e-001 +9.4520e-001 +1.1679e+000 -7.0261e-001
187916 +5.393647633e-001 +5.393647633e-001 -3.226063524e+001 -3.226063524e+001 +1.9370e+000 +4.2312e-001 +4.7471e-001 +7.9256e-001 -7.1924e-001
196594 +5.024103981e-001 +5.024103981e-001 -3.229758960e+001 -3.229758960e+001 +1.8529e+000 +3.6772e-001 +5.1785e-001 +8.6957e-001 -6.5558e-001
203291 +4.443465756e-001 +4.443465756e-001 -3.235565342e+001 -3.235565342e+001 +1.8749e+000 +2.6281e-001 +4.7831e-001 +9.8040e-001 -5.9136e-001
204383 +4.323354425e-001 +4.323354425e-001 -3.236766456e+001 -3.236766456e+001 +1.9488e+000 +3.3049e-001 +4.6132e-001 +1.0555e+000 -5.2222e-001
332332 +3.839110781e-001 +3.839110781e-001 -3.241608892e+001 -3.241608892e+001 +2.0684e+000 +1.5041e-001 +2.2164e-001 +8.9299e-001 -8.5138e-001
336074 +2.966099380e-001 +2.966099380e-001 -3.250339006e+001 -3.250339006e+001 +1.9721e+000 -1.8613e-001 -1.3206e-001 +7.6767e-001 -5.7421e-001
336207 +2.947274601e-001 +2.947274601e-001 -3.250527254e+001 -3.250527254e+001 +1.9950e+000 -1.1834e-001 -4.3243e-002 +6.7841e-001 -6.4396e-001
336249 +2.754274611e-001 +2.754274611e-001 -3.252457254e+001 -3.252457254e+001 +1.9920e+000 -1.3413e-001 -8.0271e-002 +7.8747e-001 -4.8475e-001
361304 +2.710382248e-001 +2.710382248e-001 -3.252896178e+001 -3.252896178e+001 +2.2080e+000 +2.1125e-002 -1.2247e-001 +7.6154e-001 -6.9591e-001
594124 +2.013203111e-001 +2.013203111e-001 -3.259867969e+001 -3.259867969e+001 +2.3109e+000 +9.6888e-002 -3.7618e-001 +6.6533e-001 -5.4656e-001
600589 +1.678169606e-001 +1.678169606e-001 -3.263218304e+001 -3.263218304e+001 +2.3296e+000 +1.1756e-001 -3.2499e-001 +6.5430e-001 -5.3090e-001
819178 +9.455893633e-002 +9.455893633e-002 -3.270544106e+001 -3.270544106e+001 +2.3317e+000 +1.7079e-001 -3.1324e-001 +7.1125e-001 -5.4673e-001
1900395 +6.400728817e-002 +6.400728817e-002 -3.273599271e+001 -3.273599271e+001 +2.3438e+000 +1.0669e-001 -3.4521e-001 +7.1951e-001 -5.4827e-001
2773564 +5.654883815e-002 +5.654883815e-002 -3.274345116e+001 -3.274345116e+001 +2.3507e+000 +6.0028e-002 -4.1872e-001 +7.0360e-001 -5.5580e-001
2773671 +5.237280890e-002 +5.237280890e-002 -3.274762719e+001 -3.274762719e+001 +2.3653e+000 +9.5363e-002 -4.2002e-001 +5.8741e-001 -5.5997e-001
2773700 +5.005014659e-002 +5.005014659e-002 -3.274994985e+001 -3.274994985e+001 +2.3423e+000 +8.4529e-002 -4.0403e-001 +6.4969e-001 -5.5374e-001
2773710 +3.814807102e-002 +3.814807102e-002 -3.276185193e+001 -3.276185193e+001 +2.3730e+000 +9.1694e-002 -3.9872e-001 +6.4618e-001 -5.5586e-001
2775727 +2.727933857e-002 +2.727933857e-002 -3.277272066e+001 -3.277272066e+001 +2.4237e+000 +6.9089e-002 -5.1300e-001 +6.5982e-001 -5.4573e-001
2776590 +2.371248515e-002 +2.371248515e-002 -3.277628751e+001 -3.277628751e+001 +2.4181e+000 +5.6532e-002 -5.0915e-001 +5.9727e-001 -5.7953e-001
2777467 +1.776962934e-002 +1.776962934e-002 -3.278223037e+001 -3.278223037e+001 +2.4837e+000 +1.5706e-001 -5.3361e-001 +6.2305e-001 -5.6545e-001
2777475 +1.603255199e-002 +1.603255199e-002 -3.278396745e+001 -3.278396745e+001 +2.4858e+000 +5.2599e-002 -5.9598e-001 +6.6739e-001 -5.6767e-001
2781089 +1.049019529e-002 +1.049019529e-002 -3.278950980e+001 -3.278950980e+001 +2.4899e+000 +1.0150e-001 -5.9006e-001 +5.7999e-001 -5.5448e-001
2783841 +5.711815641e-003 +5.711815641e-003 -3.279428818e+001 -3.279428818e+001 +2.5261e+000 +7.8660e-002 -6.0945e-001 +6.3573e-001 -5.3903e-001
2790957 +4.802401321e-008 +4.802401321e-008 -3.279999995e+001 -3.279999995e+001 +2.5929e+000 +7.2202e-002 -7.4214e-001 +6.2677e-001 -5.2821e-001
2792753 +7.192170415e-009 +7.192170415e-009 -3.279999999e+001 -3.279999999e+001 +2.5880e+000 +5.9537e-002 -7.0133e-001 +6.3225e-001 -5.2631e-001
3552697 +0.000000000e+000 +0.000000000e+000 -3.280000000e+001 -3.280000000e+001 +2.5875e+000 +8.6421e-002 -7.0748e-001 +6.3337e-001 -5.1324e-001
