% function evaluation | noise-free fitness - Fopt (9.294000000000e+001) | best noise-free fitness - Fopt | measured fitness | best measured fitness | x1 | x2...
1 +1.487184685e+003 +1.487184685e+003 +1.580124685e+003 +1.580124685e+003 -7.6115e-001 -6.2437e+000 +9.1843e-001
2 +5.074936158e+002 +5.074936158e+002 +6.004336158e+002 +6.004336158e+002 -4.4410e-001 -3.5977e+000 +5.5320e-001
7 +2.767271676e+002 +2.767271676e+002 +3.696671676e+002 +3.696671676e+002 +3.1128e-001 -2.5091e+000 -5.3859e-001
11 +2.171166303e+002 +2.171166303e+002 +3.100566303e+002 +3.100566303e+002 +3.0330e-001 -7.3709e-001 +4.3737e+000
17 +1.023971985e+002 +1.023971985e+002 +1.953371985e+002 +1.953371985e+002 +3.1452e+000 +9.1686e-001 -1.4695e-001
31 +3.564996392e+001 +3.564996392e+001 +1.285899639e+002 +1.285899639e+002 +1.8711e+000 +1.3354e+000 +1.5422e+000
34 +2.798585235e+001 +2.798585235e+001 +1.209258524e+002 +1.209258524e+002 +1.3799e-001 +3.8024e+000 +6.2316e+000
41 +1.015336504e+001 +1.015336504e+001 +1.030933650e+002 +1.030933650e+002 +8.6913e-001 +1.5407e+000 +1.3006e+000
60 +6.873344369e+000 +6.873344369e+000 +9.981334437e+001 +9.981334437e+001 +3.4104e-001 +2.0318e+000 +2.8260e+000
115 +5.203509980e+000 +5.203509980e+000 +9.814350998e+001 +9.814350998e+001 -5.1696e-001 -9.7624e-001 -5.3727e+000
160 +1.328492692e+000 +1.328492692e+000 +9.426849269e+001 +9.426849269e+001 -3.0387e-001 -2.7158e-001 -2.6427e+000
260 +1.266401263e+000 +1.266401263e+000 +9.420640126e+001 +9.420640126e+001 +2.3616e-001 +5.3621e-001 +2.0972e-001
285 +1.198164341e+000 +1.198164341e+000 +9.413816434e+001 +9.413816434e+001 +1.4289e-001 +5.9407e-001 +2.9582e-001
290 +1.023971985e+000 +1.023971985e+000 +9.396397199e+001 +9.396397199e+001 +2.7111e-001 +7.2497e-001 +2.0468e-001
308 +8.839150606e-001 +8.839150606e-001 +9.382391506e+001 +9.382391506e+001 +1.8964e-001 +6.6983e-001 +2.6892e-001
315 +8.040638584e-001 +8.040638584e-001 +9.374406386e+001 +9.374406386e+001 +1.6051e-001 +7.4078e-001 +3.1582e-001
331 +7.306683537e-001 +7.306683537e-001 +9.367066835e+001 +9.367066835e+001 +2.2077e-001 +7.3032e-001 +4.6117e-001
342 +6.974485103e-001 +6.974485103e-001 +9.363744851e+001 +9.363744851e+001 +1.5077e-001 +7.2987e-001 +6.2163e-001
353 +6.524550867e-001 +6.524550867e-001 +9.359245509e+001 +9.359245509e+001 +2.9186e-003 +7.8237e-001 +7.1155e-001
363 +3.142709778e-001 +3.142709778e-001 +9.325427098e+001 +9.325427098e+001 -2.2723e-001 +1.1710e+000 +1.2810e+000
399 +1.984244456e-001 +1.984244456e-001 +9.313842445e+001 +9.313842445e+001 -2.4832e-001 +9.7092e-001 +1.1049e+000
408 +1.145661458e-001 +1.145661458e-001 +9.305456615e+001 +9.305456615e+001 -2.7853e-001 +9.1340e-001 +6.7457e-001
421 +5.561366548e-002 +5.561366548e-002 +9.299561367e+001 +9.299561367e+001 -2.5062e-001 +8.8419e-001 +7.4099e-001
429 +1.748575880e-002 +1.748575880e-002 +9.295748576e+001 +9.295748576e+001 -2.3912e-001 +8.0224e-001 +5.7321e-001
603 +8.105351632e-003 +8.105351632e-003 +9.294810535e+001 +9.294810535e+001 -2.2253e-001 +8.0161e-001 +4.6985e-001
619 +5.180641918e-003 +5.180641918e-003 +9.294518064e+001 +9.294518064e+001 -2.2227e-001 +8.0363e-001 +4.1114e-001
744 +3.227848726e-003 +3.227848726e-003 +9.294322785e+001 +9.294322785e+001 -2.4844e-001 +7.7107e-001 +3.8683e-001
1316 +1.243989232e-007 +1.243989232e-007 +9.294000012e+001 +9.294000012e+001 -2.4023e-001 +7.2860e-001 +2.6324e-001
1327 +8.646611604e-008 +8.646611604e-008 +9.294000009e+001 +9.294000009e+001 -2.3532e-001 +7.3614e-001 +2.6550e-001
1348 +5.944659165e-008 +5.944659165e-008 +9.294000006e+001 +9.294000006e+001 -2.3342e-001 +7.3352e-001 +2.6945e-001
1365 +1.992816578e-009 +1.992816578e-009 +9.294000000e+001 +9.294000000e+001 -2.1707e-001 +7.1750e-001 +2.8330e-001
2310 +0.000000000e+000 +0.000000000e+000 +9.294000000e+001 +9.294000000e+001 -2.2360e-001 +7.3522e-001 +2.7652e-001
% function evaluation | noise-free fitness - Fopt (3.535000000000e+001) | best noise-free fitness - Fopt | measured fitness | best measured fitness | x1 | x2...
1 +2.793667037e+002 +2.793667037e+002 +3.147167037e+002 +3.147167037e+002 +3.0486e-002 -1.7241e-001 +3.8524e+000
4 +1.828453530e+002 +1.828453530e+002 +2.181953530e+002 +2.181953530e+002 -1.6365e+000 +2.4507e+000 +2.3130e+000
5 +1.722652374e+002 +1.722652374e+002 +2.076152374e+002 +2.076152374e+002 -1.0986e+000 +1.1883e+000 +7.7571e+000
9 +1.272861671e+002 +1.272861671e+002 +1.626361671e+002 +1.626361671e+002 -1.0312e+000 +1.3240e+000 +7.0446e+000
23 +5.747681949e+001 +5.747681949e+001 +9.282681949e+001 +9.282681949e+001 -1.2366e+000 +2.7395e+000 +6.1422e+000
41 +2.023280961e+001 +2.023280961e+001 +5.558280961e+001 +5.558280961e+001 -1.2171e+000 +2.8875e+000 +8.1747e+000
62 +1.750638414e+001 +1.750638414e+001 +5.285638414e+001 +5.285638414e+001 -8.7742e-001 +2.8218e+000 +7.7116e+000
73 +1.168104072e+001 +1.168104072e+001 +4.703104072e+001 +4.703104072e+001 -5.0272e-001 +2.6369e+000 +6.6785e+000
187 +9.446859739e+000 +9.446859739e+000 +4.479685974e+001 +4.479685974e+001 +6.1496e-001 +2.5200e+000 +6.8632e+000
222 +6.981749515e+000 +6.981749515e+000 +4.233174951e+001 +4.233174951e+001 -1.4019e-001 +2.5274e+000 +6.9935e+000
272 +6.178147443e+000 +6.178147443e+000 +4.152814744e+001 +4.152814744e+001 -1.5464e-001 +2.4547e+000 +6.9062e+000
280 +4.202470492e+000 +4.202470492e+000 +3.955247049e+001 +3.955247049e+001 +5.0179e-001 +2.0157e+000 +6.7401e+000
349 +3.688646030e+000 +3.688646030e+000 +3.903864603e+001 +3.903864603e+001 +5.4572e-001 +2.1507e+000 +6.5856e+000
421 +3.477014400e+000 +3.477014400e+000 +3.882701440e+001 +3.882701440e+001 +5.7837e-001 +2.3429e+000 +5.8690e+000
432 +3.429807664e+000 +3.429807664e+000 +3.877980766e+001 +3.877980766e+001 +5.6587e-001 +2.3362e+000 +5.8414e+000
434 +1.708090947e+000 +1.708090947e+000 +3.705809095e+001 +3.705809095e+001 +7.4531e-001 +1.9247e+000 +5.9778e+000
488 +7.091282215e-001 +7.091282215e-001 +3.605912822e+001 +3.605912822e+001 +1.0382e+000 +2.0197e+000 +5.1693e+000
533 +6.890941993e-001 +6.890941993e-001 +3.603909420e+001 +3.603909420e+001 +1.0665e+000 +2.0166e+000 +5.0929e+000
4407 +5.102705555e-001 +5.102705555e-001 +3.586027056e+001 +3.586027056e+001 +1.1679e+000 +1.7372e+000 +4.9566e+000
4424 +3.518126053e-001 +3.518126053e-001 +3.570181261e+001 +3.570181261e+001 +1.2139e+000 +1.6951e+000 +4.9545e+000
7634 +1.644349882e-001 +1.644349882e-001 +3.551443499e+001 +3.551443499e+001 +1.2899e+000 +1.6816e+000 +4.8618e+000
7728 +1.222768169e-001 +1.222768169e-001 +3.547227682e+001 +3.547227682e+001 +1.3498e+000 +1.6613e+000 +4.9719e+000
17058 +1.088735923e-001 +1.088735923e-001 +3.545887359e+001 +3.545887359e+001 +1.4811e+000 +1.6608e+000 +4.3370e+000
17279 +1.021290039e-001 +1.021290039e-001 +3.545212900e+001 +3.545212900e+001 +1.4943e+000 +1.6425e+000 +4.3550e+000
17331 +9.188719824e-002 +9.188719824e-002 +3.544188720e+001 +3.544188720e+001 +1.5170e+000 +1.6197e+000 +4.3212e+000
17346 +8.863819419e-002 +8.863819419e-002 +3.543863819e+001 +3.543863819e+001 +1.5171e+000 +1.6190e+000 +4.2371e+000
17354 +5.306527129e-002 +5.306527129e-002 +3.540306527e+001 +3.540306527e+001 +1.5224e+000 +1.6223e+000 +4.3842e+000
17461 +4.110874706e-002 +4.110874706e-002 +3.539110875e+001 +3.539110875e+001 +1.5453e+000 +1.6002e+000 +4.3938e+000
17496 +3.007670233e-002 +3.007670233e-002 +3.538007670e+001 +3.538007670e+001 +1.5627e+000 +1.5693e+000 +4.2796e+000
19241 +2.073327041e-002 +2.073327041e-002 +3.537073327e+001 +3.537073327e+001 +1.5911e+000 +1.5688e+000 +4.3703e+000
19416 +1.472204181e-002 +1.472204181e-002 +3.536472204e+001 +3.536472204e+001 +1.6262e+000 +1.5436e+000 +4.2919e+000
20959 +1.280385680e-002 +1.280385680e-002 +3.536280386e+001 +3.536280386e+001 +1.6620e+000 +1.5123e+000 +4.1817e+000
26669 +3.200964201e-003 +3.200964201e-003 +3.535320096e+001 +3.535320096e+001 +1.6945e+000 +1.4829e+000 +4.1046e+000
27653 +4.036149974e-007 +4.036149974e-007 +3.535000040e+001 +3.535000040e+001 +1.7226e+000 +1.5021e+000 +4.0027e+000
27660 +7.290915249e-008 +7.290915249e-008 +3.535000007e+001 +3.535000007e+001 +1.7595e+000 +1.4979e+000 +3.9655e+000
27714 +4.107628371e-008 +4.107628371e-008 +3.535000004e+001 +3.535000004e+001 +1.7479e+000 +1.4982e+000 +3.9735e+000
27717 +2.456679482e-008 +2.456679482e-008 +3.535000002e+001 +3.535000002e+001 +1.7536e+000 +1.4979e+000 +3.9738e+000
27739 +7.721943973e-009 +7.721943973e-009 +3.535000001e+001 +3.535000001e+001 +1.7711e+000 +1.4986e+000 +3.9765e+000
28472 +0.000000000e+000 +0.000000000e+000 +3.535000000e+001 +3.535000000e+001 +1.7614e+000 +1.4980e+000 +3.9739e+000
% function evaluation | noise-free fitness - Fopt (3.820000000000e+000) | best noise-free fitness - Fopt | measured fitness | best measured fitness | x1 | x2...
1 +6.794806538e+002 +6.794806538e+002 +6.833006538e+002 +6.833006538e+002 +2.3515e+000 +8.5229e-001 +5.9378e+000
2 +3.176132639e+001 +3.176132639e+001 +3.558132639e+001 +3.558132639e+001 +3.3264e+000 -4.9619e+000 +3.8156e-001
16 +2.384342003e+001 +2.384342003e+001 +2.766342003e+001 +2.766342003e+001 +2.8731e+000 +4.1417e+000 +3.3121e+000
19 +1.995966398e+001 +1.995966398e+001 +2.377966398e+001 +2.377966398e+001 +2.8410e+000 -2.1881e+000 +1.2159e+000
33 +1.212220260e+001 +1.212220260e+001 +1.594220260e+001 +1.594220260e+001 +3.4040e+000 -3.3634e+000 +1.3531e+000
34 +1.524463232e+000 +1.524463232e+000 +5.344463232e+000 +5.344463232e+000 +4.3361e+000 -1.6599e+000 +1.3493e+000
729 +1.209534786e+000 +1.209534786e+000 +5.029534786e+000 +5.029534786e+000 +3.9522e+000 -6.9265e-001 +1.5977e+000
795 +5.154992767e-001 +5.154992767e-001 +4.335499277e+000 +4.335499277e+000 +4.1587e+000 -8.1816e-001 +1.6570e+000
14722 +4.639108452e-001 +4.639108452e-001 +4.283910845e+000 +4.283910845e+000 +4.2511e+000 +8.7634e-001 +1.8448e+000
107838 +1.625184118e-001 +1.625184118e-001 +3.982518412e+000 +3.982518412e+000 +4.0619e+000 +5.3535e-001 +1.6807e+000
107890 +1.288499372e-001 +1.288499372e-001 +3.948849937e+000 +3.948849937e+000 +4.0841e+000 +7.2689e-002 +1.7335e+000
110363 +2.180137471e-002 +2.180137471e-002 +3.841801375e+000 +3.841801375e+000 +4.0796e+000 +8.6651e-001 +1.7968e+000
112766 +1.524463232e-002 +1.524463232e-002 +3.835244632e+000 +3.835244632e+000 +4.0113e+000 +9.1060e-001 +1.8006e+000
112949 +6.717050601e-003 +6.717050601e-003 +3.826717051e+000 +3.826717051e+000 +4.0368e+000 +9.2700e-001 +1.8232e+000
113333 +1.228791815e-007 +1.228791815e-007 +3.820000123e+000 +3.820000123e+000 +4.0060e+000 +1.1641e+000 +1.8532e+000
114718 +1.142518227e-007 +1.142518227e-007 +3.820000114e+000 +3.820000114e+000 +4.0025e+000 +1.1658e+000 +1.8749e+000
114728 +9.889905428e-008 +9.889905428e-008 +3.820000099e+000 +3.820000099e+000 +3.9779e+000 +1.1878e+000 +1.8766e+000
114745 +3.383210068e-008 +3.383210068e-008 +3.820000034e+000 +3.820000034e+000 +4.0058e+000 +1.1737e+000 +1.8738e+000
114749 +1.009055905e-008 +1.009055905e-008 +3.820000010e+000 +3.820000010e+000 +4.0069e+000 +1.1761e+000 +1.8750e+000
114781 +1.804745242e-009 +1.804745242e-009 +3.820000002e+000 +3.820000002e+000 +3.9911e+000 +1.1778e+000 +1.8773e+000
115637 +0.000000000e+000 +0.000000000e+000 +3.820000000e+000 +3.820000000e+000 +3.9999e+000 +1.1772e+000 +1.8722e+000
% function evaluation | noise-free fitness - Fopt (2.175000000000e+001) | best noise-free fitness - Fopt | measured fitness | best measured fitness | x1 | x2...
1 +7.508950584e+002 +7.508950584e+002 +7.726450584e+002 +7.726450584e+002 -1.7685e+000 -7.9988e+000 +4.1829e+000
4 +1.718984857e+002 +1.718984857e+002 +1.936484857e+002 +1.936484857e+002 -4.0596e+000 -2.0503e+000 +4.1275e+000
5 +1.172734514e+002 +1.172734514e+002 +1.390234514e+002 +1.390234514e+002 -8.3432e-002 +2.0766e-002 -1.7456e-001
7 +7.865903146e+001 +7.865903146e+001 +1.004090315e+002 +1.004090315e+002 -8.4375e-001 -2.3422e+000 +1.6999e+000
9 +2.892083807e+001 +2.892083807e+001 +5.067083807e+001 +5.067083807e+001 +3.2667e-001 -2.0986e-001 +1.0011e+000
22 +1.847143123e+001 +1.847143123e+001 +4.022143123e+001 +4.022143123e+001 +1.7427e+000 -1.2306e+000 -3.4390e-001
59 +9.869225923e+000 +9.869225923e+000 +3.161922592e+001 +3.161922592e+001 +1.8420e+000 -7.2865e-001 -3.6994e-001
156 +9.117410938e+000 +9.117410938e+000 +3.086741094e+001 +3.086741094e+001 +1.7498e+000 +5.4316e-001 +3.7170e-001
181 +7.518122852e+000 +7.518122852e+000 +2.926812285e+001 +2.926812285e+001 +2.1447e+000 +3.4264e-001 +1.7091e-001
220 +6.959050525e+000 +6.959050525e+000 +2.870905053e+001 +2.870905053e+001 +2.3856e+000 +1.1548e+000 +3.0225e-001
227 +6.728293325e+000 +6.728293325e+000 +2.847829332e+001 +2.847829332e+001 +2.3379e+000 +1.2535e+000 +3.5342e-001
228 +3.046908514e+000 +3.046908514e+000 +2.479690851e+001 +2.479690851e+001 +2.7273e+000 +2.2901e+000 +3.4335e-001
246 +2.926721022e+000 +2.926721022e+000 +2.467672102e+001 +2.467672102e+001 +2.8070e+000 +1.5524e+000 +2.4198e-001
252 +2.476813787e+000 +2.476813787e+000 +2.422681379e+001 +2.422681379e+001 +2.7232e+000 +1.7230e+000 +2.7481e-001
280 +1.933557981e+000 +1.933557981e+000 +2.368355798e+001 +2.368355798e+001 +2.7833e+000 +1.8797e+000 +1.8200e-001
286 +1.840209410e+000 +1.840209410e+000 +2.359020941e+001 +2.359020941e+001 +2.8383e+000 +1.9409e+000 +9.8743e-002
389 +1.065601281e+000 +1.065601281e+000 +2.281560128e+001 +2.281560128e+001 +3.2978e+000 +1.9172e+000 -1.0762e-001
499 +4.859197849e-001 +4.859197849e-001 +2.223591978e+001 +2.223591978e+001 +3.2792e+000 +1.4177e+000 -5.5364e-001
706 +2.938937417e-001 +2.938937417e-001 +2.204389374e+001 +2.204389374e+001 +3.5152e+000 +1.3643e+000 -6.0364e-001
804 +2.207205868e-001 +2.207205868e-001 +2.197072059e+001 +2.197072059e+001 +3.7793e+000 +1.3629e+000 -7.2145e-001
2558 +1.440929665e-001 +1.440929665e-001 +2.189409297e+001 +2.189409297e+001 +3.7298e+000 +1.2626e+000 -9.7256e-001
5237 +7.153520509e-002 +7.153520509e-002 +2.182153521e+001 +2.182153521e+001 +3.6586e+000 +1.1572e+000 -9.1558e-001
5642 +1.065601281e-002 +1.065601281e-002 +2.176065601e+001 +2.176065601e+001 +3.7145e+000 +1.0275e+000 -1.0179e+000
42458 +3.485257878e-007 +3.485257878e-007 +2.175000035e+001 +2.175000035e+001 +3.7744e+000 +9.2889e-001 -1.0978e+000
51194 +1.378460475e-007 +1.378460475e-007 +2.175000014e+001 +2.175000014e+001 +3.7813e+000 +8.6828e-001 -1.1258e+000
61641 +1.316645459e-007 +1.316645459e-007 +2.175000013e+001 +2.175000013e+001 +3.7765e+000 +8.7251e-001 -1.1167e+000
61696 +2.177795366e-008 +2.177795366e-008 +2.175000002e+001 +2.175000002e+001 +3.7837e+000 +8.8531e-001 -1.1231e+000
61723 +1.416924178e-008 +1.416924178e-008 +2.175000001e+001 +2.175000001e+001 +3.7810e+000 +8.8131e-001 -1.1268e+000
61760 +3.186901409e-009 +3.186901409e-009 +2.175000000e+001 +2.175000000e+001 +3.7759e+000 +8.8600e-001 -1.1181e+000
63216 +0.000000000e+000 +0.000000000e+000 +2.175000000e+001 +2.175000000e+001 +3.7832e+000 +8.8581e-001 -1.1121e+000
% function evaluation | noise-free fitness - Fopt (6.479000000000e+001) | best noise-free fitness - Fopt | measured fitness | best measured fitness | x1 | x2...
1 +3.067935558e+003 +3.067935558e+003 +3.132725558e+003 +3.132725558e+003 +7.2666e+000 -1.5809e+000 +3.4094e+000
3 +3.008723494e+003 +3.008723494e+003 +3.073513494e+003 +3.073513494e+003 +7.3390e+000 -2.4415e-001 +2.6109e+000
4 +5.420609964e+002 +5.420609964e+002 +6.068509964e+002 +6.068509964e+002 +2.6772e+000 -9.1836e-001 +3.7666e+000
7 +3.411193135e+002 +3.411193135e+002 +4.059093135e+002 +4.059093135e+002 +1.2212e+000 -4.0263e+000 +6.7246e+000
17 +1.620483876e+002 +1.620483876e+002 +2.268383876e+002 +2.268383876e+002 +8.2068e-001 -5.0557e-001 +5.4128e+000
21 +1.113430645e+002 +1.113430645e+002 +1.761330645e+002 +1.761330645e+002 -3.1719e+000 -5.0385e+000 +6.5478e+000
26 +6.175400756e+001 +6.175400756e+001 +1.265440076e+002 +1.265440076e+002 -1.5449e-001 -2.7508e-001 +3.0721e+000
28 +2.282416507e+001 +2.282416507e+001 +8.761416507e+001 +8.761416507e+001 -1.9212e+000 -5.7248e+000 +3.1699e+000
37 +8.745397571e+000 +8.745397571e+000 +7.353539757e+001 +7.353539757e+001 -1.2078e+000 -2.4319e+000 +2.7681e+000
99 +5.914168618e+000 +5.914168618e+000 +7.070416862e+001 +7.070416862e+001 -1.3796e+000 -1.4500e+000 +2.4542e+000
153 +3.375845652e+000 +3.375845652e+000 +6.816584565e+001 +6.816584565e+001 -1.5332e+000 +5.1712e-002 +1.7657e-001
158 +2.463021322e+000 +2.463021322e+000 +6.725302132e+001 +6.725302132e+001 -1.5520e+000 -8.5891e-001 +6.1532e-001
168 +1.717345497e+000 +1.717345497e+000 +6.650734550e+001 +6.650734550e+001 -1.1561e+000 -7.5520e-001 +2.2449e-001
485 +1.489758911e+000 +1.489758911e+000 +6.627975891e+001 +6.627975891e+001 -1.3767e+000 -1.0558e+000 +7.8494e-001
501 +8.439614130e-001 +8.439614130e-001 +6.563396141e+001 +6.563396141e+001 -1.4769e+000 -1.1016e+000 -3.5163e-001
1803 +3.719064659e-001 +3.719064659e-001 +6.516190647e+001 +6.516190647e+001 -1.8321e+000 -1.6477e+000 -6.9732e-001
2105 +1.600154021e-001 +1.600154021e-001 +6.495001540e+001 +6.495001540e+001 -1.8321e+000 -1.9464e+000 -4.0038e-001
2138 +4.685877188e-002 +4.685877188e-002 +6.483685877e+001 +6.483685877e+001 -1.8331e+000 -1.9125e+000 -3.0831e-001
2198 +2.557706949e-002 +2.557706949e-002 +6.481557707e+001 +6.481557707e+001 -1.8310e+000 -1.9204e+000 -2.3721e-001
2251 +1.345749219e-002 +1.345749219e-002 +6.480345749e+001 +6.480345749e+001 -1.8266e+000 -2.0058e+000 -7.9061e-003
2257 +3.296930089e-007 +3.296930089e-007 +6.479000033e+001 +6.479000033e+001 -1.8272e+000 -2.0777e+000 -9.6353e-002
2575 +3.044724082e-007 +3.044724082e-007 +6.479000030e+001 +6.479000030e+001 -1.8611e+000 -2.0877e+000 -7.3042e-002
2591 +1.776422067e-007 +1.776422067e-007 +6.479000018e+001 +6.479000018e+001 -1.8668e+000 -2.1009e+000 -1.2558e-001
2638 +2.289662859e-008 +2.289662859e-008 +6.479000002e+001 +6.479000002e+001 -1.8484e+000 -2.0814e+000 -1.2273e-001
2665 +1.231217084e-008 +1.231217084e-008 +6.479000001e+001 +6.479000001e+001 -1.8625e+000 -2.0861e+000 -1.1273e-001
2684 +1.061557953e-008 +1.061557953e-008 +6.479000001e+001 +6.479000001e+001 -1.8522e+000 -2.0852e+000 -1.1958e-001
2686 +2.164995294e-009 +2.164995294e-009 +6.479000000e+001 +6.479000000e+001 -1.8576e+000 -2.0858e+000 -1.1717e-001
3800 +0.000000000e+000 +0.000000000e+000 +6.479000000e+001 +6.479000000e+001 -1.8559e+000 -2.0852e+000 -1.1885e-001
% function evaluation | noise-free fitness - Fopt (-6.173000000000e+001) | best noise-free fitness - Fopt | measured fitness | best measured fitness | x1 | x2...
1 +3.889286889e+002 +3.889286889e+002 +3.271986889e+002 +3.271986889e+002 -3.0298e+000 -4.5531e+000 +7.3029e-001
4 +1.654191166e+002 +1.654191166e+002 +1.036891166e+002 +1.036891166e+002 +6.2981e+000 -3.6012e+000 -8.5205e+000
7 +5.549954006e+000 +5.549954006e+000 -5.618004599e+001 -5.618004599e+001 +1.1826e+000 -1.4154e+000 -4.0775e+000
54 +5.410910091e+000 +5.410910091e+000 -5.631908991e+001 -5.631908991e+001 -3.2931e+000 -3.9267e+000 -2.3777e+000
60 +1.261267728e+000 +1.261267728e+000 -6.046873227e+001 -6.046873227e+001 -3.1592e-001 -3.2082e+000 -3.8487e+000
63 +9.754628429e-001 +9.754628429e-001 -6.075453716e+001 -6.075453716e+001 -1.6663e+000 -3.6196e+000 -3.1974e+000
67 +6.071488362e-001 +6.071488362e-001 -6.112285116e+001 -6.112285116e+001 -1.7762e+000 -3.6158e+000 -2.9705e+000
69 +5.801634718e-001 +5.801634718e-001 -6.114983653e+001 -6.114983653e+001 -2.0562e+000 -3.7321e+000 -2.8377e+000
103 +3.442841407e-001 +3.442841407e-001 -6.138571586e+001 -6.138571586e+001 -1.7330e+000 -3.4676e+000 -3.0151e+000
121 +2.979285076e-001 +2.979285076e-001 -6.143207149e+001 -6.143207149e+001 -1.8305e+000 -3.5220e+000 -3.0132e+000
128 +5.995548461e-002 +5.995548461e-002 -6.167004452e+001 -6.167004452e+001 -1.6833e+000 -3.4046e+000 -3.0451e+000
19864 +3.865200280e-002 +3.865200280e-002 -6.169134800e+001 -6.169134800e+001 -1.6584e+000 -3.3835e+000 -3.0685e+000
20219 +1.983923582e-002 +1.983923582e-002 -6.171016076e+001 -6.171016076e+001 -1.5563e+000 -3.3263e+000 -3.1242e+000
21443 +1.029891498e-002 +1.029891498e-002 -6.171970109e+001 -6.171970109e+001 -1.5158e+000 -3.2532e+000 -3.1235e+000
23491 +5.927041567e-003 +5.927041567e-003 -6.172407296e+001 -6.172407296e+001 -1.3852e+000 -3.1876e+000 -3.1896e+000
31790 +3.957189065e-007 +3.957189065e-007 -6.172999960e+001 -6.172999960e+001 -1.3425e+000 -3.1429e+000 -3.2370e+000
31937 +9.434220516e-008 +9.434220516e-008 -6.172999991e+001 -6.172999991e+001 -1.3205e+000 -3.1097e+000 -3.1895e+000
31946 +6.925375828e-008 +6.925375828e-008 -6.172999993e+001 -6.172999993e+001 -1.3175e+000 -3.1104e+000 -3.1964e+000
31954 +3.589342867e-008 +3.589342867e-008 -6.172999996e+001 -6.172999996e+001 -1.3186e+000 -3.1053e+000 -3.1961e+000
31979 +3.321588338e-009 +3.321588338e-009 -6.173000000e+001 -6.173000000e+001 -1.3201e+000 -3.0993e+000 -3.1964e+000
32668 +0.000000000e+000 +0.000000000e+000 -6.173000000e+001 -6.173000000e+001 -1.3220e+000 -3.0991e+000 -3.1994e+000
% function evaluation | noise-free fitness - Fopt (-2.930000000000e+000) | best noise-free fitness - Fopt | measured fitness | best measured fitness | x1 | x2...
1 +6.509254314e+003 +6.509254314e+003 +6.506324314e+003 +6.506324314e+003 +2.0733e+000 -6.4496e+000 +1.5573e+001
2 +1.527575209e+003 +1.527575209e+003 +1.524645209e+003 +1.524645209e+003 -1.2607e+000 -1.1349e+001 +4.4065e+000
3 +1.145331204e+003 +1.145331204e+003 +1.142401204e+003 +1.142401204e+003 -1.9840e+000 -4.4122e+000 +5.0052e+000
5 +1.027000554e+003 +1.027000554e+003 +1.024070554e+003 +1.024070554e+003 +4.5891e+000 -2.6509e+000 +5.1608e+000
6 +3.015790771e+002 +3.015790771e+002 +2.986490771e+002 +2.986490771e+002 -2.0894e+000 -3.9401e+000 +8.7346e-001
13 +2.313419693e+002 +2.313419693e+002 +2.284119693e+002 +2.284119693e+002 -1.7518e+000 -6.9765e+000 -1.1622e+000
18 +1.831762917e+002 +1.831762917e+002 +1.802462917e+002 +1.802462917e+002 +3.5282e+000 -1.8841e+000 +1.2917e+000
25 +1.754975971e+002 +1.754975971e+002 +1.725675971e+002 +1.725675971e+002 +2.0062e-001 -1.9771e+000 +8.6667e-001
31 +1.668304056e+002 +1.668304056e+002 +1.639004056e+002 +1.639004056e+002 +7.5472e-001 -1.7285e+000 +1.0446e+000
40 +3.382210854e+001 +3.382210854e+001 +3.089210854e+001 +3.089210854e+001 +1.0237e+000 -3.0430e+000 -2.3226e+000
54 +2.995549447e+001 +2.995549447e+001 +2.702549447e+001 +2.702549447e+001 +1.1499e+000 -3.7596e+000 -1.6457e+000
72 +2.440680448e+001 +2.440680448e+001 +2.147680448e+001 +2.147680448e+001 +1.7566e+000 -3.7560e+000 -1.6664e+000
77 +1.631456614e+001 +1.631456614e+001 +1.338456614e+001 +1.338456614e+001 +2.2072e+000 -3.7019e+000 -1.7906e+000
93 +1.211362445e+001 +1.211362445e+001 +9.183624455e+000 +9.183624455e+000 +3.3158e+000 -3.6784e+000 -2.1727e+000
104 +1.180231651e+001 +1.180231651e+001 +8.872316505e+000 +8.872316505e+000 +3.2282e+000 -3.2540e+000 -2.2282e+000
109 +8.123791661e+000 +8.123791661e+000 +5.193791661e+000 +5.193791661e+000 +3.0440e+000 -3.4583e+000 -2.1286e+000
113 +7.586110695e+000 +7.586110695e+000 +4.656110695e+000 +4.656110695e+000 +3.6082e+000 -3.0998e+000 -1.7111e+000
114 +7.354094239e+000 +7.354094239e+000 +4.424094239e+000 +4.424094239e+000 +3.1387e+000 -3.2304e+000 -2.0639e+000
285 +4.161077063e+000 +4.161077063e+000 +1.231077063e+000 +1.231077063e+000 +3.1229e+000 -1.9044e+000 -1.8342e+000
523 +5.512400643e-001 +5.512400643e-001 -2.378759936e+000 -2.378759936e+000 +2.8516e+000 +9.8668e-001 -1.3250e+000
611 +2.377190114e-001 +2.377190114e-001 -2.692280989e+000 -2.692280989e+000 +2.8135e+000 +1.4798e+000 -1.0183e+000
788 +1.644316719e-001 +1.644316719e-001 -2.765568328e+000 -2.765568328e+000 +2.6575e+000 +1.4247e+000 -1.1022e+000
834 +9.674153635e-002 +9.674153635e-002 -2.833258464e+000 -2.833258464e+000 +2.7237e+000 +1.7057e+000 -1.0702e+000
862 +6.395292251e-002 +6.395292251e-002 -2.866047077e+000 -2.866047077e+000 +2.6420e+000 +1.7149e+000 -1.1066e+000
899 +5.547130680e-002 +5.547130680e-002 -2.874528693e+000 -2.874528693e+000 +2.6703e+000 +1.7704e+000 -1.0484e+000
951 +4.961160578e-002 +4.961160578e-002 -2.880388394e+000 -2.880388394e+000 +2.6530e+000 +1.5944e+000 -1.0610e+000
960 +1.838523560e-002 +1.838523560e-002 -2.911614764e+000 -2.911614764e+000 +2.5948e+000 +1.6828e+000 -1.0307e+000
1001 +1.687374184e-002 +1.687374184e-002 -2.913126258e+000 -2.913126258e+000 +2.5562e+000 +1.7414e+000 -1.0344e+000
1055 +6.184501851e-003 +6.184501851e-003 -2.923815498e+000 -2.923815498e+000 +2.5785e+000 +1.8044e+000 -1.0352e+000
1113 +5.512400643e-003 +5.512400643e-003 -2.924487599e+000 -2.924487599e+000 +2.5808e+000 +1.8427e+000 -1.0147e+000
1114 +1.497199844e-007 +1.497199844e-007 -2.929999850e+000 -2.929999850e+000 +2.5846e+000 +1.9260e+000 -1.0003e+000
1126 +8.727560896e-008 +8.727560896e-008 -2.929999913e+000 -2.929999913e+000 +2.5729e+000 +1.9164e+000 -9.9479e-001
1136 +6.467946134e-008 +6.467946134e-008 -2.929999935e+000 -2.929999935e+000 +2.5850e+000 +1.9167e+000 -9.6285e-001
1138 +6.116242668e-008 +6.116242668e-008 -2.929999939e+000 -2.929999939e+000 +2.5761e+000 +1.8983e+000 -1.0005e+000
1142 +4.272506438e-008 +4.272506438e-008 -2.929999957e+000 -2.929999957e+000 +2.5775e+000 +1.9107e+000 -9.7637e-001
1144 +1.309954900e-008 +1.309954900e-008 -2.929999987e+000 -2.929999987e+000 +2.5794e+000 +1.9133e+000 -9.8025e-001
1158 +4.720727809e-009 +4.720727809e-009 -2.929999995e+000 -2.929999995e+000 +2.5774e+000 +1.9127e+000 -9.8501e-001
2431 +0.000000000e+000 +0.000000000e+000 -2.930000000e+000 -2.930000000e+000 +2.5812e+000 +1.9104e+000 -9.9311e-001
% function evaluation | noise-free fitness - Fopt (1.398800000000e+002) | best noise-free fitness - Fopt | measured fitness | best measured fitness | x1 | x2...
1 +8.216346498e+002 +8.216346498e+002 +9.615146498e+002 +9.615146498e+002 -1.9457e+000 +1.4575e+000 +4.1559e+000
2 +3.513134052e+001 +3.513134052e+001 +1.750113405e+002 +1.750113405e+002 +1.6029e+000 +1.1021e-002 -3.9644e+000
3 +2.681346286e+001 +2.681346286e+001 +1.666934629e+002 +1.666934629e+002 +5.8371e-001 -2.5222e+000 -8.8681e-001
8 +1.060042969e+001 +1.060042969e+001 +1.504804297e+002 +1.504804297e+002 +2.4714e+000 -1.3029e+000 -1.6323e+000
62 +2.792570176e+000 +2.792570176e+000 +1.426725702e+002 +1.426725702e+002 +2.2312e+000 -6.7409e-001 -1.8085e+000
152 +2.595160093e+000 +2.595160093e+000 +1.424751601e+002 +1.424751601e+002 +1.5120e+000 -6.1059e-001 -2.1407e+000
178 +1.869460787e+000 +1.869460787e+000 +1.417494608e+002 +1.417494608e+002 +1.9486e+000 -3.4627e-001 -2.1392e+000
858 +1.314213193e+000 +1.314213193e+000 +1.411942132e+002 +1.411942132e+002 +1.8763e+000 +3.6495e-001 -2.5294e+000
2021 +3.349034750e-001 +3.349034750e-001 +1.402149035e+002 +1.402149035e+002 +1.9309e+000 +2.2741e+000 -3.3997e+000
3622 +3.244903576e-001 +3.244903576e-001 +1.402044904e+002 +1.402044904e+002 +1.9451e+000 +1.0522e+000 -3.1741e+000
5099 +2.930518363e-002 +2.930518363e-002 +1.399093052e+002 +1.399093052e+002 +2.0678e+000 +2.2851e+000 -3.5868e+000
5779 +1.869460787e-002 +1.869460787e-002 +1.398986946e+002 +1.398986946e+002 +2.0015e+000 +2.1777e+000 -3.5376e+000
6084 +1.314213193e-002 +1.314213193e-002 +1.398931421e+002 +1.398931421e+002 +1.9884e+000 +2.2556e+000 -3.5542e+000
11448 +1.286028960e-002 +1.286028960e-002 +1.398928603e+002 +1.398928603e+002 +1.9990e+000 +2.4246e+000 -3.5833e+000
14518 +8.244043478e-003 +8.244043478e-003 +1.398882440e+002 +1.398882440e+002 +2.0198e+000 +2.4468e+000 -3.6721e+000
17419 +4.263291373e-007 +4.263291373e-007 +1.398800004e+002 +1.398800004e+002 +1.9977e+000 +2.4409e+000 -3.6781e+000
17447 +3.421205008e-007 +3.421205008e-007 +1.398800003e+002 +1.398800003e+002 +2.0154e+000 +2.4455e+000 -3.6728e+000
17472 +1.704534327e-007 +1.704534327e-007 +1.398800002e+002 +1.398800002e+002 +2.0156e+000 +2.5006e+000 -3.6661e+000
17486 +6.596843605e-008 +6.596843605e-008 +1.398800001e+002 +1.398800001e+002 +2.0013e+000 +2.4822e+000 -3.6511e+000
17523 +1.984099640e-008 +1.984099640e-008 +1.398800000e+002 +1.398800000e+002 +2.0086e+000 +2.4865e+000 -3.6676e+000
17538 +8.872802937e-009 +8.872802937e-009 +1.398800000e+002 +1.398800000e+002 +2.0112e+000 +2.4826e+000 -3.6679e+000
18171 +0.000000000e+000 +0.000000000e+000 +1.398800000e+002 +1.398800000e+002 +2.0042e+000 +2.4850e+000 -3.6713e+000
% function evaluation | noise-free fitness - Fopt (-2.290200000000e+002) | best noise-free fitness - Fopt | measured fitness | best measured fitness | x1 | x2...
1 +2.460201693e+002 +2.460201693e+002 +1.700016930e+001 +1.700016930e+001 +2.5285e+000 +4.0137e+000 +5.1795e+000
6 +6.732372169e+001 +6.732372169e+001 -1.616962783e+002 -1.616962783e+002 +3.6360e+000 +2.4206e+000 -8.9593e-001
10 +3.700652368e+001 +3.700652368e+001 -1.920134763e+002 -1.920134763e+002 +1.6048e+000 +4.5301e-001 -1.0084e+000
14 +1.341788491e+001 +1.341788491e+001 -2.156021151e+002 -2.156021151e+002 +1.5769e+000 +1.4189e+000 -6.5253e-001
19 +1.258721284e+001 +1.258721284e+001 -2.164327872e+002 -2.164327872e+002 +2.0087e-001 +1.2479e+000 -1.0098e+000
22 +8.419565658e+000 +8.419565658e+000 -2.206004343e+002 -2.206004343e+002 +1.6354e+000 +2.2368e+000 -1.0719e+000
50 +6.534786053e+000 +6.534786053e+000 -2.224852139e+002 -2.224852139e+002 +6.0305e-001 +1.2118e+000 -2.4083e-001
51 +6.231247111e+000 +6.231247111e+000 -2.227887529e+002 -2.227887529e+002 +3.2672e-002 +3.9304e-001 -3.7905e-001
53 +2.566008238e+000 +2.566008238e+000 -2.264539918e+002 -2.264539918e+002 -8.6765e-002 +9.2406e-001 +8.5453e-002
469 +2.414997772e+000 +2.414997772e+000 -2.266050022e+002 -2.266050022e+002 -5.6355e-001 +1.0097e+000 +4.4493e-001
2775 +1.879485140e+000 +1.879485140e+000 -2.271405149e+002 -2.271405149e+002 -8.6197e-001 +6.6332e-001 +7.2702e-001
2876 +1.631502958e+000 +1.631502958e+000 -2.273884970e+002 -2.273884970e+002 -8.2954e-001 +2.0038e-001 +6.9021e-001
2884 +1.002516717e+000 +1.002516717e+000 -2.280174833e+002 -2.280174833e+002 -7.6782e-001 +5.7753e-001 +7.6199e-001
2886 +9.536232903e-001 +9.536232903e-001 -2.280663767e+002 -2.280663767e+002 -7.9652e-001 +5.2446e-001 +7.0872e-001
3079 +6.367000784e-001 +6.367000784e-001 -2.283832999e+002 -2.283832999e+002 -1.1592e+000 +1.1744e-001 +1.0009e+000
3099 +5.441188182e-001 +5.441188182e-001 -2.284758812e+002 -2.284758812e+002 -1.2968e+000 +1.9557e-002 +9.7640e-001
3106 +4.857682188e-001 +4.857682188e-001 -2.285342318e+002 -2.285342318e+002 -1.2316e+000 +1.1664e-001 +9.2705e-001
3115 +4.702021003e-001 +4.702021003e-001 -2.285497979e+002 -2.285497979e+002 -1.2040e+000 +2.7436e-001 +1.0008e+000
3123 +4.103010342e-001 +4.103010342e-001 -2.286096990e+002 -2.286096990e+002 -1.1885e+000 +1.9644e-001 +9.9022e-001
19353 +2.217011392e-001 +2.217011392e-001 -2.287982989e+002 -2.287982989e+002 -1.8166e+000 -1.2470e-002 +1.6313e+000
19386 +1.605914926e-001 +1.605914926e-001 -2.288594085e+002 -2.288594085e+002 -1.5839e+000 +7.9914e-002 +1.4434e+000
19410 +1.416485986e-001 +1.416485986e-001 -2.288783514e+002 -2.288783514e+002 -1.5895e+000 +1.5147e-002 +1.4651e+000
19415 +1.047920478e-001 +1.047920478e-001 -2.289152080e+002 -2.289152080e+002 -1.7131e+000 -6.9096e-002 +1.4643e+000
22523 +8.554233895e-002 +8.554233895e-002 -2.289344577e+002 -2.289344577e+002 -2.0010e+000 -3.4379e-001 +1.6253e+000
22749 +4.200257223e-002 +4.200257223e-002 -2.289779974e+002 -2.289779974e+002 -2.0016e+000 -2.5865e-001 +1.6321e+000
22774 +3.512861637e-002 +3.512861637e-002 -2.289848714e+002 -2.289848714e+002 -2.0210e+000 -3.2744e-001 +1.6330e+000
22795 +2.688164623e-002 +2.688164623e-002 -2.289931184e+002 -2.289931184e+002 -2.0604e+000 -3.0219e-001 +1.6350e+000
23083 +1.512092600e-002 +1.512092600e-002 -2.290048791e+002 -2.290048791e+002 -2.0423e+000 -3.0721e-001 +1.7116e+000
23123 +6.720411557e-003 +6.720411557e-003 -2.290132796e+002 -2.290132796e+002 -2.0907e+000 -3.2530e-001 +1.7488e+000
23124 +1.680102889e-003 +1.680102889e-003 -2.290183199e+002 -2.290183199e+002 -2.1980e+000 -3.6621e-001 +1.8531e+000
23161 +3.739579029e-007 +3.739579029e-007 -2.290199996e+002 -2.290199996e+002 -2.1468e+000 -3.5701e-001 +1.8423e+000
23164 +1.252782909e-007 +1.252782909e-007 -2.290199999e+002 -2.290199999e+002 -2.1668e+000 -3.6240e-001 +1.7920e+000
23180 +1.160257455e-007 +1.160257455e-007 -2.290199999e+002 -2.290199999e+002 -2.1554e+000 -3.6024e-001 +1.8150e+000
23182 +9.921478750e-008 +9.921478750e-008 -2.290199999e+002 -2.290199999e+002 -2.1655e+000 -3.5546e-001 +1.8190e+000
23199 +8.257183026e-008 +8.257183026e-008 -2.290199999e+002 -2.290199999e+002 -2.1532e+000 -3.5933e-001 +1.8080e+000
23205 +2.568202717e-008 +2.568202717e-008 -2.290200000e+002 -2.290200000e+002 -2.1749e+000 -3.5865e-001 +1.8181e+000
23215 +1.179927267e-008 +1.179927267e-008 -2.290200000e+002 -2.290200000e+002 -2.1689e+000 -3.5673e-001 +1.8069e+000
23227 +1.124467985e-008 +1.124467985e-008 -2.290200000e+002 -2.290200000e+002 -2.1674e+000 -3.5861e-001 +1.8098e+000
23238 +5.211944654e-009 +5.211944654e-009 -2.290200000e+002 -2.290200000e+002 -2.1695e+000 -3.5686e-001 +1.8099e+000
23956 +0.000000000e+000 +0.000000000e+000 -2.290200000e+002 -2.290200000e+002 -2.1703e+000 -3.5501e-001 +1.8089e+000
% function evaluation | noise-free fitness - Fopt (6.198000000000e+001) | best noise-free fitness - Fopt | measured fitness | best measured fitness | x1 | x2...
1 +1.633304913e+003 +1.633304913e+003 +1.695284913e+003 +1.695284913e+003 -9.4644e+000 -1.1250e+000 +6.6952e+000
4 +6.502014311e+002 +6.502014311e+002 +7.121814311e+002 +7.121814311e+002 -1.8775e+000 -2.0847e+000 +4.6611e-001
5 +2.433746681e+002 +2.433746681e+002 +3.053546681e+002 +3.053546681e+002 +4.8163e+000 -5.7906e+000 -3.2227e-001
15 +9.615019693e+001 +9.615019693e+001 +1.581301969e+002 +1.581301969e+002 -3.2484e+000 -1.0147e+000 +6.8580e+000
26 +9.142454908e+001 +9.142454908e+001 +1.534045491e+002 +1.534045491e+002 +1.8503e+000 -3.3437e+000 +3.1576e+000
27 +5.378747209e+001 +5.378747209e+001 +1.157674721e+002 +1.157674721e+002 +2.3442e+000 -3.5617e+000 +1.7195e+000
39 +2.533354353e+001 +2.533354353e+001 +8.731354353e+001 +8.731354353e+001 +3.3629e-001 -4.5175e+000 +1.8456e+000
69 +2.363000999e+001 +2.363000999e+001 +8.561000999e+001 +8.561000999e+001 +4.3321e+000 +2.7900e-001 +6.2483e-001
73 +8.552782928e+000 +8.552782928e+000 +7.053278293e+001 +7.053278293e+001 +7.8708e-001 -1.8103e+000 +3.0849e+000
115 +1.615071733e+000 +1.615071733e+000 +6.359507173e+001 +6.359507173e+001 +2.2351e+000 +3.2994e-001 +2.0419e+000
337 +1.090447846e+000 +1.090447846e+000 +6.307044785e+001 +6.307044785e+001 +2.3552e+000 +1.1163e-001 +1.9127e+000
359 +1.022481678e+000 +1.022481678e+000 +6.300248168e+001 +6.300248168e+001 +2.3643e+000 -1.7986e-001 +1.8013e+000
2931 +4.037679333e-001 +4.037679333e-001 +6.238376793e+001 +6.238376793e+001 +2.5581e+000 +5.1529e-001 +1.9355e+000
3101 +3.022414644e-001 +3.022414644e-001 +6.228224146e+001 +6.228224146e+001 +2.5507e+000 +6.1459e-001 +1.6832e+000
3623 +2.570716133e-001 +2.570716133e-001 +6.223707161e+001 +6.223707161e+001 +2.7307e+000 +6.0550e-001 +1.6579e+000
6094 +1.839238634e-001 +1.839238634e-001 +6.216392386e+001 +6.216392386e+001 +3.0295e+000 +1.1011e+000 +1.7335e+000
10545 +3.598016968e-002 +3.598016968e-002 +6.201598017e+001 +6.201598017e+001 +3.0623e+000 +1.0345e+000 +1.7325e+000
10611 +2.324564032e-002 +2.324564032e-002 +6.200324564e+001 +6.200324564e+001 +3.0996e+000 +1.0664e+000 +1.6980e+000
10674 +1.208965858e-002 +1.208965858e-002 +6.199208966e+001 +6.199208966e+001 +3.1133e+000 +1.0510e+000 +1.6511e+000
10720 +3.022414644e-003 +3.022414644e-003 +6.198302241e+001 +6.198302241e+001 +3.1556e+000 +1.0755e+000 +1.6286e+000
10885 +2.422322467e-007 +2.422322467e-007 +6.198000024e+001 +6.198000024e+001 +3.1971e+000 +1.1310e+000 +1.6017e+000
10985 +1.917356940e-007 +1.917356940e-007 +6.198000019e+001 +6.198000019e+001 +3.2050e+000 +1.1224e+000 +1.6094e+000
11029 +1.880447584e-007 +1.880447584e-007 +6.198000019e+001 +6.198000019e+001 +3.2136e+000 +1.1271e+000 +1.6105e+000
11033 +1.680437691e-007 +1.680437691e-007 +6.198000017e+001 +6.198000017e+001 +3.2170e+000 +1.1268e+000 +1.6101e+000
11075 +1.646732031e-007 +1.646732031e-007 +6.198000016e+001 +6.198000016e+001 +3.2243e+000 +1.1309e+000 +1.6109e+000
11091 +1.617365442e-007 +1.617365442e-007 +6.198000016e+001 +6.198000016e+001 +3.2212e+000 +1.1286e+000 +1.6104e+000
11108 +1.538496406e-007 +1.538496406e-007 +6.198000015e+001 +6.198000015e+001 +3.2219e+000 +1.1282e+000 +1.6101e+000
11133 +1.497857198e-007 +1.497857198e-007 +6.198000015e+001 +6.198000015e+001 +3.2330e+000 +1.1356e+000 +1.6101e+000
11191 +4.094288641e-008 +4.094288641e-008 +6.198000004e+001 +6.198000004e+001 +3.2379e+000 +1.1271e+000 +1.6050e+000
11217 +6.832507893e-009 +6.832507893e-009 +6.198000001e+001 +6.198000001e+001 +3.2418e+000 +1.1317e+000 +1.5971e+000
11928 +0.000000000e+000 +0.000000000e+000 +6.198000000e+001 +6.198000000e+001 +3.2321e+000 +1.1235e+000 +1.5973e+000
% function evaluation | noise-free fitness - Fopt (-2.359000000000e+001) | best noise-free fitness - Fopt | measured fitness | best measured fitness | x1 | x2...
1 +2.079635617e+003 +2.079635617e+003 +2.056045617e+003 +2.056045617e+003 +2.8014e+000 +9.0647e+000 -9.4887e+000
3 +1.557126751e+003 +1.557126751e+003 +1.533536751e+003 +1.533536751e+003 +1.1670e+000 -1.0263e+000 -6.7339e+000
6 +3.515907045e+001 +3.515907045e+001 +1.156907045e+001 +1.156907045e+001 -5.6967e+000 -2.0400e-001 +5.5854e-001
27 +3.082663534e+001 +3.082663534e+001 +7.236635338e+000 +7.236635338e+000 -4.2854e+000 -2.8985e-001 +5.9383e-001
42 +4.350606756e+000 +4.350606756e+000 -1.923939324e+001 -1.923939324e+001 -1.3692e+000 +1.2355e+000 +2.4036e+000
66 +4.126695045e+000 +4.126695045e+000 -1.946330496e+001 -1.946330496e+001 -9.9533e-001 +1.4926e+000 +3.6340e+000
94 +3.976555285e+000 +3.976555285e+000 -1.961344471e+001 -1.961344471e+001 -1.6706e+000 +1.5669e+000 +3.0952e+000
109 +3.837433230e+000 +3.837433230e+000 -1.975256677e+001 -1.975256677e+001 -1.4353e+000 +9.2709e-001 +2.8152e+000
112 +3.053749843e+000 +3.053749843e+000 -2.053625016e+001 -2.053625016e+001 -1.7497e+000 +2.7297e+000 +2.8150e+000
124 +2.469679254e+000 +2.469679254e+000 -2.112032075e+001 -2.112032075e+001 -1.5567e+000 +2.2540e+000 +2.8279e+000
147 +2.102897549e+000 +2.102897549e+000 -2.148710245e+001 -2.148710245e+001 -5.8207e-001 +2.4486e+000 +2.8244e+000
200 +1.071145991e+000 +1.071145991e+000 -2.251885401e+001 -2.251885401e+001 -1.8799e-001 +2.1430e+000 +3.0159e+000
420 +6.772732609e-001 +6.772732609e-001 -2.291272674e+001 -2.291272674e+001 -8.7397e-001 +2.2303e+000 +2.9590e+000
426 +5.554106777e-001 +5.554106777e-001 -2.303458932e+001 -2.303458932e+001 -8.7958e-001 +2.0809e+000 +2.8426e+000
437 +4.735420329e-001 +4.735420329e-001 -2.311645797e+001 -2.311645797e+001 -8.8206e-001 +1.9168e+000 +2.8781e+000
504 +3.256413155e-001 +3.256413155e-001 -2.326435868e+001 -2.326435868e+001 -7.3101e-001 +2.1722e+000 +2.8269e+000
511 +3.201167002e-001 +3.201167002e-001 -2.326988330e+001 -2.326988330e+001 -8.0177e-001 +2.3585e+000 +2.9259e+000
788 +2.255200285e-001 +2.255200285e-001 -2.336447997e+001 -2.336447997e+001 -6.6379e-001 +2.2610e+000 +2.9230e+000
842 +1.842164998e-001 +1.842164998e-001 -2.340578350e+001 -2.340578350e+001 -7.5032e-001 +2.1538e+000 +2.9478e+000
881 +1.183855082e-001 +1.183855082e-001 -2.347161449e+001 -2.347161449e+001 -6.3207e-001 +2.1699e+000 +2.9830e+000
1160 +9.124369351e-002 +9.124369351e-002 -2.349875631e+001 -2.349875631e+001 -5.8897e-001 +2.4112e+000 +3.0083e+000
1255 +8.677124886e-002 +8.677124886e-002 -2.350322875e+001 -2.350322875e+001 -5.7608e-001 +2.3587e+000 +3.0073e+000
1303 +5.936603429e-002 +5.936603429e-002 -2.353063397e+001 -2.353063397e+001 -4.6557e-001 +2.4244e+000 +3.0108e+000
1394 +3.056215972e-002 +3.056215972e-002 -2.355943784e+001 -2.355943784e+001 -4.6353e-001 +2.3471e+000 +3.0160e+000
1641 +2.324305948e-002 +2.324305948e-002 -2.356675694e+001 -2.356675694e+001 -4.2664e-001 +2.3750e+000 +3.0209e+000
2270 +1.124961520e-002 +1.124961520e-002 -2.357875038e+001 -2.357875038e+001 -3.8281e-001 +2.3755e+000 +3.0785e+000
2399 +2.812403800e-003 +2.812403800e-003 -2.358718760e+001 -2.358718760e+001 -3.3936e-001 +2.3982e+000 +3.0897e+000
2852 +2.908024754e-007 +2.908024754e-007 -2.358999971e+001 -2.358999971e+001 -3.5016e-001 +2.4403e+000 +3.1005e+000
2854 +2.076652699e-007 +2.076652699e-007 -2.358999979e+001 -2.358999979e+001 -3.0116e-001 +2.4224e+000 +3.1213e+000
2891 +1.675730701e-007 +1.675730701e-007 -2.358999983e+001 -2.358999983e+001 -3.3852e-001 +2.4358e+000 +3.1002e+000
2894 +1.496259543e-007 +1.496259543e-007 -2.358999985e+001 -2.358999985e+001 -3.0542e-001 +2.4299e+000 +3.1219e+000
2956 +1.289906066e-007 +1.289906066e-007 -2.358999987e+001 -2.358999987e+001 -3.3352e-001 +2.4332e+000 +3.1196e+000
2972 +5.594120367e-008 +5.594120367e-008 -2.358999994e+001 -2.358999994e+001 -3.1794e-001 +2.4153e+000 +3.1260e+000
3002 +4.959120758e-008 +4.959120758e-008 -2.358999995e+001 -2.358999995e+001 -3.2629e-001 +2.4286e+000 +3.1205e+000
3038 +1.329091504e-008 +1.329091504e-008 -2.358999999e+001 -2.358999999e+001 -3.2089e-001 +2.4320e+000 +3.1317e+000
3056 +1.237614100e-008 +1.237614100e-008 -2.358999999e+001 -2.358999999e+001 -3.1817e-001 +2.4311e+000 +3.1349e+000
3065 +1.206839784e-008 +1.206839784e-008 -2.358999999e+001 -2.358999999e+001 -3.2069e-001 +2.4375e+000 +3.1179e+000
3067 +2.826457290e-009 +2.826457290e-009 -2.359000000e+001 -2.359000000e+001 -3.2128e-001 +2.4268e+000 +3.1279e+000
3760 +0.000000000e+000 +0.000000000e+000 -2.359000000e+001 -2.359000000e+001 -3.2051e-001 +2.4304e+000 +3.1240e+000
% function evaluation | noise-free fitness - Fopt (-1.214300000000e+002) | best noise-free fitness - Fopt | measured fitness | best measured fitness | x1 | x2...
1 +2.058164132e+002 +2.058164132e+002 +8.438641319e+001 +8.438641319e+001 +4.0637e+000 +7.8250e+000 -8.8089e+000
2 +1.092173275e+001 +1.092173275e+001 -1.105082672e+002 -1.105082672e+002 +3.4958e+000 +3.4744e+000 -5.6274e+000
14 +6.529592328e+000 +6.529592328e+000 -1.149004077e+002 -1.149004077e+002 +4.1615e+000 +4.0952e+000 -5.5865e+000
23 +3.676552411e+000 +3.676552411e+000 -1.177534476e+002 -1.177534476e+002 +4.9965e+000 +3.7535e+000 -5.4681e+000
76 +3.464843788e+000 +3.464843788e+000 -1.179651562e+002 -1.179651562e+002 +5.0859e+000 +4.1955e+000 -4.9203e+000
109 +3.128200903e+000 +3.128200903e+000 -1.183017991e+002 -1.183017991e+002 +4.6795e+000 +4.2663e+000 -5.4507e+000
117 +2.076714466e+000 +2.076714466e+000 -1.193532855e+002 -1.193532855e+002 +4.6399e+000 +4.0008e+000 -5.2318e+000
132 +2.026824680e+000 +2.026824680e+000 -1.194031753e+002 -1.194031753e+002 +4.6224e+000 +4.1888e+000 -5.0619e+000
167 +1.993454611e+000 +1.993454611e+000 -1.194365454e+002 -1.194365454e+002 +4.6345e+000 +4.2117e+000 -5.1032e+000
230 +1.887833883e+000 +1.887833883e+000 -1.195421661e+002 -1.195421661e+002 +4.4937e+000 +3.9018e+000 -4.5458e+000
252 +1.688660612e+000 +1.688660612e+000 -1.197413394e+002 -1.197413394e+002 +4.2904e+000 +3.8035e+000 -4.3984e+000
767 +1.027511586e+000 +1.027511586e+000 -1.204024884e+002 -1.204024884e+002 +4.4991e+000 +4.0196e+000 -4.7924e+000
117143 +8.187904368e-001 +8.187904368e-001 -1.206112096e+002 -1.206112096e+002 +4.2413e+000 +3.7136e+000 -4.2762e+000
117187 +6.458033552e-001 +6.458033552e-001 -1.207841966e+002 -1.207841966e+002 +4.2541e+000 +3.6697e+000 -4.3393e+000
117204 +5.284956921e-001 +5.284956921e-001 -1.209015043e+002 -1.209015043e+002 +4.2178e+000 +3.7098e+000 -4.3673e+000
117213 +4.445347915e-001 +4.445347915e-001 -1.209854652e+002 -1.209854652e+002 +4.2099e+000 +3.6858e+000 -4.4450e+000
117241 +4.194306167e-001 +4.194306167e-001 -1.210105694e+002 -1.210105694e+002 +4.1406e+000 +3.6934e+000 -4.4785e+000
186712 +3.566472763e-001 +3.566472763e-001 -1.210733527e+002 -1.210733527e+002 +3.9464e+000 +3.3230e+000 -4.1020e+000
186737 +1.952073915e-001 +1.952073915e-001 -1.212347926e+002 -1.212347926e+002 +3.9409e+000 +3.3568e+000 -4.0285e+000
186833 +1.412502770e-001 +1.412502770e-001 -1.212887497e+002 -1.212887497e+002 +3.8897e+000 +3.3447e+000 -4.0096e+000
186857 +1.048576542e-001 +1.048576542e-001 -1.213251423e+002 -1.213251423e+002 +3.8148e+000 +3.3376e+000 -4.0148e+000
234299 +6.825126035e-002 +6.825126035e-002 -1.213617487e+002 -1.213617487e+002 +3.6199e+000 +3.0736e+000 -3.6768e+000
238199 +4.381734596e-002 +4.381734596e-002 -1.213861827e+002 -1.213861827e+002 +3.5500e+000 +3.0030e+000 -3.6557e+000
238204 +4.095679325e-002 +4.095679325e-002 -1.213890432e+002 -1.213890432e+002 +3.5428e+000 +3.0606e+000 -3.7227e+000
238208 +3.457462316e-002 +3.457462316e-002 -1.213954254e+002 -1.213954254e+002 +3.5929e+000 +3.0247e+000 -3.7036e+000
238218 +2.892205753e-002 +2.892205753e-002 -1.214010779e+002 -1.214010779e+002 +3.5272e+000 +3.0563e+000 -3.7204e+000
238229 +1.982807264e-002 +1.982807264e-002 -1.214101719e+002 -1.214101719e+002 +3.5677e+000 +3.0605e+000 -3.6810e+000
257948 +1.126220733e-002 +1.126220733e-002 -1.214187378e+002 -1.214187378e+002 +3.4774e+000 +3.0095e+000 -3.5119e+000
257970 +4.990334442e-003 +4.990334442e-003 -1.214250097e+002 -1.214250097e+002 +3.4579e+000 +3.0014e+000 -3.5159e+000
258303 +2.066757503e-007 +2.066757503e-007 -1.214299998e+002 -1.214299998e+002 +3.4381e+000 +2.9414e+000 -3.5061e+000
258321 +2.384271625e-008 +2.384271625e-008 -1.214300000e+002 -1.214300000e+002 +3.4282e+000 +2.9671e+000 -3.5049e+000
258347 +1.347032708e-009 +1.347032708e-009 -1.214300000e+002 -1.214300000e+002 +3.4261e+000 +2.9690e+000 -3.5035e+000
259182 +0.000000000e+000 +0.000000000e+000 -1.214300000e+002 -1.214300000e+002 +3.4318e+000 +2.9592e+000 -3.4948e+000
% function evaluation | noise-free fitness - Fopt (-3.364000000000e+001) | best noise-free fitness - Fopt | measured fitness | best measured fitness | x1 | x2...
1 +4.125923056e+003 +4.125923056e+003 +4.092283056e+003 +4.092283056e+003 -3.4751e+000 -7.0862e+000 +6.4048e+000
2 +1.048477856e+003 +1.048477856e+003 +1.014837856e+003 +1.014837856e+003 -9.0476e-001 -4.4126e+000 +3.9937e+000
7 +1.024949199e+002 +1.024949199e+002 +6.885491992e+001 +6.885491992e+001 -1.2028e+000 +1.1436e+000 +2.4568e+000
12 +1.030673146e+001 +1.030673146e+001 -2.333326854e+001 -2.333326854e+001 +4.3361e-001 +2.2822e+000 +2.4620e+000
32 +1.303168844e+000 +1.303168844e+000 -3.233683116e+001 -3.233683116e+001 +1.5376e+000 +4.0931e+000 +3.1558e+000
33 +7.139747514e-002 +7.139747514e-002 -3.356860252e+001 -3.356860252e+001 +1.2146e+000 +2.3160e+000 +2.5790e+000
439 +4.755958787e-002 +4.755958787e-002 -3.359244041e+001 -3.359244041e+001 +1.3806e+000 +2.3863e+000 +2.6820e+000
513 +2.652461730e-002 +2.652461730e-002 -3.361347538e+001 -3.361347538e+001 +1.4564e+000 +2.3639e+000 +2.6954e+000
3171 +2.372256723e-002 +2.372256723e-002 -3.361627743e+001 -3.361627743e+001 +1.3635e+000 +2.3242e+000 +2.6494e+000
3185 +2.114625275e-002 +2.114625275e-002 -3.361885375e+001 -3.361885375e+001 +1.3599e+000 +2.2897e+000 +2.5968e+000
3217 +6.631154325e-003 +6.631154325e-003 -3.363336885e+001 -3.363336885e+001 +1.4119e+000 +2.2570e+000 +2.6384e+000
4451 +4.570042975e-007 +4.570042975e-007 -3.363999954e+001 -3.363999954e+001 +1.3884e+000 +2.0957e+000 +2.6011e+000
4868 +2.336464036e-007 +2.336464036e-007 -3.363999977e+001 -3.363999977e+001 +1.3809e+000 +2.1181e+000 +2.5632e+000
4953 +5.397146907e-008 +5.397146907e-008 -3.363999995e+001 -3.363999995e+001 +1.3773e+000 +2.0891e+000 +2.5540e+000
5078 +1.707071107e-008 +1.707071107e-008 -3.363999998e+001 -3.363999998e+001 +1.3768e+000 +2.0709e+000 +2.5579e+000
5093 +5.351360244e-009 +5.351360244e-009 -3.363999999e+001 -3.363999999e+001 +1.3767e+000 +2.0681e+000 +2.5560e+000
5928 +0.000000000e+000 +0.000000000e+000 -3.364000000e+001 -3.364000000e+001 +1.3766e+000 +2.0688e+000 +2.5566e+000
% function evaluation | noise-free fitness - Fopt (-5.323000000000e+001) | best noise-free fitness - Fopt | measured fitness | best measured fitness | x1 | x2...
1 +1.493249657e+002 +1.493249657e+002 +9.609496573e+001 +9.609496573e+001 +2.9355e+000 +3.8272e-002 +1.7631e+000
2 +1.177145602e+002 +1.177145602e+002 +6.448456017e+001 +6.448456017e+001 -3.0667e-001 +6.9630e-001 +1.9232e-001
17 +2.586455567e+001 +2.586455567e+001 -2.736544433e+001 -2.736544433e+001 +1.6398e+000 +6.8777e-001 -2.4078e+000
33 +1.653009093e+001 +1.653009093e+001 -3.669990907e+001 -3.669990907e+001 +3.0746e+000 +1.2620e+000 -4.2218e+000
44 +5.473401165e+000 +5.473401165e+000 -4.775659883e+001 -4.775659883e+001 -2.6741e-001 -1.0713e+000 -1.5244e+000
101 +4.256209152e+000 +4.256209152e+000 -4.897379085e+001 -4.897379085e+001 +2.4474e+000 -3.1016e-001 -1.9562e+000
151 +2.439587414e+000 +2.439587414e+000 -5.079041259e+001 -5.079041259e+001 +2.6789e+000 -1.5315e-001 -2.4865e+000
173 +1.900757330e+000 +1.900757330e+000 -5.132924267e+001 -5.132924267e+001 +2.7512e+000 -1.2556e-001 -2.9527e+000
185 +1.532616666e+000 +1.532616666e+000 -5.169738333e+001 -5.169738333e+001 +2.4084e+000 -1.5464e-001 -2.4730e+000
194 +8.909996833e-001 +8.909996833e-001 -5.233900032e+001 -5.233900032e+001 +2.3959e+000 -1.1764e-001 -2.5828e+000
225 +8.425504405e-001 +8.425504405e-001 -5.238744956e+001 -5.238744956e+001 +2.1223e+000 -3.6092e-001 -2.4714e+000
30379 +5.721993435e-001 +5.721993435e-001 -5.265780066e+001 -5.265780066e+001 +1.3636e+000 -5.2991e-001 -2.1646e+000
30479 +4.602443406e-001 +4.602443406e-001 -5.276975566e+001 -5.276975566e+001 +1.4222e+000 -5.4801e-001 -2.1634e+000
30937 +2.192031850e-001 +2.192031850e-001 -5.301079681e+001 -5.301079681e+001 +1.2828e+000 -5.9690e-001 -1.9085e+000
30962 +2.106376101e-001 +2.106376101e-001 -5.301936239e+001 -5.301936239e+001 +1.4753e+000 -5.0994e-001 -2.0093e+000
431319 +5.297325949e-002 +5.297325949e-002 -5.317702674e+001 -5.317702674e+001 +5.9343e-001 -1.0533e+000 -1.4400e+000
431397 +3.507250961e-002 +3.507250961e-002 -5.319492749e+001 -5.319492749e+001 +6.2030e-001 -1.0400e+000 -1.3879e+000
434141 +1.972828665e-002 +1.972828665e-002 -5.321027171e+001 -5.321027171e+001 +5.3749e-001 -1.0888e+000 -1.3397e+000
435185 +8.768127401e-003 +8.768127401e-003 -5.322123187e+001 -5.322123187e+001 +4.5452e-001 -1.1354e+000 -1.2826e+000
444036 +2.192031850e-003 +2.192031850e-003 -5.322780797e+001 -5.322780797e+001 +3.3562e-001 -1.1844e+000 -1.1876e+000
449945 +4.356408567e-007 +4.356408567e-007 -5.322999956e+001 -5.322999956e+001 +2.7208e-001 -1.2263e+000 -1.1516e+000
461885 +2.737850266e-007 +2.737850266e-007 -5.322999973e+001 -5.322999973e+001 +2.8045e-001 -1.2405e+000 -1.1253e+000
461965 +2.087663091e-007 +2.087663091e-007 -5.322999979e+001 -5.322999979e+001 +2.5683e-001 -1.2388e+000 -1.1360e+000
462004 +1.613768390e-007 +1.613768390e-007 -5.322999984e+001 -5.322999984e+001 +2.6284e-001 -1.2402e+000 -1.1166e+000
462007 +1.214065151e-007 +1.214065151e-007 -5.322999988e+001 -5.322999988e+001 +2.6009e-001 -1.2399e+000 -1.1081e+000
462024 +1.197006654e-007 +1.197006654e-007 -5.322999988e+001 -5.322999988e+001 +2.5282e-001 -1.2408e+000 -1.1203e+000
462026 +1.121739857e-007 +1.121739857e-007 -5.322999989e+001 -5.322999989e+001 +2.5798e-001 -1.2411e+000 -1.1111e+000
462031 +8.714566491e-008 +8.714566491e-008 -5.322999991e+001 -5.322999991e+001 +2.4336e-001 -1.2409e+000 -1.1244e+000
462036 +7.923222967e-008 +7.923222967e-008 -5.322999992e+001 -5.322999992e+001 +2.4963e-001 -1.2417e+000 -1.1149e+000
462065 +6.969840172e-008 +6.969840172e-008 -5.322999993e+001 -5.322999993e+001 +2.4383e-001 -1.2411e+000 -1.1191e+000
462081 +6.908622652e-008 +6.908622652e-008 -5.322999993e+001 -5.322999993e+001 +2.4231e-001 -1.2412e+000 -1.1212e+000
462103 +6.596082613e-008 +6.596082613e-008 -5.322999993e+001 -5.322999993e+001 +2.4309e-001 -1.2413e+000 -1.1194e+000
462107 +5.559171967e-008 +5.559171967e-008 -5.322999994e+001 -5.322999994e+001 +2.4317e-001 -1.2451e+000 -1.1254e+000
462115 +1.509597780e-009 +1.509597780e-009 -5.323000000e+001 -5.323000000e+001 +2.4195e-001 -1.2472e+000 -1.1160e+000
463202 +0.000000000e+000 +0.000000000e+000 -5.323000000e+001 -5.323000000e+001 +2.4009e-001 -1.2484e+000 -1.1211e+000
% function evaluation | noise-free fitness - Fopt (-3.280000000000e+001) | best noise-free fitness - Fopt | measured fitness | best measured fitness | x1 | x2...
1 +1.317192985e+003 +1.317192985e+003 +1.284392985e+003 +1.284392985e+003 -4.0932e+000 +3.4254e+000 -1.0341e+000
3 +8.959310297e+002 +8.959310297e+002 +8.631310297e+002 +8.631310297e+002 -2.9220e+000 +2.5926e+000 -2.0695e+000
4 +8.259067914e+002 +8.259067914e+002 +7.931067914e+002 +7.931067914e+002 -5.7193e+000 +2.2251e+000 +5.9018e+000
7 +1.966297292e+001 +1.966297292e+001 -1.313702708e+001 -1.313702708e+001 +1.0507e+000 +1.2769e+000 +1.9087e+000
46 +7.847439223e+000 +7.847439223e+000 -2.495256078e+001 -2.495256078e+001 +5.4821e-001 -3.1971e-001 +3.6307e+000
78 +5.517064741e+000 +5.517064741e+000 -2.728293526e+001 -2.728293526e+001 +9.1926e-001 +2.6012e-001 +2.6331e+000
90 +5.295539586e+000 +5.295539586e+000 -2.750446041e+001 -2.750446041e+001 +9.2007e-001 -5.7202e-001 +3.5993e+000
100 +3.982290837e+000 +3.982290837e+000 -2.881770916e+001 -2.881770916e+001 +1.1009e+000 -8.3927e-001 +2.8983e+000
147 +2.978741017e+000 +2.978741017e+000 -2.982125898e+001 -2.982125898e+001 +1.1939e+000 -6.0203e-001 +2.6771e+000
327 +2.562690797e+000 +2.562690797e+000 -3.023730920e+001 -3.023730920e+001 +1.3175e+000 -4.4888e-001 +1.4782e+000
751 +1.323884896e+000 +1.323884896e+000 -3.147611510e+001 -3.147611510e+001 +1.6634e+000 -1.3928e-001 +1.5875e+000
901 +3.309712241e-001 +3.309712241e-001 -3.246902878e+001 -3.246902878e+001 +1.9761e+000 -1.3301e-001 +7.3516e-001
8684 +2.761099249e-001 +2.761099249e-001 -3.252389008e+001 -3.252389008e+001 +2.5017e+000 -1.5925e-001 -3.2562e-001
20754 +2.978741017e-002 +2.978741017e-002 -3.277021259e+001 -3.277021259e+001 +2.7303e+000 +9.7431e-002 -1.0221e+000
84453 +2.814991296e-002 +2.814991296e-002 -3.277185009e+001 -3.277185009e+001 +2.5859e+000 +1.0405e-002 -6.4476e-001
84459 +2.073393532e-002 +2.073393532e-002 -3.277926606e+001 -3.277926606e+001 +2.6161e+000 +1.1020e-001 -6.9981e-001
84479 +1.432839554e-007 +1.432839554e-007 -3.279999986e+001 -3.279999986e+001 +2.5834e+000 +9.2280e-002 -7.2420e-001
84486 +7.896113630e-008 +7.896113630e-008 -3.279999992e+001 -3.279999992e+001 +2.5917e+000 +6.4810e-002 -7.1361e-001
84490 +3.606088228e-008 +3.606088228e-008 -3.279999996e+001 -3.279999996e+001 +2.5993e+000 +4.0176e-002 -7.3118e-001
84508 +2.347979944e-008 +2.347979944e-008 -3.279999998e+001 -3.279999998e+001 +2.5940e+000 +6.4041e-002 -7.2572e-001
84543 +1.358820612e-009 +1.358820612e-009 -3.280000000e+001 -3.280000000e+001 +2.6012e+000 +6.5273e-002 -7.2334e-001
85466 +0.000000000e+000 +0.000000000e+000 -3.280000000e+001 -3.280000000e+001 +2.6049e+000 +6.5034e-002 -7.2411e-001
