% function evaluation | noise-free fitness - Fopt (7.627000000000e+001) | best noise-free fitness - Fopt | measured fitness | best measured fitness | x1 | x2...
1 +6.976397574e+006 +6.976397574e+006 +6.976473844e+006 +6.976473844e+006 -5.4461e+000 -2.9866e-001 +3.2649e+000 +3.6597e-001 -1.4233e+000 +4.4486e+000 -4.2230e+000 +2.0007e+000 -1.5990e+000 +3.2045e+000 -3.1158e+000 +6.2846e-001 -5.0981e+000 +5.1927e+000 -1.4268e+000 +1.1621e+000 -3.9106e+000 -5.1575e+000 -4.0397e+000 +3.7814e+000
5 +3.614085121e+006 +3.614085121e+006 +3.614161391e+006 +3.614161391e+006 -4.0648e+000 -1.8389e+000 -5.8070e-002 -2.3508e+000 -4.3103e+000 +4.4949e+000 -6.5315e+000 +2.0008e+000 -4.2667e+000 +4.7204e+000 -4.7384e+000 -1.4738e+000 -7.4726e+000 +1.4312e+000 -7.7810e+000 +3.1828e-001 +5.5370e+000 -7.8427e+000 -6.1433e+000 +5.5432e+000
6 +3.317230491e+006 +3.317230491e+006 +3.317306761e+006 +3.317306761e+006 -3.0773e+000 -6.5315e+000 -5.5945e+000 +1.5790e+000 -3.0816e+000 +3.1573e+000 -8.4326e+000 +8.6131e-001 -4.9479e+000 +6.7187e+000 -3.3960e+000 -7.5230e+000 -6.6375e+000 +2.7046e+000 -2.3512e+000 -3.4502e+000 -9.6830e+000 -3.9885e+000 +2.8453e-001 +3.5515e+000
7 +2.746351855e+006 +2.746351855e+006 +2.746428125e+006 +2.746428125e+006 -4.3970e+000 -3.1890e+000 -2.2562e+000 -3.0980e+000 -1.2675e+000 +5.5616e+000 -2.8583e+000 +2.4051e+000 -2.7099e+000 +6.2606e+000 -1.3997e+000 +1.4170e+000 -5.7095e+000 +4.0581e+000 -1.9083e+000 -7.7709e-001 -4.3635e-001 -6.3122e+000 -4.9685e+000 +9.8346e-001
9 +7.580538345e+005 +7.580538345e+005 +7.581301045e+005 +7.581301045e+005 -6.9305e+000 -2.6445e+000 +6.0956e+000 +1.3465e+000 -3.8146e+000 +3.5264e+000 -8.9324e+000 +2.0168e+000 -3.5852e+000 -7.0312e-001 -3.5562e+000 +5.5752e+000 -1.9039e-001 +2.7666e+000 -5.7904e+000 +4.1486e+000 +1.7950e+000 -2.8737e+000 +2.3315e+000 +8.1520e+000
30 +3.449835844e+005 +3.449835844e+005 +3.450598544e+005 +3.450598544e+005 -1.5118e+000 -4.7559e-001 +3.7000e+000 -2.2578e+000 -2.5690e+000 +6.0658e+000 -2.4226e+000 +8.8808e-001 -3.7521e+000 +1.7788e+000 -3.4664e+000 -4.0410e+000 +1.6551e+001 -1.5958e+000 -4.9678e+000 +2.1608e+000 -7.7947e+000 -3.9362e-001 -1.5172e+000 +2.5268e+000
46 +8.739175309e+002 +8.739175309e+002 +9.501875309e+002 +9.501875309e+002 -2.7930e+000 +2.2424e+000 -5.7634e-001 -6.0148e-001 -1.4243e+000 +1.7680e+000 -9.2887e+000 +6.6505e+000 -3.1008e-001 +4.7196e+000 -6.2103e+000 -1.3061e-001 -1.0833e+000 +1.1092e+000 -1.1069e+001 -1.7228e-001 +5.5927e-001 -4.0560e+000 -8.1065e-001 +3.0189e+000
186 +6.545748372e+002 +6.545748372e+002 +7.308448372e+002 +7.308448372e+002 -5.8132e+000 -1.6550e+000 +9.0454e-001 -4.8532e+000 -7.4585e-001 +4.5528e+000 -4.4025e-001 +2.3161e-001 -3.6312e+000 +2.6920e+000 -4.7911e+000 +1.6657e+000 -1.0835e+000 +4.4275e+000 -4.1755e+000 +1.4717e+001 -1.2445e+000 -8.4371e-001 -7.0781e+000 +5.4969e+000
96202 +1.#INF00000e+000 +6.545748372e+002 +1.#INF00000e+000 +7.308448372e+002 -6.6042e+028 -7.6054e+028 +5.8525e+028 +9.8091e+029 +1.4589e+031 +4.4301e+028 -3.8523e+029 -3.2242e+030 -5.9330e+028 +7.3849e+029 +3.0775e+029 -3.2163e+028 -1.9994e+029 -5.6965e+028 -3.3464e+028 -2.9426e+028 +4.1963e+028 -2.2864e+028 +1.4737e+029 -1.9493e+028
% function evaluation | noise-free fitness - Fopt (-2.255000000000e+001) | best noise-free fitness - Fopt | measured fitness | best measured fitness | x1 | x2...
1 +9.498193743e+006 +9.498193743e+006 +9.498171193e+006 +9.498171193e+006 -2.2571e-002 -1.5987e+000 -2.9029e+000 -5.6621e+000 +1.4303e+000 -1.6815e+000 -1.5031e+000 -8.3122e+000 -2.4692e+000 -3.9352e+000 +3.3031e+000 +8.9226e-001 -7.0078e+000 +2.0948e+000 -1.8308e+000 +3.6879e+000 -9.6096e-001 +3.6194e-001 +1.2961e+000 -2.2013e+000
2 +2.456093493e+006 +2.456093493e+006 +2.456070943e+006 +2.456070943e+006 +4.0192e+000 -2.5708e+000 +5.1605e+000 -2.9896e+000 -6.7267e-003 +7.9720e-001 -3.6820e+000 -1.7211e+000 +5.9506e+000 -1.1660e+000 +5.1732e+000 -4.6669e+000 +1.5891e+000 -2.9944e+000 +3.6448e+000 +5.3308e+000 +4.3960e-002 +7.7946e-002 +1.6375e+000 +2.3605e+000
4 +2.168128472e+004 +2.168128472e+004 +2.165873472e+004 +2.165873472e+004 -9.7877e-003 -4.2291e-001 +3.9555e+000 -8.4959e+000 +1.0182e+000 -6.5170e-001 +4.1236e+000 -4.0957e+000 +1.7520e+000 -1.7758e+000 +6.8611e+000 -4.3068e+000 +4.8080e+000 -4.1179e+000 +4.9412e+000 +3.8037e-001 +1.5837e+000 +9.4739e-001 +1.1894e+000 +1.7417e+001
6 +9.086073159e+003 +9.086073159e+003 +9.063523159e+003 +9.063523159e+003 -2.1151e+000 +2.8408e+000 +6.4243e-001 -9.2018e+000 +2.3070e+000 +6.5110e+000 +4.2919e+000 -8.7792e-001 +3.3181e+000 +2.0951e+000 +5.3643e+000 +3.6871e+000 +3.1139e-001 -3.1183e+000 +3.2429e+000 -5.0187e-001 -1.0982e+000 -5.4100e+000 +5.5321e+000 -4.2555e+000
12 +5.494258818e+003 +5.494258818e+003 +5.471708818e+003 +5.471708818e+003 -7.8134e-002 -6.9479e-001 -6.3865e-001 -4.4302e+000 -1.4886e-001 +3.2233e+000 +3.7747e+000 -8.3265e+000 +3.0908e+000 +9.2293e-001 +3.9895e+000 +6.0848e+000 -1.4228e-001 -4.2519e+000 -3.8809e+000 +2.3670e+000 -2.5110e+000 -1.3679e+000 -7.6535e-001 -3.2249e+000
35 +2.324121988e+002 +2.324121988e+002 +2.098621988e+002 +2.098621988e+002 -2.1801e+000 -1.3872e+000 +1.9046e+000 -1.4017e+000 +4.7300e-001 +1.3636e+000 +5.5018e-001 -2.1815e+000 -4.4279e+000 +5.1140e+000 +3.6031e+000 +1.7939e+000 -1.8261e+000 +1.2556e+000 +9.1043e-001 +1.8077e+000 -4.7992e-001 -1.3750e+000 -1.1360e+000 -2.8746e+000
96532 +1.#INF00000e+000 +2.324121988e+002 +1.#INF00000e+000 +2.098621988e+002 +1.8473e+029 +5.1009e+028 -2.2676e+029 +3.4187e+028 -3.2733e+028 -4.4760e+028 +1.8592e+029 +3.0145e+028 +9.9796e+030 +3.8812e+028 -5.1414e+028 +1.4328e+029 +3.2711e+030 +1.6374e+029 +3.2931e+028 -7.7591e+027 +1.9027e+028 +1.0564e+030 +3.5614e+028 -3.4542e+029
% function evaluation | noise-free fitness - Fopt (1.366000000000e+001) | best noise-free fitness - Fopt | measured fitness | best measured fitness | x1 | x2...
1 +5.031951513e+002 +5.031951513e+002 +5.168551513e+002 +5.168551513e+002 -3.5188e+000 -7.9206e-001 +5.8295e+000 -5.0247e+000 +1.9236e+000 -4.7090e-001 -3.4280e+000 +3.6624e+000 -3.4333e+000 +6.2267e+000 +4.0224e+000 +2.9705e+000 +2.3263e+000 -8.0388e-001 +4.1452e+000 -4.4418e+000 -3.0887e+000 +3.5437e+000 +1.7910e-001 +8.9436e-001
229 +4.957958161e+002 +4.957958161e+002 +5.094558161e+002 +5.094558161e+002 -3.7696e+000 +6.0085e-001 +4.3911e+000 +2.6353e-002 +1.2238e+000 +1.9745e+000 +8.3445e+000 +5.0326e+000 -7.6146e-001 +4.8172e+000 -8.9651e-001 +1.4840e+000 -1.4412e+000 -2.8854e+000 +5.2462e-001 -6.0490e+000 -2.3820e+000 +8.0558e+000 +9.1422e-001 -4.8388e+000
89286 +1.#INF00000e+000 +4.935760794e+002 +1.#INF00000e+000 +5.072360794e+002 -1.1761e+031 +8.7956e+028 -1.2099e+029 -3.5671e+029 +2.1953e+028 -2.5990e+029 +2.9179e+029 +1.2486e+029 -1.3497e+029 -7.6306e+028 +2.5406e+028 -5.2782e+026 -5.8118e+027 +3.8698e+029 +2.1763e+028 -7.8729e+028 -1.6622e+028 -1.7139e+029 +2.0955e+027 -3.6907e+028
% function evaluation | noise-free fitness - Fopt (9.378400000000e+002) | best noise-free fitness - Fopt | measured fitness | best measured fitness | x1 | x2...
1 +2.076056109e+007 +2.076056109e+007 +2.076149893e+007 +2.076149893e+007 +3.2664e+000 +1.2619e+001 -5.9189e+000 +8.6463e-001 +1.9473e+000 -2.2641e+000 +1.1728e+000 -2.4754e+000 -2.0354e+000 +6.5480e+000 -5.9501e+000 +2.1527e+000 -3.8972e+000 +9.4305e+000 -8.7175e-001 -3.1579e+000 -6.0112e-001 -2.9009e+000 +8.4152e+000 +5.5957e-001
3 +7.580775262e+006 +7.580775262e+006 +7.581713102e+006 +7.581713102e+006 -1.9067e+000 +3.2090e+000 +7.0163e+000 +2.8169e+000 -1.0299e+000 -6.5894e+000 +1.4669e+000 -3.3925e-001 -2.6430e+000 +7.3190e-001 +2.8481e-001 -7.0120e-001 -1.4081e+000 +1.5171e+000 +4.0208e+000 -3.6605e+000 -3.9270e+000 -4.1351e+000 +4.2570e+000 -5.3121e+000
6 +4.640671490e+006 +4.640671490e+006 +4.641609330e+006 +4.641609330e+006 +5.7149e+000 +4.6242e+000 +2.5205e+000 -5.9904e-001 -1.3999e+000 -2.2678e+000 +5.6481e-001 -1.7564e+000 +2.9422e+000 +4.9778e+000 -3.2532e+000 -4.4741e+000 +6.4928e-001 +2.8496e+000 +5.1027e+000 -4.3423e+000 -2.6957e+000 -8.7814e-002 -8.6914e-002 +2.8631e-001
8 +6.136604806e+002 +6.136604806e+002 +1.551500481e+003 +1.551500481e+003 +1.7193e+000 +6.1208e+000 +2.5491e+000 -4.2451e+000 -5.1382e+000 -3.2327e+000 +1.1741e+000 -3.7711e+000 -4.8207e+000 +5.8221e+000 -4.9696e+000 +3.6458e-001 -1.1755e+000 -3.1101e+000 +2.0255e+000 -5.0137e+000 -2.3711e+000 -6.8216e+000 +4.4656e+000 +1.5315e+000
105 +2.892525117e+002 +2.892525117e+002 +1.227092512e+003 +1.227092512e+003 +1.8257e+000 +4.4234e+000 +3.3929e+000 -3.8539e+000 -6.8769e+000 -8.8790e-001 -1.9986e+000 -3.5921e+000 -2.9141e+000 +4.2271e+000 -2.6398e+000 -1.2970e+000 +1.3536e+000 +1.5025e+000 +3.0645e+000 -3.1743e-001 -3.8863e+000 -6.2571e+000 +4.9507e+000 -1.4282e+000
96310 +1.#INF00000e+000 +2.892525117e+002 +1.#INF00000e+000 +1.227092512e+003 +5.0113e+027 -7.6496e+028 +2.9684e+029 -1.2704e+028 +4.5046e+027 -9.6311e+029 -1.8312e+029 -1.7421e+031 +3.0605e+028 +1.4721e+028 +8.4868e+028 -4.9644e+028 +3.7998e+029 +1.4273e+028 -3.7611e+028 +1.0713e+029 -2.0990e+029 +1.4259e+030 -1.7372e+028 -9.2796e+027
% function evaluation | noise-free fitness - Fopt (-7.872000000000e+001) | best noise-free fitness - Fopt | measured fitness | best measured fitness | x1 | x2...
1 +1.378592800e+006 +1.378592800e+006 +1.378514080e+006 +1.378514080e+006 +7.5543e+000 -2.5458e+000 +8.6892e-002 +5.4626e+000 -3.7573e+000 +5.3432e+000 +2.2660e+000 -2.3668e+000 -2.8318e+000 +6.0822e-003 -1.0275e+000 -3.7009e-001 -1.8257e+000 +1.8238e+000 -2.9065e+000 -3.3121e+000 -2.7633e+000 -2.4892e+000 +4.6846e+000 -2.7245e+000
3 +4.206757637e+005 +4.206757637e+005 +4.205970437e+005 +4.205970437e+005 +2.8779e+000 +2.8783e+000 +4.7685e+000 +2.8345e+000 -2.4376e+000 +3.1660e-001 +2.0043e+000 -7.2911e+000 -6.4319e+000 +6.1046e+000 -9.0471e-001 +4.5948e-001 -1.4695e+001 +3.2531e+000 -5.3704e+000 +5.1472e+000 -6.1562e+000 -3.9230e-002 +2.2083e+000 -2.0728e+000
4 +4.124037783e+005 +4.124037783e+005 +4.123250583e+005 +4.123250583e+005 +3.0020e+000 -4.0340e+000 +2.7846e+000 +5.2199e+000 -3.5328e+000 +2.4735e+000 +4.5214e+000 -4.7934e-001 -2.4697e+000 +5.4506e+000 -1.3478e+000 +1.0572e-001 -5.4069e+000 +3.2812e+000 +6.5959e+000 +4.3364e+000 -2.8473e+000 -1.9391e+000 +2.3605e+000 -6.4530e+000
7 +3.296731662e+005 +3.296731662e+005 +3.295944462e+005 +3.295944462e+005 +1.1804e+000 +1.7859e+000 +3.8998e+000 -2.2705e+000 -1.0567e+000 +1.9000e+000 +3.7095e+000 +5.9142e-001 -5.5284e+000 +1.0252e+000 -1.2496e+000 -6.1299e+000 -3.4680e+000 +3.6514e-001 +1.9277e+000 +1.7729e+000 -3.2393e+000 +5.2623e-001 +1.2491e+000 +1.3778e+000
12 +7.576490505e+004 +7.576490505e+004 +7.568618505e+004 +7.568618505e+004 -1.4656e+000 -2.1185e+000 +3.1375e+000 +4.2923e+000 -5.6256e+000 +8.1575e-001 -3.8704e+000 -1.0132e+000 -4.7463e+000 -2.0578e+000 -7.9713e-001 -2.6425e+000 -5.5438e-002 -6.7194e-001 +4.2631e+000 +3.7215e+000 -2.7964e+000 +1.9969e+000 +1.6704e+000 -1.0890e+000
19 +5.981767825e+004 +5.981767825e+004 +5.973895825e+004 +5.973895825e+004 +5.7221e+000 +1.8640e+000 +3.0676e+000 +2.7844e-001 -4.5266e+000 +4.6817e-001 +1.2107e+000 -2.9692e+000 -4.5070e+000 +5.5149e+000 -1.4809e+000 +1.5636e+000 -4.7498e+000 +3.0362e+000 -1.8026e-001 +7.2005e+000 -2.8575e+000 -1.3737e+000 +1.7940e+000 -1.1364e-001
25 +4.511739301e+004 +4.511739301e+004 +4.503867301e+004 +4.503867301e+004 +1.0245e+001 -2.0887e+000 +7.2209e+000 +3.2114e+000 +1.6346e+000 -3.3439e-001 +1.6883e+000 +8.7035e-001 -2.7315e+000 +2.7258e+000 +2.1301e-001 +1.1817e-001 -3.5036e+000 +6.5456e-001 -1.1878e-001 +1.7298e-001 -3.8145e+000 +4.3266e+000 +2.2293e+000 -2.8579e+000
30 +1.241531741e+003 +1.241531741e+003 +1.162811741e+003 +1.162811741e+003 +2.0902e+000 -2.8775e+000 +6.2879e+000 +1.8320e-001 -2.5064e+000 -1.7547e+000 +3.2984e+000 +1.3908e+000 -3.9423e+000 +7.9231e+000 -1.3894e+000 -3.0996e+000 -3.2080e+000 +9.0660e-001 +5.5774e-001 +1.4574e+000 +6.6317e-001 +5.7802e-001 +2.3634e+000 -1.8161e+000
86 +8.101086785e+002 +8.101086785e+002 +7.313886785e+002 +7.313886785e+002 +4.7409e+000 -2.1126e+000 +1.2998e+000 +1.1209e+000 -6.6215e+000 -8.1148e-002 -4.3127e-001 -2.0082e+000 -2.7598e+000 +1.9997e+000 +3.8504e+000 -1.0585e+001 -2.2219e+000 -5.1286e-001 -3.3240e-001 +3.2923e+000 -3.2768e+000 -7.0715e+000 +3.8740e+000 -1.0299e+001
96 +5.181242415e+002 +5.181242415e+002 +4.394042415e+002 +4.394042415e+002 +4.5613e+000 -1.8207e+000 +2.5020e-001 +1.0482e+000 -1.7380e+000 +1.2581e+001 +4.1643e+000 -8.2617e-001 -2.4914e+000 +4.1520e+000 -6.8635e+000 -3.2739e+000 -5.3427e+000 +3.9120e+000 -5.8515e+000 +1.1213e+000 -5.4719e+000 -1.6305e+000 -1.3020e+000 -3.8350e+000
534 +5.020361873e+002 +5.020361873e+002 +4.233161873e+002 +4.233161873e+002 +4.6582e-001 -6.9608e+000 +1.3864e+000 +5.1544e+000 +1.9631e+000 -9.3258e+000 +1.4116e+000 +1.7921e-001 -5.6070e+000 +6.8188e-001 -1.2761e+000 -6.6329e+000 -3.7923e+000 +7.6501e+000 +3.4163e+000 -2.5360e+000 -2.4918e-001 +1.3879e+000 -1.8201e+000 -5.4505e+000
93665 +1.#INF00000e+000 +5.020361873e+002 +1.#INF00000e+000 +4.233161873e+002 -2.1352e+029 -1.3904e+029 -5.4458e+028 -5.7229e+028 -1.5473e+031 +2.7276e+028 -8.6346e+028 +5.9604e+028 +1.5734e+028 +8.4471e+028 -3.0775e+028 -7.4530e+028 -3.4433e+028 +2.6337e+028 +8.9945e+029 -1.8837e+029 +3.5832e+026 -5.4620e+029 -6.0950e+029 -1.8806e+028
% function evaluation | noise-free fitness - Fopt (-6.949000000000e+001) | best noise-free fitness - Fopt | measured fitness | best measured fitness | x1 | x2...
1 +6.815230845e+007 +6.815230845e+007 +6.815223896e+007 +6.815223896e+007 +4.1766e-001 +1.1663e+001 +3.1589e+000 +9.2794e-001 -7.8355e-001 +3.2894e+000 -6.8288e+000 +3.7410e+000 +6.8883e+000 -4.4884e-001 -4.3483e-001 -8.2941e-001 -2.2359e+000 -2.1026e+000 +1.3025e+001 +9.7981e-001 -4.2220e+000 +3.8356e+000 +2.8984e+000 -1.5268e+000
2 +5.572703201e+007 +5.572703201e+007 +5.572696252e+007 +5.572696252e+007 -5.2507e+000 +6.3031e+000 +2.2828e+000 +7.1819e-001 -3.7460e+000 +1.7004e+000 -5.7598e+000 +6.4600e+000 -7.4382e-001 -1.2810e+000 +6.0740e+000 -3.7921e+000 -5.1217e+000 -1.5026e+001 +5.2572e+000 +3.6056e+000 -2.3935e+000 +5.5593e-001 +2.8282e+000 +1.6205e+000
3 +4.114798638e+007 +4.114798638e+007 +4.114791689e+007 +4.114791689e+007 -4.6446e+000 -2.4154e+000 +2.9932e+000 +2.7972e+000 -1.6028e+000 +2.3777e+000 -4.0159e+000 +9.7870e+000 -8.1911e-001 -1.0074e+000 +2.7495e+000 -1.2800e+000 -5.5630e+000 -9.5267e-001 +2.7373e+000 -3.1719e+000 -1.4132e+000 +1.3826e+000 +9.7860e+000 +7.7829e-001
4 +1.554117267e+005 +1.554117267e+005 +1.553422367e+005 +1.553422367e+005 -3.0314e+000 +3.5841e+000 +1.9656e-001 +4.1601e-001 -3.2766e+000 +4.0695e+000 +2.2851e+000 +4.7599e+000 -4.8400e+000 -1.9683e+000 +1.7419e+000 +2.0083e-001 +2.1083e-001 -1.5043e-001 +9.5082e+000 -4.4201e-002 -5.8082e+000 +5.7434e+000 +1.3589e+000 -1.1909e+000
14 +2.054006357e+004 +2.054006357e+004 +2.047057357e+004 +2.047057357e+004 -4.9989e+000 +1.7919e+000 +2.5704e+000 -1.1232e+000 -2.4835e+000 +1.6933e+000 -3.3594e+000 +4.4452e-001 +4.9387e-001 -1.2858e+000 +1.4665e+000 -4.0020e+000 -3.2078e+000 -1.1172e-001 +7.4776e+000 +3.7557e+000 -8.7522e+000 +1.2995e-001 +7.1705e+000 -1.6198e-001
16 +3.690829946e+003 +3.690829946e+003 +3.621339946e+003 +3.621339946e+003 -6.1413e-002 +4.5812e+000 +7.5834e+000 +3.2945e+000 -4.7552e+000 -8.6863e-001 -1.0129e+000 +8.6730e+000 +3.2627e-001 +1.4973e+000 -4.8619e-001 -4.4149e+000 -3.5065e+000 -9.8844e-001 +4.1014e+000 +4.2208e+000 -7.6466e+000 -1.7893e+000 +4.9433e+000 -1.3062e+000
438 +2.358080427e+003 +2.358080427e+003 +2.288590427e+003 +2.288590427e+003 +5.3416e+000 +8.9383e-001 -9.1943e+000 -4.5154e-002 -1.1010e+001 +6.6630e+000 +1.7369e+000 +2.0996e+000 -4.0942e+000 -8.0887e+000 -5.2282e+000 -1.0558e-001 +2.2220e+001 +7.6746e-001 +1.2427e+000 +8.6199e+000 +2.3488e+000 +1.7389e+000 +6.9672e+000 +5.5900e+000
468 +1.552928114e+003 +1.552928114e+003 +1.483438114e+003 +1.483438114e+003 -4.8937e+000 -2.0968e+000 -4.7594e+000 -3.2522e+000 -2.4720e+000 +9.5240e+000 +4.5780e+000 +9.7189e+000 -6.4399e+000 +6.0139e+000 -9.9914e-001 -2.5285e-001 -6.3818e+000 -7.5660e+000 -2.4393e+000 +8.5023e+000 -1.7542e+000 +4.8442e+000 +1.3534e+001 +9.6135e+000
99437 +1.#INF00000e+000 +1.552928114e+003 +1.#INF00000e+000 +1.483438114e+003 -1.7650e+031 +2.2900e+029 +1.7633e+029 +3.1413e+029 +2.5818e+029 -4.3306e+029 +4.5288e+028 -1.2838e+029 +8.7811e+029 +9.2906e+029 +1.6277e+028 -2.7051e+030 +9.2122e+029 -7.4068e+028 -9.2952e+029 +5.3878e+029 +5.9179e+029 -2.5751e+030 +1.3709e+029 -1.9946e+029
% function evaluation | noise-free fitness - Fopt (-2.718000000000e+001) | best noise-free fitness - Fopt | measured fitness | best measured fitness | x1 | x2...
1 +3.816652438e+007 +3.816652438e+007 +3.816649720e+007 +3.816649720e+007 +5.5398e+000 -3.7330e+000 -1.9633e+000 +7.4350e-001 +5.5390e+000 +6.9200e+000 +6.0388e+000 -8.4696e+000 -8.2463e+000 -2.9132e+000 -4.7863e-001 +3.5430e-001 +1.7600e-001 -1.1422e+001 +6.5754e+000 +3.3016e+000 -1.8121e+000 +9.7769e+000 +3.1935e+000 +4.2164e+000
2 +1.863665905e+007 +1.863665905e+007 +1.863663187e+007 +1.863663187e+007 +8.8299e+000 -3.2881e+000 +4.9456e+000 +4.6010e-001 -3.5839e-003 +3.0421e-002 +7.6843e-001 -9.8519e-002 +1.2291e-002 -9.0319e+000 +8.0182e+000 -2.9642e+000 -5.2277e+000 -3.2696e+000 +6.3859e+000 -1.0639e+001 +1.7312e+000 +6.8478e+000 -1.1963e+000 -6.8434e+000
3 +2.927267454e+006 +2.927267454e+006 +2.927240274e+006 +2.927240274e+006 +5.7807e+000 +3.2528e+000 +2.7567e+000 -8.4904e+000 +2.2838e+000 +2.9946e+000 +5.6683e+000 -2.2324e+000 -5.8829e-001 -8.6248e-001 -2.1694e+000 +5.2954e+000 +2.4747e+000 -3.6146e+000 +4.7848e+000 +4.5063e-001 -1.1794e+000 -7.0321e-001 +3.6648e+000 -1.5808e+001
4 +2.020595552e+006 +2.020595552e+006 +2.020568372e+006 +2.020568372e+006 +2.1195e+000 -2.3157e+000 -4.7967e+000 -1.2434e+000 +3.9168e+000 -2.2783e+000 +1.0651e+000 -3.4723e+000 -3.2203e+000 -2.8394e+000 +4.2282e+000 +5.3435e+000 +1.0358e+000 -6.7338e+000 +4.1500e+000 +1.0994e+000 +8.0223e-001 +2.9568e+000 +5.2164e+000 -8.4914e+000
7 +1.248900381e+006 +1.248900381e+006 +1.248873201e+006 +1.248873201e+006 +6.5652e+000 +3.6748e+000 -2.4329e+000 -2.3749e+000 +3.9382e+000 +2.7227e+000 +2.9804e+000 -4.9759e+000 -1.2192e-001 -5.2098e+000 +4.7065e+000 +4.8729e+000 -7.2452e-001 -8.3310e+000 +4.4237e+000 +8.4974e-002 +7.0542e+000 +3.8407e+000 +3.4954e+000 -1.0006e+000
8 +9.198693146e+004 +9.198693146e+004 +9.195975146e+004 +9.195975146e+004 +6.1851e+000 +2.6596e-001 -2.4968e+000 -3.1412e+000 +6.9596e+000 -5.1713e+000 +6.2918e+000 +8.3563e-001 -9.3505e-001 +1.6224e+000 +5.4716e+000 +1.7961e+000 -5.3375e-001 -6.2252e+000 +2.7675e+000 -1.2271e+000 +2.6757e+000 +1.0245e+001 +4.9978e+000 -6.8006e+000
23 +4.295112315e+002 +4.295112315e+002 +4.023312315e+002 +4.023312315e+002 +1.1581e+000 +4.7600e+000 +9.7576e-001 -3.1483e+000 +5.4679e+000 +1.0929e+000 +5.2361e+000 -3.6630e+000 +6.0094e+000 -8.3851e-001 +3.9881e+000 +1.5464e+000 -7.8728e-001 -6.7722e+000 +6.5324e+000 +9.0972e-001 +1.1172e+000 +2.8880e+000 +3.4817e+000 -3.7254e+000
297 +3.780130729e+002 +3.780130729e+002 +3.508330729e+002 +3.508330729e+002 +3.0345e+000 +7.6099e+000 +2.8695e+000 +1.6885e-001 +4.2345e+000 +2.6433e+000 +3.1132e-001 -5.3767e+000 -4.1233e+000 -2.7792e+000 +3.3423e+000 +2.0385e+000 -2.5409e+000 -4.7016e+000 +3.3598e+000 -4.0828e-001 +1.9872e+000 +2.9952e+000 +1.9913e+000 -2.9308e+000
93712 +1.#INF00000e+000 +3.780130729e+002 +1.#INF00000e+000 +3.508330729e+002 -5.2144e+029 +1.6841e+030 +1.5373e+029 -6.3586e+028 -3.0684e+029 -5.1593e+029 -2.2083e+028 +1.1983e+029 -9.7462e+029 +5.8843e+028 +2.4052e+029 -6.2739e+029 -2.0039e+028 +3.3409e+029 +9.1578e+029 +3.2535e+029 +2.9372e+029 +1.6222e+029 +1.3757e+031 +6.1774e+029
% function evaluation | noise-free fitness - Fopt (-6.968800000000e+002) | best noise-free fitness - Fopt | measured fitness | best measured fitness | x1 | x2...
1 +6.805478340e+007 +6.805478340e+007 +6.805408652e+007 +6.805408652e+007 +1.4039e+000 +1.0129e+000 +3.7482e+000 -6.1905e+000 -2.9384e+000 +3.3780e+000 +7.6405e+000 -6.6707e-001 +7.1759e+000 +2.2409e+000 +3.8752e+000 +4.7980e+000 +5.5777e+000 -8.7095e+000 +2.3421e+000 +4.9895e+000 -2.8837e+000 +5.4675e+000 +2.0953e+000 -4.7055e+000
3 +9.772294500e+006 +9.772294500e+006 +9.771597620e+006 +9.771597620e+006 +5.1196e+000 +1.4670e+000 +4.2027e+000 -4.2665e+000 +9.1225e-001 -1.8937e+000 +2.9222e+000 -4.3965e-001 +8.4715e+000 +5.3471e+000 +4.5858e+000 +8.1102e-001 +3.5585e+000 -1.3978e+000 +9.6721e+000 +5.2309e+000 -2.6707e+000 +1.4951e+000 +1.9529e+000 -1.8397e+000
9 +7.964660246e+006 +7.964660246e+006 +7.963963366e+006 +7.963963366e+006 +3.5772e+000 -4.4820e-001 +4.5607e+000 -1.9631e+000 +8.9831e-001 -6.5847e+000 +4.3762e+000 -5.1042e+000 +4.3785e+000 +1.3244e+000 +5.9526e+000 +5.2181e+000 +1.5024e+000 -6.2391e+000 +3.8727e+000 +1.9480e+000 -2.0851e+000 +5.2324e-001 +6.0302e-001 -1.2857e+001
19 +9.058515763e+004 +9.058515763e+004 +8.988827763e+004 +8.988827763e+004 +9.6481e-001 +3.9074e+000 +3.6369e+000 -3.3582e+000 +3.8496e+000 +1.0081e+001 -1.3291e+000 -2.7333e+000 +7.2097e+000 -5.8042e+000 +4.5698e+000 +2.0628e+000 +2.1923e+000 -2.5437e+000 +6.9866e+000 +7.1663e+000 +2.3661e+000 -3.1746e+000 -2.0476e-001 -3.9092e-001
212 +1.389645433e+004 +1.389645433e+004 +1.319957433e+004 +1.319957433e+004 +6.7241e-001 +8.4337e-001 +5.2817e+000 -5.5017e+000 +2.6370e+000 +1.0533e+000 +1.0263e+001 -2.4851e+000 +1.3082e+001 +1.4057e+000 -6.9434e+000 -1.3743e-001 +4.1248e-001 -5.4763e+000 +2.4868e+000 +9.0341e+000 -4.3234e+000 +8.8851e-001 +9.0807e-001 -4.8200e+000
215 +5.671933076e+003 +5.671933076e+003 +4.975053076e+003 +4.975053076e+003 +7.3244e+000 -5.0094e+000 +6.1461e+000 -3.6983e+000 -5.4155e+000 +2.2215e+000 +2.1231e+000 +6.9109e-001 +4.1996e+000 -3.1687e+000 +8.5897e+000 +8.4525e+000 -2.0093e+000 -8.2324e+000 +4.0688e+000 +1.2710e+000 -7.9508e-001 -3.4828e+000 +1.6463e+001 -7.4048e+000
326 +8.563241628e+002 +8.563241628e+002 +1.594441628e+002 +1.594441628e+002 +1.2477e+000 -2.7462e+000 +4.8432e+000 -3.1153e+000 +1.3913e+000 +8.0983e+000 +6.9117e+000 -1.1840e+000 +4.9080e+000 +2.1749e-001 -5.4232e-001 +3.4097e+000 +4.9757e-001 -1.6011e+000 +3.0096e+000 +1.6678e+001 -2.2101e+000 -4.8040e+000 +2.6150e+000 -4.4555e+000
95596 +1.#INF00000e+000 +8.563241628e+002 +1.#INF00000e+000 +1.594441628e+002 +6.3860e+028 +1.1459e+029 +2.2024e+028 +6.2481e+028 +2.6409e+029 -9.0475e+028 -3.3388e+030 +7.5925e+027 -6.3290e+027 -3.6517e+029 -1.3973e+029 +3.4157e+029 -1.1501e+028 +1.2484e+029 +6.6912e+028 -6.9287e+029 +8.1324e+028 -1.8392e+028 +1.9990e+029 -8.5154e+030
% function evaluation | noise-free fitness - Fopt (-4.895300000000e+002) | best noise-free fitness - Fopt | measured fitness | best measured fitness | x1 | x2...
1 +4.082613767e+003 +4.082613767e+003 +3.593083767e+003 +3.593083767e+003 +9.9017e+000 -6.5949e+000 -2.2881e+000 +3.7188e+000 -3.7672e+000 -4.5068e+000 -1.6785e+000 +1.2094e+000 +5.4047e+000 -2.9866e+000 +3.2768e+000 -1.9097e-001 -9.1426e-002 +2.8128e+000 +1.5789e+000 -4.1847e+000 -1.8806e+000 -1.1837e+000 +2.0912e+000 +2.2380e+000
77 +7.382295232e+002 +7.382295232e+002 +2.486995232e+002 +2.486995232e+002 +4.5505e+000 -3.2605e+000 -9.3884e+000 +3.0010e+000 -3.9343e+000 -7.3647e+000 -1.9580e+000 +5.4153e+000 +1.5478e+000 -4.0248e+000 +3.3363e+000 -3.1555e+000 +4.4859e-001 +3.2036e+000 +1.9473e+000 -4.8865e+000 -5.7095e+000 +4.3500e-001 -1.5488e+000 +8.9866e-001
786 +5.111621284e+002 +5.111621284e+002 +2.163212838e+001 +2.163212838e+001 +1.6057e+000 -4.1010e+000 -2.0062e+000 +2.6536e+000 -3.4767e-001 -6.2337e+000 -8.0900e-001 +3.6036e+000 -3.2690e+000 +2.4938e+000 +9.6381e+000 +2.1784e+000 +6.9383e-001 +4.2826e+000 +5.6521e+000 -4.9129e+000 -4.2836e+000 -1.5982e+000 +6.8207e+000 +2.1919e+000
92190 +1.#INF00000e+000 +5.111621284e+002 +1.#INF00000e+000 +2.163212838e+001 -4.0570e+028 +6.4119e+029 -3.5735e+028 +1.6940e+029 +1.8051e+029 +4.5952e+027 -1.3808e+028 -1.6979e+029 +6.8104e+027 +1.1238e+031 -6.7343e+028 -3.6735e+028 -6.9889e+028 +4.3338e+026 +3.6897e+027 -6.6010e+025 -8.7407e+029 -8.2577e+027 -9.0067e+027 +1.9423e+028
% function evaluation | noise-free fitness - Fopt (-4.004000000000e+001) | best noise-free fitness - Fopt | measured fitness | best measured fitness | x1 | x2...
1 +6.752279897e+006 +6.752279897e+006 +6.752239857e+006 +6.752239857e+006 -7.5711e+000 -7.1349e+000 -8.4737e-001 -2.7020e+000 -2.3602e+000 +3.8920e+000 +6.9928e-002 +3.5222e+000 -3.5118e+000 +3.0883e+000 -7.6653e-001 -8.3394e+000 -4.1693e+000 -3.3035e+000 +5.9482e+000 -1.6145e+000 +3.8998e+000 -4.0462e+000 +3.8061e+000 -4.6438e+000
2 +1.049022248e+005 +1.049022248e+005 +1.048621848e+005 +1.048621848e+005 +4.9166e-002 -5.1187e+000 -1.1568e+000 +4.9648e+000 -4.9395e+000 +3.6287e+000 +9.9753e-001 +5.5904e-002 -3.9968e+000 +4.8510e+000 -1.3030e+000 -7.1779e+000 -3.9940e+000 -5.5240e+000 +5.9329e+000 +1.7445e+000 -1.1737e+000 -5.3833e+000 +3.9496e+000 -8.5029e+000
12 +1.009916635e+005 +1.009916635e+005 +1.009516235e+005 +1.009516235e+005 -3.4678e+000 -6.5283e+000 -2.9555e+000 +2.9069e+000 -1.9005e-001 +5.7998e+000 -1.4058e+000 +7.3627e+000 -3.4522e+000 -3.5160e+000 -1.6667e+000 -7.9624e+000 -2.5968e+000 -2.2230e+000 +9.1722e+000 +6.8007e-001 +3.0726e+000 -2.0590e+000 +9.1764e-001 +7.1361e-001
20 +7.404460682e+004 +7.404460682e+004 +7.400456682e+004 +7.400456682e+004 -4.4686e+000 -5.7199e+000 -1.4875e+000 +5.3355e+000 +6.9376e-001 +1.3073e+001 -2.6172e+000 +5.6458e+000 -2.9646e+000 +8.6038e+000 -7.2410e-001 -3.3101e+000 -1.5328e+000 +3.9231e+000 +5.1082e+000 +2.0028e+000 -1.4976e-001 +3.3260e-001 +5.9079e+000 +1.0672e+000
37 +2.137705652e+004 +2.137705652e+004 +2.133701652e+004 +2.133701652e+004 -5.8750e+000 -9.7382e+000 -1.5258e-001 +4.5661e+000 -4.4209e-001 +4.5527e+000 -2.5313e-001 +7.9313e+000 -4.2443e+000 +6.7043e+000 +1.6411e+000 -5.6663e+000 -7.3317e+000 -9.3779e+000 +3.5869e+000 +5.8896e-001 +5.6175e+000 +6.1085e+000 +3.0647e+000 +1.1798e+000
85 +1.823832004e+004 +1.823832004e+004 +1.819828004e+004 +1.819828004e+004 -5.6051e+000 -3.3498e+000 -4.4210e+000 +7.3522e+000 -2.8911e+000 +5.9729e+000 +3.1872e+000 +3.8556e+000 -3.9166e+000 +3.7876e+000 +2.7236e+000 -7.2126e+000 -4.9688e+000 -5.2093e+000 +4.3302e+000 +5.1575e-001 +3.8921e+000 -3.7785e+000 +2.3929e+000 -1.3307e+000
91 +6.757388433e+003 +6.757388433e+003 +6.717348433e+003 +6.717348433e+003 -7.4720e+000 -6.6118e+000 +2.4902e-001 +1.0064e+001 -6.9257e-001 +4.3881e+000 +8.9237e-001 +2.2952e+000 -1.0410e+001 +6.7143e-001 -1.5044e+000 -1.2890e+001 -1.5418e+000 -6.8541e+000 +4.8818e+000 -2.2635e+000 +4.8042e+000 -2.9313e+000 +3.9635e+000 -4.9354e+000
130 +2.980648255e+003 +2.980648255e+003 +2.940608255e+003 +2.940608255e+003 +2.6511e+000 -7.0921e+000 -6.7688e+000 +1.7568e+000 +7.5953e-001 +3.9035e+000 -3.7116e+000 +3.9503e+000 -4.2114e+000 -8.0222e-001 +1.7754e-001 -1.5355e+001 +2.6483e+001 -3.8419e+000 +4.3310e+000 +9.8947e-001 -8.3785e+000 +6.5662e-001 -1.7684e+000 -3.3379e+000
155 +9.642644724e+002 +9.642644724e+002 +9.242244724e+002 +9.242244724e+002 -3.9830e+000 -4.5300e+000 -1.3743e+000 +1.9877e+000 -2.3035e+000 +6.9785e+000 -5.5581e+000 +7.1212e+000 -5.2444e+000 +5.1598e-001 -2.0869e-001 +1.1949e+000 -6.7630e+000 -2.8673e+000 +2.8232e+000 +2.4314e+000 +4.3954e+000 -4.6093e-001 +1.3436e-001 -5.4201e+000
327 +8.070171257e+002 +8.070171257e+002 +7.669771257e+002 +7.669771257e+002 -6.8754e+000 -4.5703e+000 -5.9979e+000 +3.7034e+000 +1.6296e+000 +5.7988e+000 -6.5021e+000 +9.7689e+000 -2.1498e+000 +1.9171e+000 +9.7261e-002 -1.1178e+001 -1.2158e+001 -4.4346e+000 +4.7451e+000 +2.1631e+000 +1.9867e+000 -1.0312e+000 +1.8641e+000 +2.5375e+000
458 +6.762714037e+002 +6.762714037e+002 +6.362314037e+002 +6.362314037e+002 -4.3988e+000 -9.4892e-001 -2.1730e+000 +4.8972e+000 -2.7518e+000 -3.6165e-001 -3.4602e+000 +6.5263e+000 -2.7336e+000 -3.2558e+000 -4.4637e-001 +9.5530e+000 -1.1901e+000 -8.4291e-001 +2.7797e+000 +2.5245e+000 +4.0715e+000 -9.2607e+000 +6.4579e+000 -2.8825e-001
551 +5.126120595e+002 +5.126120595e+002 +4.725720595e+002 +4.725720595e+002 -4.4808e+000 -6.4144e+000 -2.2694e+000 +3.9380e+000 +1.0857e+000 +3.3714e+000 -1.6350e+000 +2.7632e+000 -6.5358e+000 -1.9662e-001 +1.6701e+000 -8.0426e+000 -2.3180e+000 -4.3765e+000 +3.8928e+000 -2.8873e+000 +4.3750e+000 -6.1298e+000 -2.1417e+000 -1.0291e+000
95710 +1.#INF00000e+000 +5.126120595e+002 +1.#INF00000e+000 +4.725720595e+002 +2.0760e+029 +6.4752e+027 -1.6685e+030 -5.7483e+028 -3.4734e+028 +2.8404e+029 +7.8385e+028 -6.2976e+029 -1.7534e+029 -5.6510e+027 -1.5084e+029 +1.2970e+031 +7.8576e+028 -4.4094e+029 -3.5640e+029 +1.3646e+029 -1.3893e+029 +4.2534e+029 -2.2336e+029 -1.5964e+030
% function evaluation | noise-free fitness - Fopt (-1.038100000000e+002) | best noise-free fitness - Fopt | measured fitness | best measured fitness | x1 | x2...
1 +1.819632986e+005 +1.819632986e+005 +1.818594886e+005 +1.818594886e+005 +3.4857e+000 +1.3841e+000 +1.4893e-001 -4.8548e-001 +3.8584e+000 -3.2731e+000 +2.8609e+000 -1.3838e+000 -2.2958e+000 +6.2535e+000 -1.2413e+000 +3.8248e+000 +1.2233e+000 -1.2612e+000 +3.7680e+000 +3.7657e-001 -9.5363e-001 -3.9931e+000 -8.7140e+000 -2.4388e+000
22 +1.393409451e+005 +1.393409451e+005 +1.392371351e+005 +1.392371351e+005 +3.6906e+000 +1.4532e+000 +2.9053e+000 -5.0203e+000 +2.8312e+000 -3.6960e+000 -3.5952e+000 -2.3256e+000 -1.4055e+000 +2.4375e+000 +6.1294e+000 -2.3278e+000 +2.7941e+000 +2.7479e+000 -8.1157e+000 -4.3395e+000 -2.6519e+000 -2.7397e+000 +9.3064e-001 -1.3183e+001
106 +3.813892727e+003 +3.813892727e+003 +3.710082727e+003 +3.710082727e+003 +3.8081e+000 +4.7493e+000 +2.8960e+000 -2.7074e+000 +6.5373e-001 -6.9895e+000 -4.4386e+000 -3.5615e-002 -8.5958e-001 +6.6219e+000 -5.4333e+000 +1.4666e+000 -1.9285e+000 +4.8337e-001 -2.8674e+000 -2.3296e+000 +1.9712e+000 +3.7697e+000 -3.0133e+000 -7.6812e+000
187 +2.402387713e+003 +2.402387713e+003 +2.298577713e+003 +2.298577713e+003 -4.6453e-003 -4.3464e-001 +7.1284e+000 +1.6385e+001 +1.1416e+000 +3.9641e-001 -5.1517e+000 -5.5395e-002 +3.6605e+000 +4.0609e+000 +4.8624e+000 +5.2348e+000 +4.4574e+000 +1.4650e+000 -7.0473e-001 +1.6320e+000 +5.7253e+000 -7.2199e+000 -7.8018e-001 +1.5552e+000
231 +1.656889870e+003 +1.656889870e+003 +1.553079870e+003 +1.553079870e+003 +4.9126e+000 +7.0884e+000 -4.2480e+000 -2.6324e+000 -4.8991e+000 -9.2944e+000 -4.5182e+000 +4.0404e+000 -2.4187e+000 +4.8393e+000 +3.8900e+000 -2.5505e+000 +3.4205e+000 +4.0057e-002 +2.5197e+000 +6.4618e+000 -5.0376e-001 +3.0601e+000 -8.2744e+000 -1.6622e+001
388 +9.245259456e+002 +9.245259456e+002 +8.207159456e+002 +8.207159456e+002 -6.5331e-001 +4.8058e+000 -7.2524e+000 -4.0368e+000 +4.8272e+000 -6.1219e+000 -6.0603e+000 -7.0435e+000 -3.7635e+000 +5.4139e+000 +3.5272e+000 -4.9634e+000 +3.0715e+000 -4.9499e+000 -5.0427e+000 +4.9041e+000 +1.2320e+001 +7.7641e-001 -1.5056e+000 -3.2375e+000
399 +8.419979511e+002 +8.419979511e+002 +7.381879511e+002 +7.381879511e+002 +4.2162e+000 +5.7497e+000 +1.9399e+000 -3.5613e+000 +2.0712e-001 -1.7703e+000 -3.4673e+000 +6.7581e+000 -4.2669e+000 +5.1261e+000 +1.9242e+000 -4.1094e+000 +3.9115e+000 +2.2513e+000 -2.7783e+000 -7.4199e+000 +1.2438e+000 -2.9656e+000 -3.8366e+000 -5.2280e+000
91632 +1.#INF00000e+000 +8.419979511e+002 +1.#INF00000e+000 +7.381879511e+002 -1.0462e+028 -2.1418e+029 +1.3476e+029 +6.3061e+028 +1.2012e+031 -2.9193e+028 -6.0575e+028 -6.0822e+029 +5.2729e+028 -2.1737e+029 -9.5916e+028 -8.1173e+027 +4.7297e+028 -3.6936e+027 +8.7302e+028 +1.4223e+029 -5.3052e+028 +3.1189e+028 -1.7549e+029 -8.0058e+029
% function evaluation | noise-free fitness - Fopt (-2.380000000000e+001) | best noise-free fitness - Fopt | measured fitness | best measured fitness | x1 | x2...
1 +7.635270667e+007 +7.635270667e+007 +7.635268287e+007 +7.635268287e+007 -4.6418e+000 -1.4810e+000 +1.6903e+000 +2.2247e+000 -4.6288e+000 +5.8129e+000 +1.1955e+000 -5.2182e-001 +2.8721e+000 -7.2827e+000 -1.0913e+001 +1.0743e+001 -1.2376e+001 -1.4192e+000 +1.2329e+001 -1.1108e+000 +4.5585e+000 -3.5956e-001 +4.1166e+000 -7.1784e+000
2 +1.907895133e+007 +1.907895133e+007 +1.907892753e+007 +1.907892753e+007 -4.9306e+000 -2.2497e-001 -6.9477e+000 +3.3274e+000 -5.6494e+000 -4.2079e+000 +2.6718e+000 -1.2447e+000 -2.4477e+000 -1.3424e+001 -5.9620e+000 -4.1891e+000 +1.4570e+000 +5.5154e+000 +3.8213e+000 -2.1539e+000 +6.1012e+000 +1.2593e+001 -3.6340e-001 -2.4991e+000
3 +6.616129904e+006 +6.616129904e+006 +6.616106104e+006 +6.616106104e+006 +1.0547e-001 +3.3481e+000 -4.9453e+000 +6.8829e+000 -8.3655e+000 -4.6813e+000 +5.7109e+000 +6.1723e-001 +8.9802e-001 -2.7940e+000 +1.1196e+000 -2.5919e+000 +2.2490e+000 +4.1336e+000 +1.8094e+000 +2.9325e+000 +1.8850e+000 -4.1698e+000 +4.8008e-001 -3.3684e+000
7 +1.522779417e+006 +1.522779417e+006 +1.522755617e+006 +1.522755617e+006 -4.0069e+000 +3.4614e+000 -2.5562e+000 +5.2839e+000 -3.5798e+000 -3.0173e+000 +2.4889e+000 -4.2501e+000 +8.7169e-001 -3.3271e+000 -1.3019e+000 -3.8597e+000 -3.2504e+000 +6.4514e+000 +5.7538e+000 +1.7804e+000 -2.8322e+000 -8.0952e-001 -3.6286e-001 -3.4432e+000
9 +8.961187810e+004 +8.961187810e+004 +8.958807810e+004 +8.958807810e+004 -2.8649e+000 +2.1167e+000 -5.6404e+000 +3.0278e+000 -6.2445e+000 -1.8911e+000 +6.1686e-001 -2.6817e+000 +1.8354e+000 -1.0338e+000 -8.1152e+000 -2.0404e+000 -9.3010e-001 +5.3502e+000 +4.9073e+000 +4.8666e+000 -5.3974e+000 -1.5457e+000 +5.0204e-001 -7.3459e+000
37 +3.131506143e+004 +3.131506143e+004 +3.129126143e+004 +3.129126143e+004 -2.3657e+000 +2.4766e+000 -4.9598e+000 +4.1642e+000 -5.0120e+000 -2.3231e+000 +4.4382e+000 -3.7838e+000 +1.9645e-001 -1.2037e+000 -2.5744e+000 -3.2311e+000 -1.6258e+000 +4.4516e+000 +2.9244e+000 -1.8281e+000 -7.1854e-001 -1.2534e-001 -2.3040e+000 -1.6397e-001
120 +3.477009068e+003 +3.477009068e+003 +3.453209068e+003 +3.453209068e+003 -4.3811e+000 +1.8834e+000 +2.4303e+000 +7.0002e+000 -5.8013e+000 -5.8453e+000 +6.1171e+000 -1.7465e-001 -4.0326e+000 +1.8070e+000 -8.0485e-001 -3.3967e+000 +2.7407e+000 +6.7280e+000 +5.6035e+000 +1.3301e-001 -1.9363e+000 -3.0382e+000 -1.5852e+000 -4.7857e+000
284 +6.537758049e+002 +6.537758049e+002 +6.299758049e+002 +6.299758049e+002 -3.3144e+000 -2.2959e+000 -2.8763e+000 +7.0461e+000 -8.1632e+000 -4.4867e+000 +9.4295e+000 -4.4477e-001 +6.2348e+000 -2.7757e+000 -4.2397e+000 -7.4733e-001 -8.9106e-001 +4.8539e+000 +7.8033e+000 +1.4593e+000 -1.4744e+000 +3.0987e+000 +5.4334e-001 +2.0591e+000
364 +6.427384918e+002 +6.427384918e+002 +6.189384918e+002 +6.189384918e+002 -4.0036e+000 +3.1735e+000 -2.0311e+000 +9.9929e+000 -5.2424e+000 -4.6021e+000 +3.0598e+000 -6.1714e+000 +2.1242e+000 -6.9460e+000 -5.1631e+000 +3.7874e+000 -1.6585e+000 +1.0992e+001 +5.2247e+000 +1.0524e+000 +1.1190e+000 -1.8392e+000 -3.9594e-001 +4.3034e+000
96025 +1.#INF00000e+000 +6.320358361e+002 +1.#INF00000e+000 +6.082358361e+002 -5.9979e+030 -2.4716e+028 +2.4638e+029 -1.6752e+030 +4.1232e+029 -9.1231e+030 +4.1090e+028 -6.9888e+029 +1.2996e+030 -7.6708e+028 +4.4345e+028 +1.2704e+029 -8.1585e+028 -5.9220e+029 -5.0643e+028 -8.4125e+029 -1.2209e+028 +3.3245e+029 +8.6443e+029 +1.0027e+030
% function evaluation | noise-free fitness - Fopt (7.459000000000e+001) | best noise-free fitness - Fopt | measured fitness | best measured fitness | x1 | x2...
1 +2.269473897e+007 +2.269473897e+007 +2.269481356e+007 +2.269481356e+007 +5.5743e+000 -8.8674e+000 +3.8494e+000 -2.5326e+000 +4.8033e-001 -1.5908e+000 +3.3116e+000 +4.9052e-001 +6.2401e+000 +1.1964e-001 +1.2786e+000 +8.2016e+000 -3.8485e+000 +5.1236e+000 +4.9247e+000 -2.9787e+000 +3.3287e+000 -1.6435e+000 -2.3063e+000 +5.0877e-001
3 +1.993137250e+007 +1.993137250e+007 +1.993144709e+007 +1.993144709e+007 +1.6814e+000 +2.8776e+000 +4.9060e+000 -3.2787e+000 +8.4662e-001 -1.4592e+000 +4.7795e+000 -3.1338e+000 +9.5028e-001 -9.1948e-001 +2.3243e+000 +1.0778e+000 -4.6271e+000 +1.3165e+000 +1.2185e+001 -1.0863e+000 +4.0952e+000 -8.3378e-001 -3.7380e+000 +2.0570e+000
10 +1.427651353e+007 +1.427651353e+007 +1.427658812e+007 +1.427658812e+007 +7.4898e+000 +4.8081e+000 +1.5942e+000 -1.1773e+001 +1.6866e+000 -3.2531e+000 +5.4989e+000 -5.4831e-001 -6.4052e+000 +7.0264e+000 +3.6249e-001 +3.4695e+000 -3.6347e+000 -2.4767e+000 +3.1692e+000 -2.0797e+000 +1.0490e+000 -1.7884e+000 +1.4593e+000 -2.5245e+000
11 +3.241451332e+005 +3.241451332e+005 +3.242197232e+005 +3.242197232e+005 +7.5417e+000 -1.6877e-001 +5.0772e+000 -6.8113e-002 +1.3691e+000 -5.9986e+000 +7.1500e+000 -1.1487e+000 -8.6098e-001 +4.8471e+000 -1.9602e+000 +5.1723e+000 +2.4377e+000 -4.2048e+000 +6.2472e+000 +5.1340e-001 +3.1768e+000 -5.8975e+000 -3.1940e+000 -6.3805e+000
46 +1.753010727e+003 +1.753010727e+003 +1.827600727e+003 +1.827600727e+003 +5.9223e+000 -9.9107e+000 +1.5740e+001 -5.6555e+000 -1.0521e-001 -3.7309e+000 +5.0158e-001 -1.3715e+001 -1.8517e+000 -2.0816e+000 +3.4993e+000 +2.0748e+000 +4.7658e-001 +6.1310e+000 +2.5401e+001 -9.2323e-001 +3.7866e+000 +3.2077e+000 -1.0565e+001 -1.7451e+000
313 +1.591199905e+003 +1.591199905e+003 +1.665789905e+003 +1.665789905e+003 -1.1193e+001 -5.5216e-001 +2.1380e+000 -1.1920e+001 +6.1828e+000 -3.6555e+000 +5.0319e+000 +5.7732e-001 +3.8688e+000 -5.6492e+000 +5.1757e-001 +3.4023e+000 +3.6538e+000 +3.0333e+000 +3.8930e+000 -5.6090e-001 +1.1817e+000 +1.6078e+000 -9.5240e+000 +2.1204e+000
971 +7.735710812e+002 +7.735710812e+002 +8.481610812e+002 +8.481610812e+002 +1.2983e+000 +1.0541e+000 +4.1689e+000 -3.1037e+000 +8.3205e+000 -1.4851e+000 +3.6366e+000 +1.9535e-001 -5.8683e-001 -3.3220e+000 -1.4336e-001 +1.0670e+001 -4.7920e+000 +5.6120e+000 +1.3754e+001 +2.4840e+000 -3.7260e+000 -3.1566e+000 -6.7520e+000 +2.1215e+000
99992 +1.#INF00000e+000 +7.735710812e+002 +1.#INF00000e+000 +8.481610812e+002 -1.4657e+031 -8.3266e+029 +3.7366e+029 -5.2126e+029 -5.5543e+028 -3.7819e+029 +4.6852e+029 -4.7827e+029 -3.5985e+030 +1.1846e+030 -8.2532e+027 -6.2492e+029 -3.6109e+029 +3.1530e+028 -2.5284e+029 +7.3730e+029 -3.0101e+029 +1.0325e+029 -1.1099e+029 +3.2447e+029
% function evaluation | noise-free fitness - Fopt (2.225900000000e+002) | best noise-free fitness - Fopt | measured fitness | best measured fitness | x1 | x2...
1 +3.039258031e+007 +3.039258031e+007 +3.039280290e+007 +3.039280290e+007 +1.3268e+000 -9.4154e+000 +4.2526e+000 -6.2511e+000 +1.4661e+000 +8.9749e+000 +6.9948e-001 +3.7549e+000 -4.0538e+000 -3.9401e-001 -5.0653e+000 +2.3394e+001 -4.7111e+000 -1.8214e+000 -1.7865e+000 -1.8804e+000 +4.4270e-001 -5.6500e+000 -4.2973e+000 -9.4403e-001
2 +2.839556331e+007 +2.839556331e+007 +2.839578590e+007 +2.839578590e+007 +3.5266e+000 -2.8251e+000 +5.2125e+000 -6.0089e+000 +2.2085e+000 -6.6141e-001 +1.9564e+000 +1.8784e+000 +3.1815e+000 -6.1947e-001 -7.4350e+000 +4.6749e+000 +5.6325e-001 -1.4181e+000 -2.1868e+000 +6.6993e-001 -2.4476e+000 -4.3063e+000 -3.2076e-001 -3.8686e+000
4 +5.315100443e+006 +5.315100443e+006 +5.315323033e+006 +5.315323033e+006 +2.9858e+000 -3.3265e+000 +2.7803e+000 -3.6007e+000 +3.0758e+000 +2.7956e+000 -1.0327e+000 +2.8559e+000 -7.7440e-001 -2.5368e-001 +1.5069e+000 +3.7441e+000 -5.3436e+000 -2.7839e+000 -2.1419e+000 +8.4399e-002 -4.8287e-001 -3.2732e+000 -2.3654e+000 -3.7285e+000
29 +1.371328078e+006 +1.371328078e+006 +1.371550668e+006 +1.371550668e+006 +2.5540e+000 -4.8941e+000 +1.1421e+001 -3.2829e+000 +7.5817e+000 -3.8194e-001 +8.2767e+000 +1.3018e+000 +4.4898e-001 -2.1538e+000 -9.2931e-001 +1.7596e+000 -4.8856e+000 -6.7100e+000 +2.9334e+000 -2.8377e+000 +1.0942e+000 -9.1914e+000 -1.1803e+000 -2.4810e+000
107 +9.729360128e+005 +9.729360128e+005 +9.731586028e+005 +9.731586028e+005 +5.0529e+000 +2.4368e+000 +4.6841e+000 -3.8894e+000 +6.2778e+000 +1.1805e+000 -1.6497e-001 +4.5566e+000 +1.4367e-002 +2.4932e+000 +3.9190e+000 +4.1763e+000 -3.1309e+000 -3.3420e+000 -3.5895e+000 -6.4141e+000 +1.2893e+000 -1.1752e+000 -6.1212e+000 -3.4090e+000
114 +2.635325914e+005 +2.635325914e+005 +2.637551814e+005 +2.637551814e+005 +6.1009e-001 -2.4719e+000 +7.1606e+000 -3.2293e+000 +4.1986e-001 -3.3473e+000 +7.9227e+000 -1.1822e+000 -2.5814e+000 +3.2946e+000 -8.3129e-001 +2.5682e+000 -1.1850e+000 -5.9286e+000 +1.0365e+000 -9.2818e+000 -8.8169e+000 -3.1280e+000 -2.6051e+000 +5.1807e+000
120 +4.751595866e+004 +4.751595866e+004 +4.773854866e+004 +4.773854866e+004 +2.5206e+000 -7.1587e+000 +6.8777e+000 +1.9149e+000 +2.3021e+000 -2.6418e+001 -1.6699e+000 -2.5855e+000 -1.0759e+000 -2.0099e+000 -4.2147e-001 +5.2725e+000 -6.5130e+000 +8.9925e-001 -1.4093e+000 -3.2415e+000 +1.0431e+000 -6.5228e+000 -2.7894e+000 -1.9317e+000
124 +1.503382349e+004 +1.503382349e+004 +1.525641349e+004 +1.525641349e+004 -1.7436e+000 -2.5313e+000 +5.5280e+000 +8.8139e-001 -4.6424e+000 -2.1568e+000 -3.5186e-003 +5.2517e+000 -1.9340e+000 +1.1071e+000 -6.9854e-001 +1.2672e+000 -3.0722e+000 +1.5158e-001 -2.7616e+000 -1.0659e-001 -1.0805e+000 -3.2274e+000 -3.6728e+000 -7.0035e+000
136 +5.513518089e+002 +5.513518089e+002 +7.739418089e+002 +7.739418089e+002 +4.1419e+000 -3.9966e+000 +5.7857e+000 -3.6361e+000 +8.9741e+000 -5.1574e+000 -9.7574e-002 -3.5457e+000 -2.1836e+000 -2.5296e+000 +3.8578e+000 -4.0972e+000 -5.2053e+000 -5.9060e+000 -3.4597e-002 -4.3693e+000 -6.5233e-002 -5.3228e+000 -6.9572e+000 +2.0135e-001
93886 +1.#INF00000e+000 +5.513518089e+002 +1.#INF00000e+000 +7.739418089e+002 -2.3495e+027 -1.1683e+031 +3.9809e+029 -1.2884e+028 -9.1538e+028 +2.9892e+028 +4.4528e+028 +6.8576e+028 +2.7496e+027 +3.4227e+029 -5.4726e+027 +5.0424e+029 -4.5205e+029 -5.2142e+026 -1.3881e+029 -4.4296e+028 -1.0403e+028 +4.5587e+028 -2.4852e+028 +1.6216e+027
% function evaluation | noise-free fitness - Fopt (-2.977700000000e+002) | best noise-free fitness - Fopt | measured fitness | best measured fitness | x1 | x2...
1 +4.739098250e+006 +4.739098250e+006 +4.738800480e+006 +4.738800480e+006 +3.5278e+000 +8.4974e-001 +1.9590e+000 +3.7400e+000 -8.8383e+000 +2.9615e+000 +3.1802e+000 +7.1702e-001 +2.9623e+000 +2.8544e+000 -2.9305e+000 +5.2707e+000 +5.3166e+000 +4.2285e+000 +8.2682e+000 -3.6178e+000 +3.7092e+000 +3.0683e-001 -4.0379e+000 +5.2182e+000
6 +9.834179425e+003 +9.834179425e+003 +9.536409425e+003 +9.536409425e+003 +2.3764e+000 -3.2765e+000 +2.2309e+000 +4.1134e+000 -3.1055e+000 +2.3634e+000 -1.2234e+000 +3.5797e+000 +1.7157e+000 -5.7083e-001 -5.0165e+000 +1.9896e+000 +6.7066e+000 +2.0975e+000 +4.7141e+000 -3.4488e+000 +3.9281e+000 +1.2788e+000 -3.5642e+000 +1.9564e+000
146 +5.428645856e+003 +5.428645856e+003 +5.130875856e+003 +5.130875856e+003 +3.4114e+000 +8.5546e-001 +1.7037e+000 +6.8042e+000 -2.7465e+000 +4.3510e+000 +3.0317e+000 +2.0115e+000 +5.4142e+000 -2.5398e-001 -7.4382e+000 -3.8076e+000 +2.5148e+000 +3.0484e+000 +4.5755e+000 -7.4224e+000 +3.7233e+000 -2.7694e+000 +6.9899e+000 +3.0851e+000
185 +8.217834641e+002 +8.217834641e+002 +5.240134641e+002 +5.240134641e+002 +3.1942e+000 -9.3635e-001 +1.1116e+000 +7.0929e-001 -2.5019e+000 +8.6188e+000 +6.8034e+000 -3.1112e-001 +3.1135e+000 +1.4409e+000 -5.7830e+000 -3.8784e-001 -9.8777e-001 -1.1000e-002 +4.2629e+000 -8.5064e-001 +1.4931e+000 -1.6424e+000 -3.6362e+000 -3.4784e-001
97843 +1.#INF00000e+000 +8.217834641e+002 +1.#INF00000e+000 +5.240134641e+002 -1.3726e+030 +2.5673e+029 -1.0395e+028 -4.8224e+029 +2.7628e+027 +6.0098e+029 -1.6198e+031 +3.5800e+028 +2.1501e+030 -1.7950e+030 -7.6028e+029 +7.8424e+029 -2.2132e+030 -1.6203e+029 +1.4769e+030 -3.2969e+030 +2.2721e+030 +2.6834e+029 +3.9608e+029 -5.1433e+029
