% function evaluation | noise-free fitness - Fopt (7.627000000000e+001) | best noise-free fitness - Fopt | measured fitness | best measured fitness | x1 | x2...
1 +3.319789794e+007 +3.319789794e+007 +3.319797421e+007 +3.319797421e+007 -4.1414e+000 -1.3096e+000 -4.7898e+000 +2.5277e+000 -6.1317e+000 -3.9079e+000 -3.5904e+000 -5.0404e-002 +4.9031e+000 +1.1387e+000
2 +1.504625353e+007 +1.504625353e+007 +1.504632980e+007 +1.504632980e+007 -6.2799e+000 +3.7214e+000 -3.8204e+000 +1.8929e+000 -4.2606e+000 -4.5216e+000 -9.9067e+000 +5.5601e+000 +2.4009e+000 -1.9372e+000
3 +3.544120823e+006 +3.544120823e+006 +3.544197093e+006 +3.544197093e+006 -9.5762e-001 -3.9683e+000 +5.2646e+000 +4.4558e+000 -2.2391e+000 -3.8612e+000 -1.9850e+000 -9.2937e-001 +4.2738e+000 -9.0836e-001
11 +2.881888761e+006 +2.881888761e+006 +2.881965031e+006 +2.881965031e+006 -1.1072e+000 -3.8005e+000 +3.4065e-001 +2.4792e+000 -6.0038e+000 -4.3705e+000 -4.6043e+000 +6.4006e-001 +1.6099e+000 +3.2279e+000
12 +2.670955190e+006 +2.670955190e+006 +2.671031460e+006 +2.671031460e+006 +8.8470e+000 -5.4885e+000 +8.5558e+000 +7.1706e+000 -7.7545e+000 -4.5354e+000 -1.6844e+000 -4.3171e+000 +7.4887e+000 +4.6404e+000
24 +2.581523761e+006 +2.581523761e+006 +2.581600031e+006 +2.581600031e+006 +3.2963e+000 -2.0267e+000 +2.4270e-001 +2.0338e+000 -4.7990e+000 -8.0006e-001 -6.8667e-001 -1.6064e+000 +1.3214e+001 +4.5134e+000
25 +1.447751458e+005 +1.447751458e+005 +1.448514158e+005 +1.448514158e+005 -1.8048e+000 -1.0193e+001 -1.0388e+000 +1.7776e+000 -3.7050e+000 -1.0761e+000 -3.2434e+000 -1.6751e+000 +2.5614e+000 +5.5283e+000
27 +1.213385478e+003 +1.213385478e+003 +1.289655478e+003 +1.289655478e+003 -1.0067e+000 -8.0482e-001 -8.8825e-001 +8.6729e+000 -2.7009e+000 -3.9102e+000 +8.9985e-001 +3.9585e+000 +3.8295e+000 +2.2730e+000
52 +1.428633636e+002 +1.428633636e+002 +2.191333636e+002 +2.191333636e+002 -1.5873e+000 -4.9062e+000 +1.0244e+000 +5.1982e+000 -3.6328e+000 -2.6286e-001 -4.8551e+000 -6.0436e+000 +4.3279e+000 +4.4887e+000
60400 +1.#INF00000e+000 +1.428633636e+002 +1.#INF00000e+000 +2.191333636e+002 -4.1459e+029 -7.8746e+029 -1.6540e+029 +2.2100e+029 -8.5563e+028 -9.5688e+028 +2.3353e+028 -1.4045e+029 +1.5579e+031 -1.0045e+029
% function evaluation | noise-free fitness - Fopt (-2.255000000000e+001) | best noise-free fitness - Fopt | measured fitness | best measured fitness | x1 | x2...
1 +3.083280197e+006 +3.083280197e+006 +3.083257647e+006 +3.083257647e+006 +5.3019e-001 +2.8543e+000 -3.2944e+000 +2.2824e+000 +1.6407e+000 +2.1118e+000 +1.3431e+000 -9.3059e-001 -4.7273e+000 -7.1800e-001
2 +2.063734908e+006 +2.063734908e+006 +2.063712358e+006 +2.063712358e+006 +4.4670e+000 +1.9692e+000 +3.1361e+000 +4.2394e-001 -1.9769e+000 +2.3712e+000 -7.9643e-001 -3.3554e+000 +4.4209e-001 -3.2687e+000
3 +4.522286199e+002 +4.522286199e+002 +4.296786199e+002 +4.296786199e+002 +3.9567e+000 +4.1856e+000 -9.1785e-001 +9.9178e+000 -2.7250e+000 -3.1790e+000 -5.9609e+000 -1.2061e+000 -4.0889e+000 -6.7078e+000
316 +3.273999719e+002 +3.273999719e+002 +3.048499719e+002 +3.048499719e+002 +1.7594e+000 +5.5089e+000 -1.2903e+000 +2.6737e+000 +3.4119e+000 +4.8422e+000 -8.3144e-001 +2.6960e-001 -4.0644e+000 +1.1604e+000
458 +3.002741209e+002 +3.002741209e+002 +2.777241209e+002 +2.777241209e+002 +2.3686e-002 +5.5935e+000 -5.0460e+000 +2.9638e+000 +2.9081e-001 +8.7210e+000 +1.5715e-001 +7.7498e-001 -2.2941e+000 +4.3439e+000
79601 +1.#INF00000e+000 +3.002741209e+002 +1.#INF00000e+000 +2.777241209e+002 -8.3514e+027 +1.9460e+027 -1.4822e+029 +1.4055e+028 +3.5165e+028 -9.1458e+027 -3.3771e+027 -1.5357e+031 -1.7390e+030 +4.7172e+027
% function evaluation | noise-free fitness - Fopt (1.366000000000e+001) | best noise-free fitness - Fopt | measured fitness | best measured fitness | x1 | x2...
1 +2.124487863e+006 +2.124487863e+006 +2.124501523e+006 +2.124501523e+006 +3.9916e+000 +3.9296e-001 +2.5652e+000 +2.8471e+000 +4.4327e+000 +4.8089e+000 +8.3621e+000 +9.1291e+000 -8.5767e-001 +3.9622e+000
2 +4.914607555e+005 +4.914607555e+005 +4.914744155e+005 +4.914744155e+005 +3.9771e+000 +2.4575e-001 +2.9427e+000 +9.2680e+000 +9.9009e-001 +1.3454e+000 +2.7344e+000 +4.2767e+000 -3.7906e+000 -1.0507e+000
3 +3.877820483e+004 +3.877820483e+004 +3.879186483e+004 +3.879186483e+004 -4.7219e+000 -2.2769e-001 +3.0811e+000 +6.5595e+000 -9.5379e-001 +4.1280e+000 +5.5663e+000 +7.6819e+000 -1.2029e+000 +5.5006e+000
7 +2.212893572e+003 +2.212893572e+003 +2.226553572e+003 +2.226553572e+003 +3.6112e+000 +2.8074e-001 +5.5047e+000 +2.8539e+000 +8.3461e+000 +3.5483e+000 +4.1093e+000 +3.5619e+000 -8.1653e-001 +4.0983e+000
102 +4.004765398e+002 +4.004765398e+002 +4.141365398e+002 +4.141365398e+002 +8.0798e+000 +2.2011e+000 +2.8280e+000 +2.9862e+000 +2.0483e+000 +6.5959e+000 +5.4689e+000 +1.7357e+000 +6.1391e-001 +5.3904e+000
60811 +1.#INF00000e+000 +4.004765398e+002 +1.#INF00000e+000 +4.141365398e+002 -1.0633e+031 -1.9958e+029 -3.1383e+029 +6.5388e+029 +4.4968e+029 -2.3082e+028 +2.7164e+028 -4.2127e+029 -4.9713e+028 +9.4047e+028
% function evaluation | noise-free fitness - Fopt (9.378400000000e+002) | best noise-free fitness - Fopt | measured fitness | best measured fitness | x1 | x2...
1 +4.485987129e+007 +4.485987129e+007 +4.486080913e+007 +4.486080913e+007 -1.8426e+000 -6.9871e-001 -1.2362e+000 -1.0584e+000 -5.6664e+000 -2.1972e+000 -1.1651e+000 +5.3301e+000 -5.8266e+000 +4.8335e+000
2 +2.446038000e+007 +2.446038000e+007 +2.446131784e+007 +2.446131784e+007 -1.1002e+000 -7.7339e-001 +1.4697e+000 -4.3794e-001 -3.7997e+000 -4.4517e+000 +1.9432e+000 +3.9385e+000 +1.1740e+000 +2.3936e+000
5 +1.082056679e+007 +1.082056679e+007 +1.082150463e+007 +1.082150463e+007 +2.0112e+000 -3.0812e-001 -1.6631e+000 -3.3252e+000 +1.9212e+000 -5.1770e+000 +6.4466e-001 +9.8578e-001 -5.1889e-001 +7.6421e-001
10 +9.019818173e+006 +9.019818173e+006 +9.020756013e+006 +9.020756013e+006 +2.8360e+000 +2.6617e+000 +2.2167e-001 +1.2205e+000 -5.0445e+000 +6.4998e-001 +4.4336e-001 +4.8266e-001 -2.0003e+000 +4.5786e+000
25 +2.948522043e+006 +2.948522043e+006 +2.949459883e+006 +2.949459883e+006 -2.3504e+001 -1.8281e+000 -2.0550e+000 -1.8237e+000 -3.7178e+000 -6.5919e+000 +1.0279e+001 +9.1182e+000 -7.6561e+000 +3.4767e+000
54 +3.961242476e+005 +3.961242476e+005 +3.970620876e+005 +3.970620876e+005 -3.3635e+000 +3.5596e+000 -1.7756e+000 -1.2318e+000 -2.9351e+000 -2.5931e-001 +4.3103e+000 +1.6826e+000 -8.2243e-001 +2.6993e+000
71 +1.239454091e+004 +1.239454091e+004 +1.333238091e+004 +1.333238091e+004 -1.1519e+000 +1.8164e+001 +5.4908e-001 -5.2332e-001 -5.2879e+000 -6.6889e+000 +2.8153e+000 +3.7713e+000 -2.2350e+000 -1.1058e+000
81 +1.214132754e+004 +1.214132754e+004 +1.307916754e+004 +1.307916754e+004 -8.0435e+000 +2.0833e+000 -2.6188e+000 +2.5576e+000 -4.2146e+000 -6.9343e-001 +1.4971e+000 +1.7209e+000 -3.1255e+000 +6.5896e+000
159 +5.472921263e+003 +5.472921263e+003 +6.410761263e+003 +6.410761263e+003 -1.7898e+000 +4.5917e+000 -8.6204e+000 +3.0172e-001 +4.3448e+000 -2.2959e+000 +4.8755e-001 +2.4807e+000 -9.4247e-001 +3.5164e+000
248 +2.295412680e+003 +2.295412680e+003 +3.233252680e+003 +3.233252680e+003 +1.7134e-001 +1.2467e+001 -1.8940e+001 -6.0140e+000 -8.9054e+000 +1.8017e+000 +2.4924e+000 +4.8847e-001 -5.8892e+000 +4.5684e+000
535 +2.274908369e+003 +2.274908369e+003 +3.212748369e+003 +3.212748369e+003 -3.9868e-001 +1.0968e+000 -4.1379e+000 -3.1103e+000 -4.9172e+000 +1.1019e+000 +3.1317e+001 -6.5672e+000 -2.3795e+000 -6.5646e-001
61506 +1.#INF00000e+000 +2.274908369e+003 +1.#INF00000e+000 +3.212748369e+003 -5.2572e+028 +4.6620e+028 +5.5664e+029 -6.3746e+028 +3.9926e+028 -1.0585e+029 +1.8104e+031 +6.8458e+028 -5.5098e+028 +7.8493e+027
% function evaluation | noise-free fitness - Fopt (-7.872000000000e+001) | best noise-free fitness - Fopt | measured fitness | best measured fitness | x1 | x2...
1 +8.347395590e+004 +8.347395590e+004 +8.339523590e+004 +8.339523590e+004 -4.3704e+000 -9.3972e+000 -8.1920e+000 -1.1755e+000 +7.0837e-002 -1.5316e+000 +1.4749e+000 -9.7254e+000 +5.1531e+000 -2.9210e+000
10 +1.641209246e+004 +1.641209246e+004 +1.633337246e+004 +1.633337246e+004 -2.4388e+000 -5.1803e+000 -2.8310e+000 -1.4931e+000 +2.2722e+000 +7.6544e-001 +3.8631e+000 -2.5390e+000 +5.8733e+000 -3.3873e+000
24 +3.724994067e+003 +3.724994067e+003 +3.646274067e+003 +3.646274067e+003 +9.8707e-001 -3.9062e+000 -5.1526e+000 -1.3264e+000 -1.3050e-001 +1.0963e+000 +3.5656e+000 -4.3534e+000 +6.3083e+000 -3.8215e+000
63 +5.317405364e+002 +5.317405364e+002 +4.530205364e+002 +4.530205364e+002 -5.0204e+000 -6.4835e+000 +3.0010e+000 +1.7997e+000 +2.4652e+000 -8.2926e-002 +6.4840e+000 -3.2275e+000 +2.7627e+000 -5.8954e+000
91 +1.558589644e+002 +1.558589644e+002 +7.713896435e+001 +7.713896435e+001 -2.6196e+000 -4.4264e+000 +4.5765e-001 +4.0704e-001 -1.6915e+000 -2.4957e-001 +5.4863e+000 -3.6666e+000 +1.9133e+000 -3.8000e+000
62112 +1.#INF00000e+000 +1.558589644e+002 +1.#INF00000e+000 +7.713896435e+001 +1.1162e+029 -3.6203e+028 -7.0711e+028 -1.1549e+031 -4.6750e+028 -1.2023e+029 +2.9437e+028 -6.6746e+028 +1.3446e+029 -1.2355e+029
% function evaluation | noise-free fitness - Fopt (-6.949000000000e+001) | best noise-free fitness - Fopt | measured fitness | best measured fitness | x1 | x2...
1 +4.868488982e+006 +4.868488982e+006 +4.868419492e+006 +4.868419492e+006 -1.8559e+000 +1.6104e+000 +4.4331e-001 +2.3185e+000 -4.7522e+000 -2.3106e+000 -2.8148e+000 -2.2790e-001 +2.0085e+000 +4.5037e+000
4 +2.700411898e+005 +2.700411898e+005 +2.699716998e+005 +2.699716998e+005 -7.0449e+000 -2.4785e+000 +8.7919e-001 +6.5971e-002 -2.3264e+000 -9.4407e+000 -1.5122e+000 +1.6223e+000 -1.8836e+000 +3.6065e+000
15 +1.595260503e+005 +1.595260503e+005 +1.594565603e+005 +1.594565603e+005 -2.3088e-001 +8.0703e-001 -4.0836e+000 -7.9653e-001 -2.1955e+000 +2.0234e+000 -1.4859e-001 +1.6561e+000 +3.1855e+000 -1.3661e+000
29 +1.373173909e+005 +1.373173909e+005 +1.372479009e+005 +1.372479009e+005 +7.1675e-001 -6.0450e-001 +1.6956e+000 +4.3951e-001 -6.2219e+000 -1.5799e+000 -1.3009e+000 -2.6143e+000 +2.0099e+000 +3.7727e+000
45 +6.819199573e+003 +6.819199573e+003 +6.749709573e+003 +6.749709573e+003 -7.3377e+000 -8.6584e-001 +1.8069e+000 +4.1903e+000 -3.8656e+000 +2.5142e+000 +2.1500e+000 -3.1211e+000 +4.2207e+000 +1.0364e+001
76 +5.074794186e+002 +5.074794186e+002 +4.379894186e+002 +4.379894186e+002 -4.4089e+000 -9.6696e-001 -1.6759e+000 +8.3065e-001 -4.9859e+000 -2.7472e+000 -1.7528e+000 -2.3274e+000 +1.4526e+001 +3.3072e+000
170 +1.876989337e+002 +1.876989337e+002 +1.182089337e+002 +1.182089337e+002 -1.0827e+000 +2.8947e+000 -2.5646e+000 -6.6568e-001 -3.3532e+000 +4.4769e+000 -6.5821e+000 -5.4951e+000 +2.2328e+000 +7.0498e-001
52714 +1.#INF00000e+000 +1.876989337e+002 +1.#INF00000e+000 +1.182089337e+002 -2.6925e+030 -1.4759e+028 -2.2092e+029 -1.7222e+030 +1.4932e+031 -1.1545e+028 -6.5765e+027 -5.2385e+029 +3.3184e+029 +1.2940e+028
% function evaluation | noise-free fitness - Fopt (-2.718000000000e+001) | best noise-free fitness - Fopt | measured fitness | best measured fitness | x1 | x2...
1 +6.491855588e+007 +6.491855588e+007 +6.491852870e+007 +6.491852870e+007 -7.1853e-001 -4.8479e+000 +3.6259e+000 +4.6433e+000 -4.8670e-001 +5.6565e+000 +5.5491e+000 +1.0840e+001 -2.8769e+000 -4.8453e-001
2 +1.786489903e+007 +1.786489903e+007 +1.786487185e+007 +1.786487185e+007 -1.5735e+000 -4.3708e+000 +1.4395e+000 -1.6222e+000 +2.5643e+000 +4.3103e+000 -1.0738e+000 +4.6638e+000 +1.7812e+000 +1.0510e+001
4 +1.132373641e+007 +1.132373641e+007 +1.132370923e+007 +1.132370923e+007 -3.4434e-001 -1.7632e+001 +3.2469e+000 +4.4409e+000 -5.2112e+000 +1.3131e+000 -1.0133e+000 +5.4566e+000 +2.7595e+000 +3.9565e-001
5 +3.792985931e+006 +3.792985931e+006 +3.792958751e+006 +3.792958751e+006 -2.0199e+000 -8.2198e+000 +1.2851e+000 +1.3089e-001 -8.8640e-001 +3.5458e-001 -2.4851e+000 +2.4891e+000 -2.0972e+000 +1.2349e+000
6 +9.882247022e+005 +9.882247022e+005 +9.881975222e+005 +9.881975222e+005 +5.6784e-001 -2.2047e+000 +1.8863e+001 -1.0439e+000 +2.3485e+000 +5.0095e+000 -1.4818e+000 -4.0908e+000 +2.0844e+000 +5.7039e+000
8 +7.147612071e+005 +7.147612071e+005 +7.147340271e+005 +7.147340271e+005 +1.9133e+000 -5.2385e+000 +3.4757e+000 +6.4711e-001 +2.3268e-001 -1.9796e-001 -2.2610e+000 -3.1441e-001 +8.6501e-002 +4.1112e+000
15 +7.396190163e+004 +7.396190163e+004 +7.393472163e+004 +7.393472163e+004 +1.0073e+000 -7.5816e+000 +2.2972e+000 +1.7518e+000 -3.3292e+000 -3.6526e-001 -2.1085e+000 +1.8515e+000 +8.4524e-001 -9.6829e-001
32 +4.105273717e+004 +4.105273717e+004 +4.102555717e+004 +4.102555717e+004 +5.6813e-002 -9.6505e+000 +3.7060e+000 -1.7863e+000 -5.5696e+000 -1.3179e+000 +1.3331e-001 +1.7282e+000 -1.0970e+000 -2.3869e-002
48 +1.052350537e+004 +1.052350537e+004 +1.049632537e+004 +1.049632537e+004 -1.0341e+000 -6.0994e+000 +1.2162e+000 -2.9457e+000 +1.1835e-001 +3.6646e-001 -1.8903e+000 +2.7242e+000 +4.0774e+000 +6.0101e+000
134 +1.351126252e+002 +1.351126252e+002 +1.079326252e+002 +1.079326252e+002 +3.2647e+000 -3.9664e+000 +1.6697e+000 +1.7172e-001 +5.0633e+000 -1.9382e-001 -3.0544e+000 +6.1007e-001 +2.7895e+000 +5.0611e+000
61932 +1.#INF00000e+000 +1.351126252e+002 +1.#INF00000e+000 +1.079326252e+002 +6.9565e+027 -3.9146e+028 +4.1804e+027 -2.9202e+028 -2.9150e+029 -1.8649e+028 +2.7593e+028 +9.1283e+030 -3.0274e+028 -1.1287e+030
% function evaluation | noise-free fitness - Fopt (-6.968800000000e+002) | best noise-free fitness - Fopt | measured fitness | best measured fitness | x1 | x2...
1 +8.055136346e+006 +8.055136346e+006 +8.054439466e+006 +8.054439466e+006 -6.6542e+000 +1.4382e+000 -5.1731e+000 -6.8712e+000 -3.6829e+000 -4.0494e+000 -2.3262e+000 +5.3607e+000 +2.2757e+000 -5.1554e+000
8 +5.360662177e+005 +5.360662177e+005 +5.353693377e+005 +5.353693377e+005 -3.7914e+000 +1.3653e+001 +4.4556e+000 -4.6211e+000 -1.4804e+001 -1.0346e+000 -5.3482e+000 +3.2371e+000 +4.9632e+000 +4.9260e+000
57 +4.495123521e+004 +4.495123521e+004 +4.425435521e+004 +4.425435521e+004 -4.3147e+000 +9.7073e+000 -3.5034e+000 +7.5522e-001 -8.8992e+000 +1.3935e+001 +1.8582e+001 +7.0861e+000 -3.1273e+000 +1.2896e+001
119 +3.048495406e+004 +3.048495406e+004 +2.978807406e+004 +2.978807406e+004 +5.0008e-001 +3.6673e+000 -1.0550e+001 -7.9112e+000 -4.7423e-001 +2.5371e+000 +6.7303e-001 +6.9831e+000 +2.8843e+000 +2.1337e+000
186 +5.084154164e+003 +5.084154164e+003 +4.387274164e+003 +4.387274164e+003 -1.5126e+000 +1.9048e+000 -4.4200e+000 -4.7716e+000 +7.8771e+000 -7.1366e-002 +1.3630e-001 +1.3501e+001 -1.4632e+001 -7.0011e+000
205 +4.446156166e+003 +4.446156166e+003 +3.749276166e+003 +3.749276166e+003 +1.4718e+001 +7.9038e+000 +3.2327e-001 -3.8619e-001 +4.5218e+000 -2.3172e+000 -1.5230e+001 +9.9490e+000 +7.2459e+000 -7.6412e+000
218 +3.028511347e+003 +3.028511347e+003 +2.331631347e+003 +2.331631347e+003 -6.2429e+000 +9.9547e+000 +1.1478e+001 -1.0397e+001 +1.0127e+001 -3.3314e+000 -7.1919e+000 +1.2376e+001 -2.9519e+001 -6.8772e+000
275 +2.587537688e+003 +2.587537688e+003 +1.890657688e+003 +1.890657688e+003 -1.0361e+001 +8.3569e+000 +1.2376e+000 -2.4039e+000 +2.2663e+000 +4.8606e+000 -4.6635e+000 +1.6488e+001 -8.6155e+000 -9.3987e+000
319 +3.147444700e+002 +3.147444700e+002 -3.821355300e+002 -3.821355300e+002 +3.9558e+000 -2.5761e+000 +3.4727e+000 -5.2095e+000 +4.5018e+000 +1.5591e+000 -4.5191e+000 +1.1290e+001 +1.0729e-001 -2.2514e+000
59609 +1.#INF00000e+000 +3.147444700e+002 +1.#INF00000e+000 -3.821355300e+002 -1.8335e+028 +1.5319e+028 -8.4432e+029 -2.4878e+029 -6.8589e+028 -1.6418e+029 +7.1745e+028 -1.7459e+029 +2.0037e+029 +1.0842e+031
% function evaluation | noise-free fitness - Fopt (-4.895300000000e+002) | best noise-free fitness - Fopt | measured fitness | best measured fitness | x1 | x2...
1 +3.387613190e+007 +3.387613190e+007 +3.387564237e+007 +3.387564237e+007 -5.2594e+000 +3.0980e+000 +2.9852e-001 -2.5993e+000 -2.8592e+000 +6.3746e-001 -5.8418e-001 -7.6671e+000 -5.5560e+000 -5.6647e+000
3 +1.739842469e+007 +1.739842469e+007 +1.739793516e+007 +1.739793516e+007 -5.0234e+000 -1.5249e+000 +7.1586e-001 -2.3840e+000 -9.3431e+000 +3.8042e+000 +1.1476e-001 -6.2687e+000 +4.0838e+000 -4.6446e+000
4 +9.796974804e+006 +9.796974804e+006 +9.796485274e+006 +9.796485274e+006 -3.9633e+000 -3.3277e-001 +2.8846e+000 +2.2952e+000 -4.0789e+000 +1.5199e+000 +1.7836e+000 -4.1011e+000 +3.1635e-001 -4.3134e+000
5 +1.524049027e+006 +1.524049027e+006 +1.523559497e+006 +1.523559497e+006 +7.1200e-001 -4.6737e-001 +1.7210e+000 +7.5322e-002 -5.0905e+000 +3.1369e+000 -1.1654e+000 -4.8575e+000 -1.9684e+000 -7.7499e+000
10 +5.039457983e+005 +5.039457983e+005 +5.034562683e+005 +5.034562683e+005 -1.0855e+001 -1.6627e+000 +1.8474e+000 +3.4236e-001 -2.3801e+000 +6.3821e+000 -1.4659e+000 -5.8853e+000 +8.9940e-002 -1.5762e+001
46 +3.886636850e+003 +3.886636850e+003 +3.397106850e+003 +3.397106850e+003 -2.9977e+000 -4.9292e+000 +4.9134e-001 -1.0388e+001 -3.3605e+000 +5.9607e+000 -2.5938e+000 -4.2700e-002 +1.5849e-001 -3.0251e+000
60 +1.250872123e+003 +1.250872123e+003 +7.613421226e+002 +7.613421226e+002 -6.5210e+000 -2.8117e+000 -2.4700e+000 -2.1948e+000 +8.5317e-002 +8.4465e+000 -3.4424e+000 -6.5582e+000 -9.6102e-001 -1.3993e+001
85 +9.865687008e+002 +9.865687008e+002 +4.970387008e+002 +4.970387008e+002 +9.2537e-001 -1.9263e+000 +3.7947e+000 +6.0565e+000 -4.7883e+000 -4.6629e-001 -1.2752e+000 -3.2163e+000 -1.7696e+000 -8.2489e+000
901 +2.532047215e+002 +2.532047215e+002 -2.363252785e+002 -2.363252785e+002 -5.7317e+000 +5.2451e+000 -4.1831e+000 -2.1268e+000 -2.7528e+000 +7.6133e-001 -9.1977e-001 -5.2678e+000 +7.1126e+000 -8.2453e+000
62495 +1.#INF00000e+000 +2.532047215e+002 +1.#INF00000e+000 -2.363252785e+002 +2.8171e+029 -5.0297e+029 +2.3045e+031 -9.2539e+028 +1.5538e+029 +6.2643e+029 -5.9901e+029 -4.9795e+029 +2.6857e+029 +2.4335e+029
% function evaluation | noise-free fitness - Fopt (-4.004000000000e+001) | best noise-free fitness - Fopt | measured fitness | best measured fitness | x1 | x2...
1 +1.110795291e+007 +1.110795291e+007 +1.110791287e+007 +1.110791287e+007 +2.7792e+000 -1.3355e+000 +2.3575e+000 -2.3866e+000 -3.6638e+000 +1.9299e+000 -6.7901e+000 +2.0964e+000 -9.3518e-001 -8.0542e+000
2 +2.142150790e+006 +2.142150790e+006 +2.142110750e+006 +2.142110750e+006 -2.8540e+000 -2.7406e-001 +1.3694e+000 -4.4316e-001 +9.0730e-001 +2.3566e+000 -1.2667e+001 -1.6758e+000 +8.2404e-001 -9.0323e-001
4 +3.184841270e+004 +3.184841270e+004 +3.180837270e+004 +3.180837270e+004 -3.6825e+000 -7.7723e-001 +1.4497e+001 -5.4006e+000 +3.0726e+000 +7.9810e+000 -4.7207e+000 +9.1564e+000 +1.3857e+000 -1.2296e+001
24 +3.250230302e+003 +3.250230302e+003 +3.210190302e+003 +3.210190302e+003 +2.5557e+000 -1.0299e+000 +4.6544e+000 -5.8855e+000 -1.7401e+000 +1.6799e+000 +1.2312e+000 +8.4040e-001 +1.0768e+001 -3.1350e+000
143 +1.242164335e+003 +1.242164335e+003 +1.202124335e+003 +1.202124335e+003 -6.0232e-001 -1.4440e+000 +2.1677e+000 -4.4581e+000 -4.7951e+000 +2.5776e+000 -5.6662e+000 +2.3422e+000 +6.0292e+000 -2.7712e+000
189 +8.729669289e+002 +8.729669289e+002 +8.329269289e+002 +8.329269289e+002 -5.3359e+000 -2.6429e+000 -1.0443e+000 -1.4557e+000 -6.3717e+000 +3.1524e+000 -4.7910e+000 +9.0779e-002 +4.2910e+000 +1.3918e+001
235 +1.832931180e+002 +1.832931180e+002 +1.432531180e+002 +1.432531180e+002 -1.0223e+000 -6.8247e+000 +1.1612e+000 +2.5571e+000 -5.9564e-001 +5.5477e+000 -4.4261e+000 +2.5196e+000 +1.5810e+000 +2.3798e+000
58024 +1.#INF00000e+000 +1.832931180e+002 +1.#INF00000e+000 +1.432531180e+002 +2.3724e+028 -1.3171e+028 +3.2311e+029 -2.2262e+029 -1.4012e+031 +6.5727e+028 -3.7623e+029 -1.5601e+029 -5.2292e+028 -2.1059e+029
% function evaluation | noise-free fitness - Fopt (-1.038100000000e+002) | best noise-free fitness - Fopt | measured fitness | best measured fitness | x1 | x2...
1 +5.115138531e+005 +5.115138531e+005 +5.114100431e+005 +5.114100431e+005 -2.9748e+000 -1.1831e+000 +5.4288e+000 -8.7184e+000 -6.5554e-001 +3.4775e+000 +3.6228e+000 -7.8094e-001 +2.7049e+000 -4.4525e+000
26 +4.774122726e+005 +4.774122726e+005 +4.773084626e+005 +4.773084626e+005 -1.8662e+000 +3.1542e-001 +6.6609e+000 -2.0880e+000 -2.5607e+000 +2.9869e+000 +1.4915e+000 +5.4232e-001 +3.6393e+000 -1.3718e+000
46 +4.590752870e+005 +4.590752870e+005 +4.589714770e+005 +4.589714770e+005 +3.8610e-002 -1.8155e+000 +1.7576e+000 -3.7885e+000 -3.9654e+000 +4.1397e+000 +2.8417e-002 +1.6770e+000 -9.7498e-002 -2.4229e+000
51 +1.236938861e+005 +1.236938861e+005 +1.235900761e+005 +1.235900761e+005 -4.7924e-001 -1.4136e-001 +2.7542e+000 -1.9944e+000 -3.0005e+000 +5.7231e+000 -6.8901e-001 -8.8482e-001 +5.1793e+000 -4.6985e+000
61 +8.363078598e+004 +8.363078598e+004 +8.352697598e+004 +8.352697598e+004 +2.0119e-001 +2.4166e-001 +2.6404e+000 -3.4433e+000 -4.3760e+000 +4.2356e+000 -9.5859e+000 +1.4094e+000 +2.2531e+000 -1.8885e+000
62 +3.468484068e+004 +3.468484068e+004 +3.458103068e+004 +3.458103068e+004 +1.8626e+000 -2.4487e+000 +2.5912e+000 -3.7312e+000 -2.0790e+000 +4.2973e+000 -4.4703e+000 -4.7767e+000 +2.4577e+000 -5.6664e+000
88 +1.032382126e+004 +1.032382126e+004 +1.022001126e+004 +1.022001126e+004 -1.2425e+000 -4.0702e-001 +1.0381e+000 -4.8156e+000 -4.9352e+000 -3.0112e+000 -1.4275e+000 +1.9883e+000 +2.0141e+000 -1.7861e+000
116 +1.918653317e+002 +1.918653317e+002 +8.805533174e+001 +8.805533174e+001 -3.5952e-001 +1.3309e+000 +2.0514e+000 -2.3323e+000 -1.1669e+000 +8.2517e+000 -3.6456e+000 -2.0566e+000 +3.4900e+000 -1.9478e+000
60259 +1.#INF00000e+000 +1.918653317e+002 +1.#INF00000e+000 +8.805533174e+001 -1.8918e+029 -4.5747e+027 +9.8488e+029 -8.6803e+028 +2.7897e+029 -8.9056e+030 +8.0019e+028 +4.9010e+029 -2.4513e+028 +1.0905e+029
% function evaluation | noise-free fitness - Fopt (-2.380000000000e+001) | best noise-free fitness - Fopt | measured fitness | best measured fitness | x1 | x2...
1 +2.567327167e+007 +2.567327167e+007 +2.567324787e+007 +2.567324787e+007 -4.5789e-001 +4.7898e+000 -1.1324e+000 -9.8059e+000 -1.0044e+000 +1.2489e+000 -2.3086e-001 +5.7463e+000 +3.2329e+000 -1.8320e+000
13 +1.852594029e+007 +1.852594029e+007 +1.852591649e+007 +1.852591649e+007 -8.9193e+000 +9.6946e-001 -9.9780e-001 -1.8183e+000 -5.9219e+000 -3.6746e+000 -7.1463e+000 +1.6863e+000 +5.4863e+000 -4.8479e+000
21 +9.224117426e+005 +9.224117426e+005 +9.223879426e+005 +9.223879426e+005 -3.8617e+000 +5.1172e+000 -6.0295e+000 +6.8799e+000 +2.6206e-001 -4.0554e+000 -5.1951e+000 -1.2370e+001 +2.3853e+000 -4.8279e+000
32 +2.620519219e+004 +2.620519219e+004 +2.618139219e+004 +2.618139219e+004 +5.0417e+000 -7.7809e+000 +9.8941e+000 +2.4594e+000 -3.0672e+000 +4.9885e+000 -6.3412e+000 +3.6850e+000 -5.1950e-001 -1.1196e+000
69 +6.922164513e+002 +6.922164513e+002 +6.684164513e+002 +6.684164513e+002 -1.5976e+000 -4.1247e-001 -5.6473e-001 -3.1941e+000 -2.1859e+000 -2.5621e+000 -2.7956e+000 -3.3355e+000 +5.6332e-002 -7.4990e+000
58374 +1.#INF00000e+000 +6.922164513e+002 +1.#INF00000e+000 +6.684164513e+002 -1.0031e+031 -3.6296e+029 +7.1767e+029 -3.6605e+028 -5.2854e+029 +7.8334e+029 +5.7387e+028 +2.7532e+029 +1.1849e+030 -4.1150e+029
% function evaluation | noise-free fitness - Fopt (7.459000000000e+001) | best noise-free fitness - Fopt | measured fitness | best measured fitness | x1 | x2...
1 +1.979475125e+007 +1.979475125e+007 +1.979482584e+007 +1.979482584e+007 +8.4231e+000 +1.0204e+001 -2.9302e-001 -1.0794e+000 +1.4726e+000 +1.7691e+000 -4.5029e+000 -1.9732e+000 -7.6373e-001 -3.0463e+000
4 +5.844703523e+004 +5.844703523e+004 +5.852162523e+004 +5.852162523e+004 -1.1976e+000 +7.8060e+000 -8.5883e-001 -2.8541e+000 +5.4572e-001 +4.1906e+000 -2.9987e+000 -4.1805e+000 +8.1596e+000 -3.6091e+000
70 +7.328567503e+003 +7.328567503e+003 +7.403157503e+003 +7.403157503e+003 +5.1886e+000 +4.6641e+000 +1.3517e+001 +5.9993e+000 -2.3932e+000 +9.0537e-001 +1.9972e+001 +4.9122e+000 -1.9295e+000 -1.5744e+000
285 +3.099859696e+003 +3.099859696e+003 +3.174449696e+003 +3.174449696e+003 +4.4739e+000 +5.0935e-001 +1.2055e+001 +3.3364e+000 +7.6071e+000 +1.7493e+001 +1.6105e+001 -1.8387e+000 +5.1915e+000 -5.3229e+000
471 +1.759143154e+003 +1.759143154e+003 +1.833733154e+003 +1.833733154e+003 -8.6607e+000 -7.0403e+000 +5.4869e+000 +4.6049e+000 +5.1010e+000 +2.1459e+001 -2.5432e+001 -1.1150e+001 +1.2693e+001 -1.8070e+000
646 +9.622154443e+002 +9.622154443e+002 +1.036805444e+003 +1.036805444e+003 +4.0378e+000 -4.3701e+000 +6.0873e+000 -1.8246e+000 +3.2231e+000 +6.5587e+000 -4.8928e+000 -1.3905e+001 +1.7421e+001 -9.2108e+000
66022 +1.#INF00000e+000 +9.622154443e+002 +1.#INF00000e+000 +1.036805444e+003 +4.0729e+029 -1.4200e+031 +2.2882e+028 -1.2965e+029 -6.7213e+028 -2.3527e+028 +3.6605e+028 -5.4250e+028 -8.5458e+028 -7.7716e+027
% function evaluation | noise-free fitness - Fopt (2.225900000000e+002) | best noise-free fitness - Fopt | measured fitness | best measured fitness | x1 | x2...
1 +1.051077541e+008 +1.051077541e+008 +1.051079767e+008 +1.051079767e+008 -9.0227e+000 -1.4042e+001 +1.4492e+001 -8.0432e-001 -3.0050e+000 -1.1464e+000 +7.1403e+000 -7.6009e-001 +7.1645e+000 +8.4685e-001
3 +6.258950734e+007 +6.258950734e+007 +6.258972993e+007 +6.258972993e+007 -7.7120e+000 +2.2943e+000 +5.8247e+000 -4.5525e+000 +1.5991e-001 +1.1409e+000 +2.9769e+000 +1.3128e+000 +3.6180e+000 -1.4305e+000
5 +1.222107123e+007 +1.222107123e+007 +1.222129382e+007 +1.222129382e+007 -3.7851e+000 -3.4618e+000 +3.2838e+000 -2.8979e+000 +1.2782e+000 -1.2376e+001 +9.7500e+000 +4.5059e+000 +1.8565e+000 -3.9516e-001
31 +9.128279466e+006 +9.128279466e+006 +9.128502056e+006 +9.128502056e+006 -9.0974e+000 +2.1722e+000 +4.4628e-001 -9.4046e-001 +4.3982e-001 -1.7110e+000 +1.9542e+000 +6.8182e-001 -7.5639e-001 -9.3112e+000
36 +5.385557410e+005 +5.385557410e+005 +5.387783310e+005 +5.387783310e+005 -3.2139e+000 -6.8088e-001 +1.5194e+000 -1.3295e+001 +2.5224e+000 +7.3896e-001 -2.1967e-001 +2.8054e-001 -1.2983e+000 -2.0049e+000
52 +1.819472067e+005 +1.819472067e+005 +1.821697967e+005 +1.821697967e+005 -2.3667e+000 +6.1999e+000 +6.6629e+000 -8.4578e+000 -4.4444e+000 -2.1481e+000 +1.1548e+000 +1.6375e+000 -2.8871e+000 -1.1373e+000
117 +1.625362235e+004 +1.625362235e+004 +1.647621235e+004 +1.647621235e+004 -6.6143e+000 +2.1330e+000 -1.3019e+001 -3.0784e+001 -1.3730e+001 -8.8003e+001 +4.4948e+000 +6.4098e-001 +6.6255e+000 +2.7538e+001
193 +5.290387606e+003 +5.290387606e+003 +5.512977606e+003 +5.512977606e+003 -4.9699e+000 -6.4053e+000 +1.0002e+001 -1.4665e+001 -3.7056e+000 -9.9826e+000 +5.7180e+000 +3.4114e-001 -1.0503e+000 +4.3054e-001
285 +1.492487410e+003 +1.492487410e+003 +1.715077410e+003 +1.715077410e+003 +4.7830e+000 -1.6782e+001 +1.3135e+001 -1.2182e+001 -5.5719e+000 +4.2101e+000 +2.9550e+000 -1.3308e+000 -5.3703e-001 +2.2960e+000
316 +6.112666707e+002 +6.112666707e+002 +8.338566707e+002 +8.338566707e+002 +1.0906e+000 +2.8322e+000 +9.0797e+000 -5.6399e+000 -1.0265e+001 -1.1278e+001 -2.9707e+000 -2.4714e+000 -3.0126e-001 -5.0270e+000
57216 +1.#INF00000e+000 +6.112666707e+002 +1.#INF00000e+000 +8.338566707e+002 +5.7904e+028 +1.1649e+031 +2.4369e+030 -8.5409e+028 +5.4125e+029 +5.6839e+029 +1.1914e+029 -1.6463e+029 +4.3335e+028 -1.0984e+029
% function evaluation | noise-free fitness - Fopt (-2.977700000000e+002) | best noise-free fitness - Fopt | measured fitness | best measured fitness | x1 | x2...
1 +3.727737058e+007 +3.727737058e+007 +3.727707281e+007 +3.727707281e+007 +6.9875e+000 -9.5200e+000 -2.5589e+000 -1.3761e+000 +3.7601e-001 -2.3812e+000 +3.6714e+000 +4.4932e+000 +3.4141e+000 -5.9543e+000
2 +2.183150507e+007 +2.183150507e+007 +2.183120730e+007 +2.183120730e+007 +2.3741e+000 -5.5098e+000 +3.2421e+000 -2.9805e+000 -3.4992e+000 -1.1070e+000 +3.0730e+000 +2.9251e+000 +3.9008e+000 -4.2392e+000
3 +4.953482484e+005 +4.953482484e+005 +4.950504784e+005 +4.950504784e+005 -2.3067e+000 -5.4929e+000 +2.0996e+000 +3.8877e+000 -8.6560e+000 -7.5317e-001 -9.8345e-001 +2.4221e+000 +1.6213e+000 -4.3745e+000
10 +4.576612375e+005 +4.576612375e+005 +4.573634675e+005 +4.573634675e+005 +4.9680e-001 -4.9247e+000 +1.9632e+000 +1.1186e+000 -5.9694e+000 +1.5103e+000 +1.2681e+001 +1.0375e+000 +6.4012e+000 -2.6572e+000
19 +3.380330408e+004 +3.380330408e+004 +3.350553408e+004 +3.350553408e+004 +1.2682e+001 -4.5644e+000 -3.3897e+000 +2.9114e+000 -4.4867e+000 -4.2354e+000 +3.0911e-001 +1.8151e+000 +2.8216e+000 +2.6726e-002
23 +2.267215985e+004 +2.267215985e+004 +2.237438985e+004 +2.237438985e+004 +4.6616e+000 -9.7744e+000 +5.0309e+000 +1.3369e+000 -4.0797e+000 +2.0676e+000 -1.3000e-002 -9.9235e+000 +2.4360e+000 -3.5236e+000
67 +4.161126971e+003 +4.161126971e+003 +3.863356971e+003 +3.863356971e+003 -1.5664e+001 -4.1276e+000 -4.6157e+000 +1.7969e+000 -5.5831e+000 -2.8575e+000 -3.8024e-001 +8.0903e-001 +6.7323e+000 -5.8296e+000
351 +1.878537413e+003 +1.878537413e+003 +1.580767413e+003 +1.580767413e+003 +4.7622e+000 +1.5802e+000 +5.0282e+000 -2.2988e+000 -7.3944e+000 -1.1547e+000 -7.9412e-001 -1.4613e+000 +1.0024e+001 -6.1338e-001
416 +1.295244493e+003 +1.295244493e+003 +9.974744933e+002 +9.974744933e+002 -1.5672e+000 -6.9201e+000 +4.3433e+000 +9.6589e+000 -7.6677e+000 -2.7514e+001 -1.0119e+001 +8.0946e-001 +3.1829e+000 +6.6452e-001
58989 +1.#INF00000e+000 +1.295244493e+003 +1.#INF00000e+000 +9.974744933e+002 +1.9004e+031 -9.3803e+028 +2.3151e+028 -2.5318e+029 +1.4201e+029 +4.1476e+028 +2.6336e+029 -6.5735e+029 +1.8261e+030 +3.0659e+029
