% function evaluation | noise-free fitness - Fopt (-4.620900000000e+002) | best noise-free fitness - Fopt | measured fitness | best measured fitness | x1 | x2...
1 +2.919413032e+003 +2.919413032e+003 +2.457323032e+003 +2.457323032e+003 +4.6188e+000 -4.5239e+000 +1.3457e+000 -2.1978e+000 -1.2871e+001
2 +5.112981780e+002 +5.112981780e+002 +4.920817800e+001 +4.920817800e+001 +8.7516e+000 +2.8794e-001 +3.4399e+000 -1.1155e+000 -3.3670e+000
6 +1.597691313e+002 +1.597691313e+002 -3.023208687e+002 -3.023208687e+002 +6.0041e-001 -1.1230e+000 +5.1999e-001 -2.7084e+000 +3.3211e+000
62 +1.301658714e+002 +1.301658714e+002 -3.319241286e+002 -3.319241286e+002 +3.6030e+000 -1.2672e+000 +3.8742e+000 -1.8348e+000 +2.0718e+000
78 +1.022102610e+002 +1.022102610e+002 -3.598797390e+002 -3.598797390e+002 -8.7918e-002 -1.0026e+000 +2.0208e+000 +8.3730e-001 +1.0902e+000
84 +9.457995291e+001 +9.457995291e+001 -3.675100471e+002 -3.675100471e+002 +2.2292e+000 -2.8181e-001 +2.9791e+000 +7.2671e-001 +1.3937e+000
106 +8.452100206e+001 +8.452100206e+001 -3.775689979e+002 -3.775689979e+002 +3.4791e-001 +1.4632e+000 +1.7714e+000 +2.1053e+000 +8.2883e-001
149 +7.742135165e+001 +7.742135165e+001 -3.846686484e+002 -3.846686484e+002 -4.0208e+000 +1.3356e+000 +1.0386e+000 +1.7739e+000 +1.1283e+000
176 +5.704830061e+001 +5.704830061e+001 -4.050416994e+002 -4.050416994e+002 +6.3471e-001 +1.4012e+000 +1.5413e+000 -3.7409e-001 +2.4696e+000
179 +5.604397477e+001 +5.604397477e+001 -4.060460252e+002 -4.060460252e+002 -5.5735e+000 +5.1819e-002 +2.2358e+000 +5.7550e-001 +2.8589e+000
207 +5.179008307e+001 +5.179008307e+001 -4.102999169e+002 -4.102999169e+002 +1.0438e+000 -4.5365e-002 +1.4855e+000 +2.3875e-001 +2.2426e+000
259 +4.493111433e+001 +4.493111433e+001 -4.171588857e+002 -4.171588857e+002 -4.1071e-001 +8.2188e-001 +1.7280e+000 +5.7133e-001 +3.0418e+000
284 +3.826203283e+001 +3.826203283e+001 -4.238279672e+002 -4.238279672e+002 -1.3396e+000 +9.8286e-001 -9.3546e-002 +1.7488e-001 +2.9219e+000
317 +3.367358251e+001 +3.367358251e+001 -4.284164175e+002 -4.284164175e+002 -2.7270e-001 +9.1813e-001 +2.3577e+000 +6.3295e-001 +3.0258e+000
323 +2.851292669e+001 +2.851292669e+001 -4.335770733e+002 -4.335770733e+002 -4.0835e+000 +1.4654e+000 +2.2809e+000 -4.9058e-001 +2.2457e+000
383 +2.348930093e+001 +2.348930093e+001 -4.386006991e+002 -4.386006991e+002 -2.1553e+000 +7.8520e-001 +2.2333e+000 -1.4711e-001 +2.6876e+000
415 +2.341408566e+001 +2.341408566e+001 -4.386759143e+002 -4.386759143e+002 -3.5242e+000 +1.4775e+000 +2.2468e+000 +2.3409e-001 +2.7160e+000
472 +1.702222841e+001 +1.702222841e+001 -4.450677716e+002 -4.450677716e+002 -2.4670e+000 +2.2572e+000 +1.5848e+000 +2.9688e-001 +2.2124e+000
702 +1.609129525e+001 +1.609129525e+001 -4.459987048e+002 -4.459987048e+002 -3.8937e-001 +3.0673e+000 +2.2552e+000 +3.4857e-001 +2.3757e+000
835 +1.376417021e+001 +1.376417021e+001 -4.483258298e+002 -4.483258298e+002 -2.3935e+000 +3.2035e+000 +1.7530e+000 +3.0553e-001 +2.6150e+000
849 +1.163163003e+001 +1.163163003e+001 -4.504583700e+002 -4.504583700e+002 -2.3476e+000 +3.0149e+000 +2.1725e+000 +3.3183e-001 +2.0449e+000
998 +1.089323775e+001 +1.089323775e+001 -4.511967623e+002 -4.511967623e+002 -2.2561e+000 +2.9790e+000 +2.2322e+000 +3.0567e-001 +2.7347e+000
1135 +8.722229765e+000 +8.722229765e+000 -4.533677702e+002 -4.533677702e+002 -2.3223e+000 +3.1380e+000 +1.7444e+000 +3.3198e-001 +2.2743e+000
1960 +8.105590832e+000 +8.105590832e+000 -4.539844092e+002 -4.539844092e+002 -2.3110e+000 +2.9350e+000 +1.5597e+000 +3.2044e-001 +2.6253e+000
2335 +7.069186108e+000 +7.069186108e+000 -4.550208139e+002 -4.550208139e+002 -2.3924e+000 +2.2648e+000 +2.7674e+000 +6.5526e-001 +2.3175e+000
3564 +4.703418859e+000 +4.703418859e+000 -4.573865811e+002 -4.573865811e+002 -2.2340e+000 +3.1241e+000 +2.2049e+000 +3.2933e-001 +2.3078e+000
3600 +3.666561594e+000 +3.666561594e+000 -4.584234384e+002 -4.584234384e+002 -2.2693e+000 +3.0992e+000 +2.2185e+000 +2.9478e-001 +2.2961e+000
4740 +3.335695404e+000 +3.335695404e+000 -4.587543046e+002 -4.587543046e+002 -2.3622e+000 +3.1171e+000 +2.1498e+000 +7.2358e-001 +2.2962e+000
4893 +3.304929609e+000 +3.304929609e+000 -4.587850704e+002 -4.587850704e+002 -2.4247e+000 +3.1500e+000 +2.2528e+000 +7.2645e-001 +2.3131e+000
5457 +1.687317055e+000 +1.687317055e+000 -4.604026829e+002 -4.604026829e+002 -2.3560e+000 +2.3652e+000 +2.2240e+000 +7.1150e-001 +2.2946e+000
5463 +1.251927454e+000 +1.251927454e+000 -4.608380725e+002 -4.608380725e+002 -2.3478e+000 +2.3070e+000 +1.5975e+000 +7.2076e-001 +2.2943e+000
6366 +1.191531522e+000 +1.191531522e+000 -4.608984685e+002 -4.608984685e+002 -2.3240e+000 +2.2838e+000 +2.2388e+000 +7.1061e-001 +2.3124e+000
6377 +4.151337140e-001 +4.151337140e-001 -4.616748663e+002 -4.616748663e+002 -2.3513e+000 +2.3061e+000 +2.2277e+000 +7.1379e-001 +2.3034e+000
6463 +3.209144080e-001 +3.209144080e-001 -4.617690856e+002 -4.617690856e+002 -2.3328e+000 +2.3181e+000 +2.2082e+000 +7.1511e-001 +2.2984e+000
6502 +1.327964249e-001 +1.327964249e-001 -4.619572036e+002 -4.619572036e+002 -2.3553e+000 +2.3003e+000 +2.2168e+000 +7.1937e-001 +2.3023e+000
6536 +9.461117406e-002 +9.461117406e-002 -4.619953888e+002 -4.619953888e+002 -2.3457e+000 +2.3007e+000 +2.2133e+000 +7.1872e-001 +2.2974e+000
6551 +8.849367984e-002 +8.849367984e-002 -4.620015063e+002 -4.620015063e+002 -2.3378e+000 +2.3014e+000 +2.2133e+000 +7.1912e-001 +2.3017e+000
6559 +7.987561734e-002 +7.987561734e-002 -4.620101244e+002 -4.620101244e+002 -2.3337e+000 +2.3033e+000 +2.2077e+000 +7.3189e-001 +2.3031e+000
6573 +1.407525255e-002 +1.407525255e-002 -4.620759247e+002 -4.620759247e+002 -2.3408e+000 +2.3024e+000 +2.2143e+000 +7.2765e-001 +2.3017e+000
6624 +3.730156434e-003 +3.730156434e-003 -4.620862698e+002 -4.620862698e+002 -2.3422e+000 +2.3007e+000 +2.2120e+000 +7.2803e-001 +2.3001e+000
6670 +1.594541929e-003 +1.594541929e-003 -4.620884055e+002 -4.620884055e+002 -2.3432e+000 +2.3003e+000 +2.2128e+000 +7.2804e-001 +2.2995e+000
6678 +1.214941627e-003 +1.214941627e-003 -4.620887851e+002 -4.620887851e+002 -2.3419e+000 +2.3009e+000 +2.2146e+000 +7.2790e-001 +2.2994e+000
6777 +1.183007018e-003 +1.183007018e-003 -4.620888170e+002 -4.620888170e+002 -2.3389e+000 +2.3005e+000 +2.2130e+000 +7.2794e-001 +2.2993e+000
6789 +8.327759890e-004 +8.327759890e-004 -4.620891672e+002 -4.620891672e+002 -2.3392e+000 +2.2997e+000 +2.2139e+000 +7.2852e-001 +2.2990e+000
6822 +6.143006004e-004 +6.143006004e-004 -4.620893857e+002 -4.620893857e+002 -2.3408e+000 +2.3002e+000 +2.2130e+000 +7.2859e-001 +2.2991e+000
6827 +5.751681912e-004 +5.751681912e-004 -4.620894248e+002 -4.620894248e+002 -2.3402e+000 +2.3002e+000 +2.2129e+000 +7.2822e-001 +2.2995e+000
6830 +3.642690674e-004 +3.642690674e-004 -4.620896357e+002 -4.620896357e+002 -2.3403e+000 +2.3009e+000 +2.2137e+000 +7.2789e-001 +2.2993e+000
6845 +1.224019505e-004 +1.224019505e-004 -4.620898776e+002 -4.620898776e+002 -2.3403e+000 +2.3002e+000 +2.2133e+000 +7.2793e-001 +2.2992e+000
6895 +9.718608749e-005 +9.718608749e-005 -4.620899028e+002 -4.620899028e+002 -2.3404e+000 +2.3002e+000 +2.2137e+000 +7.2781e-001 +2.2992e+000
6911 +3.525676033e-005 +3.525676033e-005 -4.620899647e+002 -4.620899647e+002 -2.3405e+000 +2.3000e+000 +2.2135e+000 +7.2802e-001 +2.2993e+000
6948 +1.037652919e-005 +1.037652919e-005 -4.620899896e+002 -4.620899896e+002 -2.3408e+000 +2.2999e+000 +2.2135e+000 +7.2807e-001 +2.2992e+000
7058 +4.179463474e-006 +4.179463474e-006 -4.620899958e+002 -4.620899958e+002 -2.3407e+000 +2.3000e+000 +2.2136e+000 +7.2804e-001 +2.2992e+000
7068 +3.547164340e-006 +3.547164340e-006 -4.620899965e+002 -4.620899965e+002 -2.3407e+000 +2.3000e+000 +2.2136e+000 +7.2803e-001 +2.2992e+000
7099 +4.564970482e-007 +4.564970482e-007 -4.620899995e+002 -4.620899995e+002 -2.3408e+000 +2.3000e+000 +2.2136e+000 +7.2801e-001 +2.2992e+000
7204 +3.544402034e-007 +3.544402034e-007 -4.620899996e+002 -4.620899996e+002 -2.3408e+000 +2.3000e+000 +2.2136e+000 +7.2801e-001 +2.2992e+000
7211 +1.697885068e-007 +1.697885068e-007 -4.620899998e+002 -4.620899998e+002 -2.3408e+000 +2.3000e+000 +2.2136e+000 +7.2800e-001 +2.2992e+000
7258 +1.527787958e-007 +1.527787958e-007 -4.620899998e+002 -4.620899998e+002 -2.3408e+000 +2.3000e+000 +2.2136e+000 +7.2799e-001 +2.2992e+000
7266 +5.016278237e-008 +5.016278237e-008 -4.620899999e+002 -4.620899999e+002 -2.3408e+000 +2.3000e+000 +2.2136e+000 +7.2800e-001 +2.2992e+000
7268 +3.165837370e-008 +3.165837370e-008 -4.620900000e+002 -4.620900000e+002 -2.3408e+000 +2.3000e+000 +2.2136e+000 +7.2800e-001 +2.2992e+000
7332 +1.769643632e-008 +1.769643632e-008 -4.620900000e+002 -4.620900000e+002 -2.3408e+000 +2.3000e+000 +2.2136e+000 +7.2800e-001 +2.2992e+000
7352 +1.979628905e-009 +1.979628905e-009 -4.620900000e+002 -4.620900000e+002 -2.3408e+000 +2.3000e+000 +2.2136e+000 +7.2800e-001 +2.2992e+000
8120 +0.000000000e+000 +0.000000000e+000 -4.620900000e+002 -4.620900000e+002 -2.3408e+000 +2.3000e+000 +2.2136e+000 +7.2800e-001 +2.2992e+000
% function evaluation | noise-free fitness - Fopt (7.766000000000e+001) | best noise-free fitness - Fopt | measured fitness | best measured fitness | x1 | x2...
1 +7.472824286e+002 +7.472824286e+002 +8.249424286e+002 +8.249424286e+002 -9.7359e-001 -3.4391e+000 +4.8755e+000 -4.7139e+000 -3.2141e+000
3 +3.210147685e+002 +3.210147685e+002 +3.986747685e+002 +3.986747685e+002 +1.7572e+000 -5.3454e+000 +2.2756e+000 -2.1077e+000 -9.6717e-001
14 +1.845673410e+002 +1.845673410e+002 +2.622273410e+002 +2.622273410e+002 +2.0735e+000 -4.8618e+000 +8.4695e-001 +5.0870e-001 -1.0899e+000
45 +1.537522365e+002 +1.537522365e+002 +2.314122365e+002 +2.314122365e+002 -5.9719e+000 -1.2797e+000 +3.2240e-001 +6.3094e-001 -2.7857e+000
72 +1.241185104e+002 +1.241185104e+002 +2.017785104e+002 +2.017785104e+002 +5.2435e+000 -2.9021e+000 +2.3755e+000 +4.0998e+000 -1.7584e+000
175 +1.051264633e+002 +1.051264633e+002 +1.827864633e+002 +1.827864633e+002 -1.4538e+000 -3.3251e+000 -3.6329e+000 +4.5926e+000 -1.4522e+000
189 +1.038911331e+002 +1.038911331e+002 +1.815511331e+002 +1.815511331e+002 -2.5109e+000 -2.2653e+000 -1.0962e-001 +8.9403e-001 -2.4548e+000
207 +9.490321738e+001 +9.490321738e+001 +1.725632174e+002 +1.725632174e+002 -1.5028e+000 -3.1862e+000 -1.7321e+000 +3.5760e-001 -3.2224e+000
222 +5.148765318e+001 +5.148765318e+001 +1.291476532e+002 +1.291476532e+002 -7.0307e-001 -1.6327e+000 -1.4861e+000 +2.7313e+000 -3.1952e+000
234 +3.991072174e+001 +3.991072174e+001 +1.175707217e+002 +1.175707217e+002 +1.8235e-001 -2.9253e+000 -1.2058e+000 +3.7159e+000 -2.7412e+000
479 +3.697691530e+001 +3.697691530e+001 +1.146369153e+002 +1.146369153e+002 -1.5373e+000 -1.5574e+000 -1.1888e+000 +3.4644e+000 -2.4456e+000
562 +3.314969113e+001 +3.314969113e+001 +1.108096911e+002 +1.108096911e+002 +1.5501e+000 -1.7016e+000 -1.3630e+000 +3.0435e+000 -2.5074e+000
588 +2.471688851e+001 +2.471688851e+001 +1.023768885e+002 +1.023768885e+002 +8.1489e-001 -8.9418e-001 -1.1874e+000 +2.9237e+000 -2.5082e+000
760 +1.778293452e+001 +1.778293452e+001 +9.544293452e+001 +9.544293452e+001 +2.4320e+000 +7.6451e-001 -1.1431e+000 +3.2961e+000 -2.5137e+000
1058 +1.361937985e+001 +1.361937985e+001 +9.127937985e+001 +9.127937985e+001 +3.3647e+000 -2.0551e-001 -1.9307e+000 +2.9404e+000 -3.1167e+000
1297 +1.099819977e+001 +1.099819977e+001 +8.865819977e+001 +8.865819977e+001 +1.2990e+000 -8.2920e-001 -1.9165e+000 +3.3408e+000 -2.7406e+000
1696 +1.002769616e+001 +1.002769616e+001 +8.768769616e+001 +8.768769616e+001 +2.3394e+000 -8.9563e-001 -1.9677e+000 +2.9604e+000 -2.0905e+000
1738 +6.554042470e+000 +6.554042470e+000 +8.421404247e+001 +8.421404247e+001 +2.3265e+000 -9.3715e-001 -1.2935e+000 +3.2846e+000 -2.4271e+000
2297 +3.224237176e+000 +3.224237176e+000 +8.088423718e+001 +8.088423718e+001 +2.4843e+000 -8.2296e-001 -1.2292e+000 +3.3405e+000 -2.4528e+000
2552 +2.621008351e+000 +2.621008351e+000 +8.028100835e+001 +8.028100835e+001 +1.3786e+000 -8.4298e-001 -1.2262e+000 +3.3248e+000 -2.4572e+000
2880 +2.237544387e+000 +2.237544387e+000 +7.989754439e+001 +7.989754439e+001 +1.4018e+000 -8.7403e-001 -1.2638e+000 +3.3150e+000 -2.1099e+000
2891 +1.597594891e+000 +1.597594891e+000 +7.925759489e+001 +7.925759489e+001 +1.3970e+000 -8.1912e-001 -1.2557e+000 +3.3145e+000 -2.4653e+000
% function evaluation | noise-free fitness - Fopt (1.156800000000e+002) | best noise-free fitness - Fopt | measured fitness | best measured fitness | x1 | x2...
1 +1.278923320e+002 +1.278923320e+002 +2.435723320e+002 +2.435723320e+002 -5.6326e+000 +7.9436e-001 +9.9493e-001 +3.8469e+000 -1.9137e+000
7 +8.403185291e+001 +8.403185291e+001 +1.997118529e+002 +1.997118529e+002 -3.7499e+000 -2.8924e-001 +2.2887e+000 +4.6265e+000 -3.0773e+000
42 +6.000102355e+001 +6.000102355e+001 +1.756810235e+002 +1.756810235e+002 +1.7536e+000 -9.4145e-001 +1.0701e+000 +1.0395e+000 -3.5781e+000
65 +4.285040398e+001 +4.285040398e+001 +1.585304040e+002 +1.585304040e+002 -4.0333e+000 -1.1044e+000 +2.3119e-001 +2.7444e+000 -2.0348e+000
77 +3.331069974e+001 +3.331069974e+001 +1.489906997e+002 +1.489906997e+002 -4.2963e+000 -9.5956e-001 -4.4684e-001 +2.5492e+000 -2.8062e+000
121 +2.543394432e+001 +2.543394432e+001 +1.411139443e+002 +1.411139443e+002 -2.1661e+000 -1.0116e+000 -2.2912e-001 +2.5211e+000 -2.8917e+000
267 +1.790867158e+001 +1.790867158e+001 +1.335886716e+002 +1.335886716e+002 -3.0554e+000 -9.8512e-001 -2.6734e-001 +2.1859e+000 -3.5534e+000
460 +1.344189385e+001 +1.344189385e+001 +1.291218938e+002 +1.291218938e+002 -1.1579e+000 -2.4013e-001 +1.2871e+000 +3.0140e+000 -3.2289e+000
1117 +1.223080236e+001 +1.223080236e+001 +1.279108024e+002 +1.279108024e+002 -4.0502e+000 -2.5323e-001 -2.6289e-001 +3.0685e+000 -3.5644e+000
1524 +1.037394090e+001 +1.037394090e+001 +1.260539409e+002 +1.260539409e+002 -3.1712e+000 -1.4213e-001 -3.7202e-001 +3.0275e+000 -3.5578e+000
1591 +9.721231935e+000 +9.721231935e+000 +1.254012319e+002 +1.254012319e+002 -4.1453e+000 -2.3382e-001 -2.7698e-001 +3.0710e+000 -3.5784e+000
1827 +9.316489933e+000 +9.316489933e+000 +1.249964899e+002 +1.249964899e+002 -4.0436e+000 -1.1423e-001 -3.2613e-001 +3.1072e+000 -3.8998e+000
1831 +7.443470545e+000 +7.443470545e+000 +1.231234705e+002 +1.231234705e+002 -4.0929e+000 -2.9564e-001 -3.2456e-001 +3.0946e+000 -3.6045e+000
1871 +7.373311148e+000 +7.373311148e+000 +1.230533111e+002 +1.230533111e+002 -4.0713e+000 -2.5010e-001 -3.5265e-001 +3.1053e+000 -3.6028e+000
2307 +5.835072897e+000 +5.835072897e+000 +1.215150729e+002 +1.215150729e+002 -4.1561e+000 -1.0059e+000 -3.5788e-001 +3.0961e+000 -3.6215e+000
4055 +5.325261330e+000 +5.325261330e+000 +1.210052613e+002 +1.210052613e+002 -2.1336e+000 -3.1804e-001 -2.9316e-001 +3.0645e+000 -3.6064e+000
4342 +3.138721784e+000 +3.138721784e+000 +1.188187218e+002 +1.188187218e+002 -2.1238e+000 -1.4477e-001 -3.4079e-001 +3.0704e+000 -3.6003e+000
5583 +3.084375309e+000 +3.084375309e+000 +1.187643753e+002 +1.187643753e+002 -2.1825e+000 -1.6301e-001 -3.3604e-001 +3.0892e+000 -3.2447e+000
5704 +3.015651640e+000 +3.015651640e+000 +1.186956516e+002 +1.186956516e+002 -2.1797e+000 -1.4735e-001 -3.4674e-001 +3.0900e+000 -3.2494e+000
% function evaluation | noise-free fitness - Fopt (-3.710000000000e+000) | best noise-free fitness - Fopt | measured fitness | best measured fitness | x1 | x2...
1 +1.852494461e+002 +1.852494461e+002 +1.815394461e+002 +1.815394461e+002 -6.3675e+000 -1.3180e+000 +3.0569e+000 +4.5225e+000 +3.9829e+000
3 +1.688653231e+002 +1.688653231e+002 +1.651553231e+002 +1.651553231e+002 -4.5787e+000 -2.5227e+000 +4.1346e+000 +1.5421e+000 +3.8472e+000
23 +1.379495362e+002 +1.379495362e+002 +1.342395362e+002 +1.342395362e+002 +1.2153e+001 -1.5001e+000 -6.9991e-002 +2.7143e+000 +3.0995e+000
26 +1.259502376e+002 +1.259502376e+002 +1.222402376e+002 +1.222402376e+002 -1.5426e+000 -7.5273e-001 +4.0124e+000 +1.5893e+000 +2.4942e+000
27 +1.173133258e+002 +1.173133258e+002 +1.136033258e+002 +1.136033258e+002 +1.9411e+000 -2.9689e+000 +5.0812e+000 +1.7874e+000 +4.6523e+000
30 +5.399664646e+001 +5.399664646e+001 +5.028664646e+001 +5.028664646e+001 +9.9226e-001 -1.5422e+000 +6.3759e-001 +4.0146e+000 +4.5353e+000
74 +3.779681631e+001 +3.779681631e+001 +3.408681631e+001 +3.408681631e+001 +1.5474e-001 -2.2673e+000 +2.3291e+000 +2.6719e+000 +3.9450e+000
207 +2.463371424e+001 +2.463371424e+001 +2.092371424e+001 +2.092371424e+001 +8.4606e-001 -7.2559e-001 +1.7233e+000 +3.8798e+000 +3.7734e+000
232 +2.276431150e+001 +2.276431150e+001 +1.905431150e+001 +1.905431150e+001 +3.1217e+000 -1.7924e+000 +1.7259e+000 +4.3336e+000 +3.5222e+000
313 +8.833223662e+000 +8.833223662e+000 +5.123223662e+000 +5.123223662e+000 +2.0678e+000 -2.2916e+000 +1.7598e+000 +4.3543e+000 +3.5761e+000
602 +6.772185922e+000 +6.772185922e+000 +3.062185922e+000 +3.062185922e+000 +2.1572e+000 -2.2069e+000 +1.7509e+000 +4.3830e+000 +2.8383e+000
1098 +6.403699570e+000 +6.403699570e+000 +2.693699570e+000 +2.693699570e+000 +3.1610e+000 -2.3449e+000 +1.7954e+000 +3.5559e+000 +3.5054e+000
1197 +4.419701294e+000 +4.419701294e+000 +7.097012937e-001 +7.097012937e-001 +3.0927e+000 -2.3188e+000 +1.7353e+000 +3.5193e+000 +3.4920e+000
1213 +3.206777707e+000 +3.206777707e+000 -5.032222929e-001 -5.032222929e-001 +3.1379e+000 -2.2826e+000 +1.7706e+000 +3.5133e+000 +3.5518e+000
1392 +2.990681607e+000 +2.990681607e+000 -7.193183927e-001 -7.193183927e-001 +3.0888e+000 -2.2542e+000 +1.7651e+000 +3.4962e+000 +3.5186e+000
1568 +2.174228868e+000 +2.174228868e+000 -1.535771132e+000 -1.535771132e+000 +3.1447e+000 -2.2924e+000 +1.7846e+000 +3.5055e+000 +3.5221e+000
% function evaluation | noise-free fitness - Fopt (1.321800000000e+002) | best noise-free fitness - Fopt | measured fitness | best measured fitness | x1 | x2...
1 +1.627979453e+003 +1.627979453e+003 +1.760159453e+003 +1.760159453e+003 +1.2771e+001 +1.5007e+001 +2.4165e+000 -1.5731e+000 -7.3540e+000
2 +2.955303281e+002 +2.955303281e+002 +4.277103281e+002 +4.277103281e+002 +3.1653e+000 -4.2876e+000 +3.1985e+000 +8.5645e-001 -4.8271e+000
5 +2.832348196e+002 +2.832348196e+002 +4.154148196e+002 +4.154148196e+002 +2.4642e+000 -1.9248e+000 +4.7251e+000 +1.1392e+000 -4.1424e+000
6 +1.989674012e+002 +1.989674012e+002 +3.311474012e+002 +3.311474012e+002 +3.6017e+000 +2.7806e+000 +2.4582e+000 -4.2754e+000 -5.0792e+000
17 +1.395000234e+002 +1.395000234e+002 +2.716800234e+002 +2.716800234e+002 +2.5321e+000 -1.2835e-001 +3.9339e+000 -3.5758e+000 -3.5536e+000
20 +1.351858115e+002 +1.351858115e+002 +2.673658115e+002 +2.673658115e+002 +6.1384e-001 -2.7126e+000 +3.8460e+000 -9.5289e-001 -1.9045e+000
40 +1.245124220e+002 +1.245124220e+002 +2.566924220e+002 +2.566924220e+002 +3.1468e+000 +2.3611e-001 +2.0783e+000 -3.9556e+000 -2.1664e+000
42 +1.197514897e+002 +1.197514897e+002 +2.519314897e+002 +2.519314897e+002 +2.2271e+000 +2.3699e-001 +9.7897e-002 -2.6301e+000 -3.4908e+000
69 +1.056443804e+002 +1.056443804e+002 +2.378243804e+002 +2.378243804e+002 +3.7362e+000 +1.4578e+000 +2.9363e+000 -3.4769e+000 -2.9049e+000
71 +1.024682710e+002 +1.024682710e+002 +2.346482710e+002 +2.346482710e+002 +3.2887e+000 +2.3653e+000 +3.4663e+000 -2.6147e+000 -2.5697e+000
74 +9.591748745e+001 +9.591748745e+001 +2.280974874e+002 +2.280974874e+002 +2.8717e+000 +6.5152e-001 +2.3231e+000 -4.1776e+000 -3.1459e+000
84 +9.535692237e+001 +9.535692237e+001 +2.275369224e+002 +2.275369224e+002 +3.0243e+000 +6.0126e-001 +1.4163e+000 -2.7861e+000 -2.1633e+000
122 +7.549774100e+001 +7.549774100e+001 +2.076777410e+002 +2.076777410e+002 +3.0000e+000 +6.9094e-001 +2.3164e+000 -3.0938e+000 -2.8139e+000
181 +6.718766382e+001 +6.718766382e+001 +1.993676638e+002 +1.993676638e+002 +1.5783e+000 +1.3961e+000 +2.4236e+000 -3.4907e+000 -2.1754e+000
190 +6.438071927e+001 +6.438071927e+001 +1.965607193e+002 +1.965607193e+002 +1.6173e+000 +1.4362e+000 +1.9508e+000 -2.4944e+000 -2.7849e+000
214 +4.240364986e+001 +4.240364986e+001 +1.745836499e+002 +1.745836499e+002 +1.3112e+000 +1.4934e+000 +2.3931e+000 -2.8551e+000 -3.1124e+000
376 +4.132900988e+001 +4.132900988e+001 +1.735090099e+002 +1.735090099e+002 -5.4734e-001 +2.3324e+000 +3.4476e+000 -2.8222e+000 -2.9724e+000
429 +3.953406296e+001 +3.953406296e+001 +1.717140630e+002 +1.717140630e+002 -1.7951e+000 +1.4655e+000 +3.7784e+000 -2.8536e+000 -2.8714e+000
446 +3.558776656e+001 +3.558776656e+001 +1.677677666e+002 +1.677677666e+002 -5.2413e-001 +1.7146e+000 +3.5149e+000 -2.8696e+000 -2.5224e+000
457 +2.925571334e+001 +2.925571334e+001 +1.614357133e+002 +1.614357133e+002 -3.0114e+000 +2.3349e+000 +3.0328e+000 -2.3078e+000 -2.8068e+000
464 +2.811024930e+001 +2.811024930e+001 +1.602902493e+002 +1.602902493e+002 -1.0683e+000 +2.3326e+000 +3.3920e+000 -2.3295e+000 -2.4359e+000
482 +2.064875466e+001 +2.064875466e+001 +1.528287547e+002 +1.528287547e+002 -3.5839e+000 +1.3397e+000 +2.9900e+000 -1.9469e+000 -2.1714e+000
558 +2.025591514e+001 +2.025591514e+001 +1.524359151e+002 +1.524359151e+002 -5.6841e+000 +1.5990e+000 +4.4958e+000 -2.4532e+000 -2.4689e+000
887 +1.665782738e+001 +1.665782738e+001 +1.488378274e+002 +1.488378274e+002 -4.8951e+000 +1.5098e+000 +3.3710e+000 -2.4231e+000 -2.4566e+000
1192 +8.039112575e+000 +8.039112575e+000 +1.402191126e+002 +1.402191126e+002 -2.7287e+000 +1.5226e+000 +3.4773e+000 -1.9483e+000 -2.4268e+000
1511 +4.485451074e+000 +4.485451074e+000 +1.366654511e+002 +1.366654511e+002 -2.7922e+000 +1.4066e+000 +3.4366e+000 -1.9590e+000 -2.1261e+000
2065 +3.018582704e+000 +3.018582704e+000 +1.351985827e+002 +1.351985827e+002 -3.7579e+000 +1.4573e+000 +3.4750e+000 -1.9511e+000 -2.4502e+000
2696 +1.585121331e+000 +1.585121331e+000 +1.337651213e+002 +1.337651213e+002 -4.7459e+000 +1.4541e+000 +3.4431e+000 -1.9653e+000 -2.4924e+000
3028 +5.423907509e-001 +5.423907509e-001 +1.327223908e+002 +1.327223908e+002 -3.7300e+000 +1.4651e+000 +3.4615e+000 -1.9568e+000 -2.4822e+000
% function evaluation | noise-free fitness - Fopt (6.438000000000e+001) | best noise-free fitness - Fopt | measured fitness | best measured fitness | x1 | x2...
1 +1.009017006e+004 +1.009017006e+004 +1.015455006e+004 +1.015455006e+004 +1.7513e+000 +4.7805e+000 -2.7771e+000 -1.4887e-001 +5.5962e+000
2 +8.094737797e+003 +8.094737797e+003 +8.159117797e+003 +8.159117797e+003 +6.3113e+000 +5.6948e+000 +3.7880e+000 +3.4170e+000 +3.8796e+000
3 +4.798895762e+003 +4.798895762e+003 +4.863275762e+003 +4.863275762e+003 +4.5034e-001 +6.6349e+000 +3.6998e+000 +2.8239e+000 +2.8646e+000
5 +4.189315789e+003 +4.189315789e+003 +4.253695789e+003 +4.253695789e+003 +2.4041e+000 +4.4797e+000 +4.4915e+000 +5.3260e+000 +1.2522e+000
11 +2.725366696e+003 +2.725366696e+003 +2.789746696e+003 +2.789746696e+003 +8.9042e+000 -6.0888e+000 -2.8263e+000 +1.9445e+000 +2.1712e+000
15 +2.566454379e+003 +2.566454379e+003 +2.630834379e+003 +2.630834379e+003 +1.2082e+000 +5.0664e+000 +5.0446e+000 +2.9315e+000 +9.2751e-001
17 +2.495469451e+002 +2.495469451e+002 +3.139269451e+002 +3.139269451e+002 -6.1031e+000 +3.5557e+000 +2.1430e+000 -3.6694e+000 -4.2330e+000
51 +2.011168090e+002 +2.011168090e+002 +2.654968090e+002 +2.654968090e+002 -2.4947e+000 +1.1564e+000 -6.3892e-002 -7.6334e+000 -2.9867e+000
69 +1.819444992e+002 +1.819444992e+002 +2.463244992e+002 +2.463244992e+002 -1.3310e+000 +6.8631e-001 -4.1893e+000 -4.7520e+000 -1.6227e+000
99 +1.614062843e+002 +1.614062843e+002 +2.257862843e+002 +2.257862843e+002 -3.0673e+000 +3.9197e+000 -6.7200e-001 -1.4879e+000 -5.2625e+000
107 +4.735670199e+001 +4.735670199e+001 +1.117367020e+002 +1.117367020e+002 +2.3399e+000 +3.3362e+000 -1.8051e+000 -5.1256e+000 -2.9736e+000
201 +2.967234943e+001 +2.967234943e+001 +9.405234943e+001 +9.405234943e+001 +2.7960e+000 +4.9213e+000 -2.1729e+000 -4.0677e+000 -3.0613e+000
219 +2.306248329e+001 +2.306248329e+001 +8.744248329e+001 +8.744248329e+001 +1.2870e+000 +3.3932e+000 -1.6796e+000 -3.6239e+000 -4.0205e+000
225 +2.030878109e+001 +2.030878109e+001 +8.468878109e+001 +8.468878109e+001 +1.8782e+000 +3.2408e+000 -2.2661e+000 -4.0633e+000 -3.6049e+000
583 +1.252776278e+001 +1.252776278e+001 +7.690776278e+001 +7.690776278e+001 +3.0100e+000 +4.0056e+000 -1.8014e+000 -3.9885e+000 -3.3665e+000
752 +1.209804572e+001 +1.209804572e+001 +7.647804572e+001 +7.647804572e+001 +2.0482e+000 +4.0006e+000 -2.3323e+000 -4.0778e+000 -2.9329e+000
869 +8.199816769e+000 +8.199816769e+000 +7.257981677e+001 +7.257981677e+001 +2.0759e+000 +4.1185e+000 -2.3234e+000 -4.1113e+000 -3.2828e+000
987 +7.333845308e+000 +7.333845308e+000 +7.171384531e+001 +7.171384531e+001 +2.0413e+000 +4.0043e+000 -2.9599e+000 -4.0496e+000 -3.2815e+000
1136 +6.374511269e+000 +6.374511269e+000 +7.075451127e+001 +7.075451127e+001 +2.0806e+000 +3.9126e+000 -2.9059e+000 -3.6301e+000 -3.3221e+000
1173 +5.846483838e+000 +5.846483838e+000 +7.022648384e+001 +7.022648384e+001 +2.0299e+000 +3.9795e+000 -2.9607e+000 -3.6597e+000 -3.3131e+000
1336 +5.736390504e+000 +5.736390504e+000 +7.011639050e+001 +7.011639050e+001 +2.0470e+000 +3.9926e+000 -2.8739e+000 -3.6637e+000 -3.3335e+000
1558 +5.097718338e+000 +5.097718338e+000 +6.947771834e+001 +6.947771834e+001 +2.0693e+000 +3.9905e+000 -2.9068e+000 -3.6485e+000 -3.3267e+000
1699 +4.581373950e+000 +4.581373950e+000 +6.896137395e+001 +6.896137395e+001 +2.0553e+000 +4.0385e+000 -2.9330e+000 -3.6493e+000 -3.3269e+000
2009 +4.312739039e+000 +4.312739039e+000 +6.869273904e+001 +6.869273904e+001 +2.0588e+000 +4.0687e+000 -2.9124e+000 -3.6365e+000 -3.3274e+000
2064 +4.141833898e+000 +4.141833898e+000 +6.852183390e+001 +6.852183390e+001 +2.0422e+000 +4.0838e+000 -2.9195e+000 -3.6556e+000 -3.3287e+000
2103 +4.039146242e+000 +4.039146242e+000 +6.841914624e+001 +6.841914624e+001 +2.0415e+000 +4.1032e+000 -2.9091e+000 -3.6454e+000 -3.3282e+000
2478 +3.980519025e+000 +3.980519025e+000 +6.836051902e+001 +6.836051902e+001 +2.0445e+000 +4.0948e+000 -2.9151e+000 -3.6456e+000 -3.3216e+000
% function evaluation | noise-free fitness - Fopt (2.824800000000e+002) | best noise-free fitness - Fopt | measured fitness | best measured fitness | x1 | x2...
1 +3.116334239e+003 +3.116334239e+003 +3.398814239e+003 +3.398814239e+003 +5.9806e+000 +6.2024e+000 +2.4878e+000 +4.8354e+000 +3.0107e+000
3 +2.519560904e+003 +2.519560904e+003 +2.802040904e+003 +2.802040904e+003 +1.0820e+001 +9.9473e-002 -1.7031e+001 +4.7883e+000 +1.9840e+000
4 +1.644068385e+003 +1.644068385e+003 +1.926548385e+003 +1.926548385e+003 +1.3867e+001 +4.2169e+000 +4.8259e+000 +1.6430e+000 +2.0083e+000
7 +8.859843648e+002 +8.859843648e+002 +1.168464365e+003 +1.168464365e+003 +5.1291e+000 +6.7500e+000 +2.5716e+000 +2.8725e+000 +7.5208e-001
8 +2.549422161e+002 +2.549422161e+002 +5.374222161e+002 +5.374222161e+002 +2.9103e+000 +1.9253e+000 +5.3900e+000 +1.5296e+000 -1.0756e+000
25 +2.323956673e+002 +2.323956673e+002 +5.148756673e+002 +5.148756673e+002 +5.3403e+000 +1.6718e+000 +2.7292e+000 +4.5670e+000 -2.3522e+000
74 +2.276268565e+002 +2.276268565e+002 +5.101068565e+002 +5.101068565e+002 +6.4457e+000 +2.9179e+000 +3.1429e+000 -8.9309e-002 -1.9350e+000
82 +7.607028887e+001 +7.607028887e+001 +3.585502889e+002 +3.585502889e+002 +4.9214e+000 -1.7845e+000 +2.5390e+000 +9.4142e-001 -2.1345e+000
140 +6.904090056e+001 +6.904090056e+001 +3.515209006e+002 +3.515209006e+002 +4.4002e+000 -8.6551e-001 +1.9911e+000 +1.4434e+000 -3.1365e+000
161 +6.416844268e+001 +6.416844268e+001 +3.466484427e+002 +3.466484427e+002 +1.1459e+000 -7.0545e-001 +2.5138e+000 +1.0695e+000 -4.4029e+000
166 +5.625837905e+001 +5.625837905e+001 +3.387383790e+002 +3.387383790e+002 +6.6863e-001 -2.6675e+000 +2.6967e+000 +2.1669e+000 -2.8289e+000
182 +4.472399062e+001 +4.472399062e+001 +3.272039906e+002 +3.272039906e+002 +2.4638e+000 -1.9231e+000 +2.4207e+000 +9.8314e-001 -4.0127e+000
228 +4.207954738e+001 +4.207954738e+001 +3.245595474e+002 +3.245595474e+002 +1.8979e+000 -2.5530e+000 +2.4407e+000 +9.6476e-001 -2.8729e+000
262 +4.028605454e+001 +4.028605454e+001 +3.227660545e+002 +3.227660545e+002 +2.5262e+000 -2.7395e+000 +2.0095e+000 +9.6081e-001 -2.8180e+000
298 +3.875397689e+001 +3.875397689e+001 +3.212339769e+002 +3.212339769e+002 -1.5731e+000 -4.1283e+000 +1.8119e+000 +2.0195e+000 -2.3388e+000
320 +3.571209131e+001 +3.571209131e+001 +3.181920913e+002 +3.181920913e+002 +3.7242e+000 -2.5593e+000 +2.2931e+000 +1.2363e+000 -2.8360e+000
384 +2.322560735e+001 +2.322560735e+001 +3.057056073e+002 +3.057056073e+002 +2.4431e+000 -2.6757e+000 +1.4029e+000 +1.1244e+000 -2.8989e+000
385 +1.140772438e+001 +1.140772438e+001 +2.938877244e+002 +2.938877244e+002 +1.6013e+000 -2.7691e+000 +1.2413e+000 +1.1099e+000 -2.8597e+000
1254 +1.116586441e+001 +1.116586441e+001 +2.936458644e+002 +2.936458644e+002 +5.2508e-001 -2.5517e+000 +1.7482e+000 +1.0506e+000 -2.9105e+000
1434 +4.752279471e+000 +4.752279471e+000 +2.872322795e+002 +2.872322795e+002 +1.5214e+000 -2.5695e+000 +1.8396e+000 +1.5660e+000 -2.8542e+000
1535 +3.222984506e+000 +3.222984506e+000 +2.857029845e+002 +2.857029845e+002 +1.5162e+000 -3.3868e+000 +1.8347e+000 +1.5488e+000 -2.8776e+000
2323 +2.703979882e+000 +2.703979882e+000 +2.851839799e+002 +2.851839799e+002 +5.0068e-001 -3.3492e+000 +1.7709e+000 +1.5455e+000 -2.8955e+000
2391 +2.603631008e+000 +2.603631008e+000 +2.850836310e+002 +2.850836310e+002 +5.4897e-001 -3.3530e+000 +1.7768e+000 +1.5394e+000 -2.8480e+000
% function evaluation | noise-free fitness - Fopt (4.826100000000e+002) | best noise-free fitness - Fopt | measured fitness | best measured fitness | x1 | x2...
1 +9.284669707e+001 +9.284669707e+001 +5.754566971e+002 +5.754566971e+002 +2.9474e+000 -2.9052e+000 -1.4887e+000 -4.0700e+000 -9.3918e-001
29 +8.951583612e+001 +8.951583612e+001 +5.721258361e+002 +5.721258361e+002 +2.9561e+000 -1.6137e+000 -2.4007e+000 -3.0968e+000 -1.9349e+000
38 +4.218556635e+001 +4.218556635e+001 +5.247955664e+002 +5.247955664e+002 +7.9340e-001 -6.8285e-002 -8.5786e-001 -2.7038e+000 -9.5918e-001
102 +3.792012876e+001 +3.792012876e+001 +5.205301288e+002 +5.205301288e+002 +3.8282e+000 +2.5666e+000 -8.3523e-001 -3.1043e+000 -2.7259e-001
127 +2.632028107e+001 +2.632028107e+001 +5.089302811e+002 +5.089302811e+002 +4.0243e+000 +3.1710e-001 -8.5643e-001 -3.0347e+000 -9.2843e-001
130 +2.194551396e+001 +2.194551396e+001 +5.045555140e+002 +5.045555140e+002 +2.7005e+000 +1.6624e+000 -8.7571e-001 -3.3915e+000 -8.7330e-001
268 +2.081858954e+001 +2.081858954e+001 +5.034285895e+002 +5.034285895e+002 +1.0231e+000 +3.3739e+000 -8.8803e-001 -3.1318e+000 -1.2427e+000
309 +9.345372938e+000 +9.345372938e+000 +4.919553729e+002 +4.919553729e+002 +8.2197e-001 +2.5820e+000 -2.0105e+000 -3.1406e+000 -9.3718e-001
727 +6.400201484e+000 +6.400201484e+000 +4.890102015e+002 +4.890102015e+002 +8.9429e-001 +2.5491e+000 -1.9903e+000 -2.5831e+000 -8.9719e-001
1105 +6.251316788e+000 +6.251316788e+000 +4.888613168e+002 +4.888613168e+002 +7.6775e-001 +3.3829e+000 -1.9611e+000 -2.6076e+000 -9.1430e-001
1134 +5.422011334e+000 +5.422011334e+000 +4.880320113e+002 +4.880320113e+002 +7.6555e-001 +3.3881e+000 -1.9797e+000 -2.6033e+000 -9.4027e-001
1176 +5.245264895e+000 +5.245264895e+000 +4.878552649e+002 +4.878552649e+002 +7.6557e-001 +3.3634e+000 -1.9745e+000 -2.5991e+000 -9.2498e-001
1202 +5.026610428e+000 +5.026610428e+000 +4.876366104e+002 +4.876366104e+002 +7.6130e-001 +3.3575e+000 -1.9668e+000 -2.5873e+000 -9.3615e-001
1215 +4.706251345e+000 +4.706251345e+000 +4.873162513e+002 +4.873162513e+002 +7.6705e-001 +3.4126e+000 -2.0245e+000 -2.5952e+000 -9.2813e-001
1229 +4.662721285e+000 +4.662721285e+000 +4.872727213e+002 +4.872727213e+002 +7.6556e-001 +3.3725e+000 -2.0462e+000 -2.5945e+000 -9.2126e-001
1240 +4.420684661e+000 +4.420684661e+000 +4.870306847e+002 +4.870306847e+002 +7.7442e-001 +3.3505e+000 -1.9929e+000 -2.5790e+000 -9.3711e-001
1255 +4.289122609e+000 +4.289122609e+000 +4.868991226e+002 +4.868991226e+002 +7.7014e-001 +3.3564e+000 -2.0216e+000 -2.5902e+000 -9.3001e-001
1278 +4.242118689e+000 +4.242118689e+000 +4.868521187e+002 +4.868521187e+002 +7.6520e-001 +3.3681e+000 -2.0071e+000 -2.5888e+000 -9.3398e-001
1281 +4.106670935e+000 +4.106670935e+000 +4.867166709e+002 +4.867166709e+002 +7.6831e-001 +3.3777e+000 -2.0155e+000 -2.5879e+000 -9.2930e-001
1343 +4.065070411e+000 +4.065070411e+000 +4.866750704e+002 +4.866750704e+002 +7.7277e-001 +3.3701e+000 -2.0097e+000 -2.5824e+000 -9.2387e-001
1601 +3.980486324e+000 +3.980486324e+000 +4.865904863e+002 +4.865904863e+002 +7.8393e-001 +3.3828e+000 -2.0192e+000 -2.5820e+000 -9.2839e-001
% function evaluation | noise-free fitness - Fopt (7.177000000000e+001) | best noise-free fitness - Fopt | measured fitness | best measured fitness | x1 | x2...
1 +4.979758553e+002 +4.979758553e+002 +5.697458553e+002 +5.697458553e+002 -4.3724e+000 +8.3103e+000 +6.1293e+000 -4.7664e+000 +4.7370e-001
2 +2.018448599e+002 +2.018448599e+002 +2.736148599e+002 +2.736148599e+002 -1.1331e+000 +5.0976e+000 +5.6667e+000 -1.5064e+000 +4.9075e-001
8 +1.389787872e+002 +1.389787872e+002 +2.107487872e+002 +2.107487872e+002 -6.4038e+000 +2.5706e+000 +4.6881e+000 +3.0473e+000 +6.2919e-001
25 +8.238319240e+001 +8.238319240e+001 +1.541531924e+002 +1.541531924e+002 +7.3646e-001 +3.3542e+000 +3.7402e+000 -9.3420e-001 +1.8257e+000
62 +6.205694404e+001 +6.205694404e+001 +1.338269440e+002 +1.338269440e+002 -2.2877e+000 +3.0606e+000 +3.3487e+000 +1.6379e+000 +7.6174e-001
88 +6.151875704e+001 +6.151875704e+001 +1.332887570e+002 +1.332887570e+002 -1.4604e-001 +3.9168e+000 +3.1707e+000 -1.1114e-001 -2.3717e-002
97 +5.909166029e+001 +5.909166029e+001 +1.308616603e+002 +1.308616603e+002 -1.6939e+000 +1.6264e+000 +1.4964e+000 -3.3782e-001 +4.2553e-001
103 +5.483420226e+001 +5.483420226e+001 +1.266042023e+002 +1.266042023e+002 -3.3807e+000 +3.0492e+000 +1.9243e+000 +2.1355e-002 +1.6082e+000
104 +5.081409098e+001 +5.081409098e+001 +1.225840910e+002 +1.225840910e+002 -1.2927e+000 +3.8472e+000 +2.5859e+000 -1.5791e-001 +1.7649e+000
132 +4.739094875e+001 +4.739094875e+001 +1.191609488e+002 +1.191609488e+002 -4.0961e+000 +2.4256e+000 +2.6569e+000 +4.0092e-001 +1.0456e+000
133 +3.909476836e+001 +3.909476836e+001 +1.108647684e+002 +1.108647684e+002 -2.2846e+000 +1.8951e+000 +2.5281e+000 +2.7588e-001 +8.7028e-001
183 +3.576911498e+001 +3.576911498e+001 +1.075391150e+002 +1.075391150e+002 -1.2169e+000 +2.5239e+000 +1.5141e+000 +7.2876e-001 +9.6817e-001
194 +3.153382219e+001 +3.153382219e+001 +1.033038222e+002 +1.033038222e+002 -2.1992e+000 +1.9034e+000 +1.8119e+000 +8.4025e-001 +2.1524e+000
204 +2.931870122e+001 +2.931870122e+001 +1.010887012e+002 +1.010887012e+002 -2.3076e+000 +2.6893e+000 +3.0806e-001 +8.6697e-001 +1.0472e+000
335 +2.657184912e+001 +2.657184912e+001 +9.834184912e+001 +9.834184912e+001 -2.2387e+000 +2.7404e+000 +1.3568e+000 +7.8626e-001 +1.2032e+000
384 +2.591776358e+001 +2.591776358e+001 +9.768776358e+001 +9.768776358e+001 -3.1437e+000 +2.0203e+000 +9.3927e-001 +3.4336e-001 +7.7167e-001
389 +2.141856962e+001 +2.141856962e+001 +9.318856962e+001 +9.318856962e+001 -2.2309e+000 +3.4472e+000 +8.7020e-001 +3.5661e-001 +1.3396e+000
411 +1.139767508e+001 +1.139767508e+001 +8.316767508e+001 +8.316767508e+001 -1.2092e+000 +3.3892e+000 +8.6293e-001 +4.0535e-001 +1.1123e+000
753 +7.434014729e+000 +7.434014729e+000 +7.920401473e+001 +7.920401473e+001 -3.1690e+000 +1.8352e+000 +1.4971e+000 +8.8457e-001 +1.7928e+000
930 +6.650020240e+000 +6.650020240e+000 +7.842002024e+001 +7.842002024e+001 -3.3333e+000 +1.7553e+000 +1.4743e+000 +7.5847e-001 +1.4188e+000
944 +2.675220897e+000 +2.675220897e+000 +7.444522090e+001 +7.444522090e+001 -3.1617e+000 +1.8257e+000 +1.4496e+000 +8.0808e-001 +1.7594e+000
2327 +2.199498758e+000 +2.199498758e+000 +7.396949876e+001 +7.396949876e+001 -3.2493e+000 +1.7615e+000 +8.1465e-001 +8.1091e-001 +1.4398e+000
2548 +1.922640981e+000 +1.922640981e+000 +7.369264098e+001 +7.369264098e+001 -3.2397e+000 +1.7891e+000 +8.2925e-001 +8.3852e-001 +1.4321e+000
2552 +1.895235810e+000 +1.895235810e+000 +7.366523581e+001 +7.366523581e+001 -3.2328e+000 +1.7956e+000 +8.0929e-001 +8.2785e-001 +1.4373e+000
2564 +1.680936132e+000 +1.680936132e+000 +7.345093613e+001 +7.345093613e+001 -3.2677e+000 +1.8042e+000 +8.2915e-001 +8.0346e-001 +1.4263e+000
2579 +1.623779919e+000 +1.623779919e+000 +7.339377992e+001 +7.339377992e+001 -3.2669e+000 +1.7996e+000 +8.3081e-001 +8.0337e-001 +1.4306e+000
2586 +1.458823865e+000 +1.458823865e+000 +7.322882386e+001 +7.322882386e+001 -3.2552e+000 +1.7940e+000 +8.3368e-001 +8.0922e-001 +1.4383e+000
2588 +1.310462362e+000 +1.310462362e+000 +7.308046236e+001 +7.308046236e+001 -3.2373e+000 +1.8039e+000 +8.2465e-001 +8.1554e-001 +1.4336e+000
2597 +1.073823592e+000 +1.073823592e+000 +7.284382359e+001 +7.284382359e+001 -3.2171e+000 +1.7924e+000 +8.5599e-001 +8.0982e-001 +1.4339e+000
2657 +1.043727858e+000 +1.043727858e+000 +7.281372786e+001 +7.281372786e+001 -3.2366e+000 +1.8026e+000 +8.5244e-001 +8.1440e-001 +1.4290e+000
2752 +1.020865028e+000 +1.020865028e+000 +7.279086503e+001 +7.279086503e+001 -3.2343e+000 +1.7934e+000 +8.5181e-001 +8.1215e-001 +1.4303e+000
2833 +9.994219941e-001 +9.994219941e-001 +7.276942199e+001 +7.276942199e+001 -3.2236e+000 +1.7949e+000 +8.4854e-001 +8.1352e-001 +1.4299e+000
% function evaluation | noise-free fitness - Fopt (8.448800000000e+002) | best noise-free fitness - Fopt | measured fitness | best measured fitness | x1 | x2...
1 +4.729064719e+002 +4.729064719e+002 +1.317786472e+003 +1.317786472e+003 +3.5580e+000 +2.1186e+000 -3.8913e+000 +4.0806e+000 +6.6678e+000
2 +7.830354783e+001 +7.830354783e+001 +9.231835478e+002 +9.231835478e+002 +3.8867e+000 +1.4143e+000 -4.1627e+000 -1.1425e-001 +1.2394e+000
11 +6.055604486e+001 +6.055604486e+001 +9.054360449e+002 +9.054360449e+002 +3.4846e+000 +1.7823e+000 -4.1958e+000 +1.4626e+000 +4.4975e+000
50 +2.836238154e+001 +2.836238154e+001 +8.732423815e+002 +8.732423815e+002 +2.2067e+000 -8.3996e-002 -3.4234e+000 +2.7078e-001 +3.9696e+000
84 +2.807691247e+001 +2.807691247e+001 +8.729569125e+002 +8.729569125e+002 +2.2475e+000 +2.0577e+000 -3.0316e+000 +1.9661e+000 +3.7803e+000
257 +1.763460432e+001 +1.763460432e+001 +8.625146043e+002 +8.625146043e+002 +3.1687e+000 +1.8682e+000 -3.0445e+000 +1.2112e+000 +4.0943e+000
317 +1.403088881e+001 +1.403088881e+001 +8.589108888e+002 +8.589108888e+002 +2.0290e+000 +1.2951e+000 -2.9977e+000 -1.0578e-001 +3.6967e+000
1005 +1.339215196e+001 +1.339215196e+001 +8.582721520e+002 +8.582721520e+002 +1.3226e+000 -3.1323e-001 -2.9739e+000 -1.2076e-001 +3.7131e+000
1169 +1.273312919e+001 +1.273312919e+001 +8.576131292e+002 +8.576131292e+002 +3.1819e+000 +4.2403e-001 -2.9690e+000 -1.0289e-001 +3.7874e+000
1350 +8.705085253e+000 +8.705085253e+000 +8.535850853e+002 +8.535850853e+002 +3.0961e+000 +4.5428e-001 -2.9962e+000 -1.7963e-001 +3.7333e+000
1437 +7.669418285e+000 +7.669418285e+000 +8.525494183e+002 +8.525494183e+002 +3.2777e+000 +5.1787e-001 -2.9911e+000 -1.4353e-001 +3.3731e+000
2038 +5.608513416e+000 +5.608513416e+000 +8.504885134e+002 +8.504885134e+002 +3.1551e+000 -2.1992e-001 -3.0263e+000 +2.9466e-001 +3.3866e+000
3451 +5.261038727e+000 +5.261038727e+000 +8.501410387e+002 +8.501410387e+002 +3.1621e+000 +4.3420e-001 -3.0523e+000 -9.9601e-002 +3.3845e+000
3563 +4.235335032e+000 +4.235335032e+000 +8.491153350e+002 +8.491153350e+002 +3.1939e+000 +4.5215e-001 -3.0033e+000 +2.9876e-001 +3.3802e+000
3594 +3.336979738e+000 +3.336979738e+000 +8.482169797e+002 +8.482169797e+002 +3.1445e+000 +5.3242e-001 -2.9986e+000 +2.9838e-001 +3.3701e+000
3657 +2.863299141e+000 +2.863299141e+000 +8.477432991e+002 +8.477432991e+002 +3.1609e+000 +5.4244e-001 -3.0035e+000 +2.8052e-001 +3.3689e+000
3661 +2.124732770e+000 +2.124732770e+000 +8.470047328e+002 +8.470047328e+002 +3.1369e+000 +5.3865e-001 -3.0133e+000 +2.8488e-001 +3.3623e+000
3680 +1.457421184e+000 +1.457421184e+000 +8.463374212e+002 +8.463374212e+002 +3.1600e+000 +5.0113e-001 -3.0260e+000 +2.8445e-001 +3.3777e+000
3771 +1.277709070e+000 +1.277709070e+000 +8.461577091e+002 +8.461577091e+002 +3.1683e+000 +5.1260e-001 -3.0237e+000 +2.7927e-001 +3.3634e+000
3788 +1.047505096e+000 +1.047505096e+000 +8.459275051e+002 +8.459275051e+002 +3.1546e+000 +5.0406e-001 -3.0330e+000 +2.7975e-001 +3.3687e+000
3881 +1.037567378e+000 +1.037567378e+000 +8.459175674e+002 +8.459175674e+002 +3.1539e+000 +5.1224e-001 -3.0364e+000 +2.8320e-001 +3.3645e+000
3931 +1.017157943e+000 +1.017157943e+000 +8.458971579e+002 +8.458971579e+002 +3.1464e+000 +5.0398e-001 -3.0356e+000 +2.7773e-001 +3.3648e+000
3989 +9.971299534e-001 +9.971299534e-001 +8.458771300e+002 +8.458771300e+002 +3.1530e+000 +5.0341e-001 -3.0355e+000 +2.8190e-001 +3.3643e+000
% function evaluation | noise-free fitness - Fopt (-4.222000000000e+001) | best noise-free fitness - Fopt | measured fitness | best measured fitness | x1 | x2...
1 +2.014918890e+002 +2.014918890e+002 +1.592718890e+002 +1.592718890e+002 +3.0294e-001 -1.3570e+000 +3.7438e+000 +3.0805e+000 -4.5736e+000
2 +1.316208678e+002 +1.316208678e+002 +8.940086776e+001 +8.940086776e+001 -2.7292e-002 -4.7728e+000 +3.4592e+000 +1.6620e+000 -4.7967e+000
24 +9.532796648e+001 +9.532796648e+001 +5.310796648e+001 +5.310796648e+001 -1.0174e+000 -7.0196e+000 +4.1309e+000 +6.5586e-001 -3.1138e+000
41 +9.097270631e+001 +9.097270631e+001 +4.875270631e+001 +4.875270631e+001 -1.0218e+000 -6.4231e+000 +1.7756e+000 -3.0680e-001 -3.0100e+000
55 +6.559478967e+001 +6.559478967e+001 +2.337478967e+001 +2.337478967e+001 +3.0896e+000 -4.8583e+000 +2.7393e+000 +1.8866e+000 -2.5031e+000
59 +6.164190503e+001 +6.164190503e+001 +1.942190503e+001 +1.942190503e+001 +1.7604e+000 -5.8419e+000 +1.2939e+000 +1.9158e-001 -3.3946e+000
63 +3.948448405e+001 +3.948448405e+001 -2.735515950e+000 -2.735515950e+000 +1.1480e+000 -3.1848e+000 +2.7220e+000 +6.2933e-002 -2.1226e+000
90 +3.399504774e+001 +3.399504774e+001 -8.224952257e+000 -8.224952257e+000 +4.6535e+000 -6.1968e+000 +2.0944e+000 -7.0539e-001 -2.2339e+000
137 +3.387740721e+001 +3.387740721e+001 -8.342592792e+000 -8.342592792e+000 +1.5662e+000 -4.1746e+000 +2.6475e+000 +1.6601e-001 -2.4000e+000
163 +3.162840753e+001 +3.162840753e+001 -1.059159247e+001 -1.059159247e+001 +2.0240e+000 -2.5249e+000 +1.9700e+000 +1.0756e+000 -2.4772e+000
169 +1.489340696e+001 +1.489340696e+001 -2.732659304e+001 -2.732659304e+001 +1.4686e+000 -4.6912e+000 +2.6624e+000 +1.6251e-001 -2.5045e+000
433 +1.462310822e+001 +1.462310822e+001 -2.759689178e+001 -2.759689178e+001 +6.1639e-001 -3.9268e+000 +2.5684e+000 +3.5300e-002 -2.5132e+000
1013 +7.655038663e+000 +7.655038663e+000 -3.456496134e+001 -3.456496134e+001 -4.5103e-001 -3.9393e+000 +1.3480e+000 +1.3210e-001 -2.1893e+000
1604 +6.888793025e+000 +6.888793025e+000 -3.533120697e+001 -3.533120697e+001 +6.7071e-001 -3.9396e+000 +1.9515e+000 +1.2631e-001 -2.1958e+000
1694 +6.279051391e+000 +6.279051391e+000 -3.594094861e+001 -3.594094861e+001 +6.2612e-001 -3.8732e+000 +1.9349e+000 +1.2966e-001 -2.1850e+000
1728 +4.897940142e+000 +4.897940142e+000 -3.732205986e+001 -3.732205986e+001 +2.5465e+000 -3.9110e+000 +1.9404e+000 +1.2643e-001 -2.1867e+000
1785 +3.596159754e+000 +3.596159754e+000 -3.862384025e+001 -3.862384025e+001 +2.5715e+000 -3.9183e+000 +1.9476e+000 +1.2763e-001 -2.1812e+000
1801 +2.571061481e+000 +2.571061481e+000 -3.964893852e+001 -3.964893852e+001 +1.6107e+000 -3.8864e+000 +1.9724e+000 +1.3373e-001 -2.1810e+000
1886 +2.322796214e+000 +2.322796214e+000 -3.989720379e+001 -3.989720379e+001 +1.5640e+000 -3.9278e+000 +1.9552e+000 +1.5434e-001 -2.1703e+000
1931 +1.857110062e+000 +1.857110062e+000 -4.036288994e+001 -4.036288994e+001 +1.5635e+000 -3.9484e+000 +1.9622e+000 +1.4835e-001 -2.1708e+000
2076 +1.758864419e+000 +1.758864419e+000 -4.046113558e+001 -4.046113558e+001 +1.5693e+000 -3.9418e+000 +1.9607e+000 +1.4260e-001 -2.1758e+000
2092 +1.310077144e+000 +1.310077144e+000 -4.090992286e+001 -4.090992286e+001 +1.5848e+000 -3.9373e+000 +1.9711e+000 +1.3210e-001 -2.1783e+000
2146 +9.130294359e-001 +9.130294359e-001 -4.130697056e+001 -4.130697056e+001 +1.5862e+000 -3.9271e+000 +1.9794e+000 +1.2896e-001 -2.1704e+000
2152 +5.907233384e-001 +5.907233384e-001 -4.162927666e+001 -4.162927666e+001 +1.5895e+000 -3.9191e+000 +1.9948e+000 +1.4336e-001 -2.1822e+000
2182 +5.521672423e-001 +5.521672423e-001 -4.166783276e+001 -4.166783276e+001 +1.5878e+000 -3.9349e+000 +1.9847e+000 +1.3686e-001 -2.1764e+000
2184 +1.617246869e-001 +1.617246869e-001 -4.205827531e+001 -4.205827531e+001 +1.5718e+000 -3.9337e+000 +1.9992e+000 +1.3836e-001 -2.1753e+000
2270 +9.725199461e-002 +9.725199461e-002 -4.212274801e+001 -4.212274801e+001 +1.5831e+000 -3.9388e+000 +2.0018e+000 +1.3863e-001 -2.1708e+000
2310 +4.982000159e-002 +4.982000159e-002 -4.217018000e+001 -4.217018000e+001 +1.5859e+000 -3.9389e+000 +2.0047e+000 +1.3534e-001 -2.1740e+000
2339 +2.449969747e-002 +2.449969747e-002 -4.219550030e+001 -4.219550030e+001 +1.5709e+000 -3.9383e+000 +2.0144e+000 +1.3399e-001 -2.1718e+000
2352 +1.944428332e-002 +1.944428332e-002 -4.220055572e+001 -4.220055572e+001 +1.5761e+000 -3.9360e+000 +2.0145e+000 +1.3389e-001 -2.1748e+000
2370 +7.374395735e-003 +7.374395735e-003 -4.221262560e+001 -4.221262560e+001 +1.5810e+000 -3.9441e+000 +2.0155e+000 +1.3599e-001 -2.1736e+000
2401 +6.408882986e-003 +6.408882986e-003 -4.221359112e+001 -4.221359112e+001 +1.5769e+000 -3.9392e+000 +2.0118e+000 +1.3430e-001 -2.1736e+000
2408 +4.320988617e-003 +4.320988617e-003 -4.221567901e+001 -4.221567901e+001 +1.5810e+000 -3.9406e+000 +2.0138e+000 +1.3523e-001 -2.1727e+000
2434 +1.231878850e-003 +1.231878850e-003 -4.221876812e+001 -4.221876812e+001 +1.5784e+000 -3.9398e+000 +2.0129e+000 +1.3625e-001 -2.1737e+000
2452 +7.486730494e-004 +7.486730494e-004 -4.221925133e+001 -4.221925133e+001 +1.5775e+000 -3.9412e+000 +2.0127e+000 +1.3530e-001 -2.1736e+000
2504 +5.752899902e-004 +5.752899902e-004 -4.221942471e+001 -4.221942471e+001 +1.5781e+000 -3.9415e+000 +2.0119e+000 +1.3574e-001 -2.1738e+000
2514 +4.886826158e-004 +4.886826158e-004 -4.221951132e+001 -4.221951132e+001 +1.5793e+000 -3.9420e+000 +2.0130e+000 +1.3562e-001 -2.1736e+000
2518 +4.166353860e-004 +4.166353860e-004 -4.221958336e+001 -4.221958336e+001 +1.5784e+000 -3.9413e+000 +2.0129e+000 +1.3548e-001 -2.1735e+000
2534 +1.885848645e-004 +1.885848645e-004 -4.221981142e+001 -4.221981142e+001 +1.5788e+000 -3.9411e+000 +2.0127e+000 +1.3590e-001 -2.1737e+000
2568 +1.788773166e-004 +1.788773166e-004 -4.221982112e+001 -4.221982112e+001 +1.5789e+000 -3.9414e+000 +2.0128e+000 +1.3569e-001 -2.1736e+000
2571 +1.411574289e-004 +1.411574289e-004 -4.221985884e+001 -4.221985884e+001 +1.5786e+000 -3.9416e+000 +2.0128e+000 +1.3570e-001 -2.1735e+000
2605 +5.732506835e-005 +5.732506835e-005 -4.221994267e+001 -4.221994267e+001 +1.5785e+000 -3.9417e+000 +2.0129e+000 +1.3582e-001 -2.1735e+000
2619 +1.719892054e-005 +1.719892054e-005 -4.221998280e+001 -4.221998280e+001 +1.5782e+000 -3.9416e+000 +2.0128e+000 +1.3592e-001 -2.1736e+000
2662 +1.689296908e-005 +1.689296908e-005 -4.221998311e+001 -4.221998311e+001 +1.5785e+000 -3.9417e+000 +2.0128e+000 +1.3608e-001 -2.1736e+000
2677 +1.167022923e-005 +1.167022923e-005 -4.221998833e+001 -4.221998833e+001 +1.5786e+000 -3.9416e+000 +2.0128e+000 +1.3598e-001 -2.1736e+000
2684 +1.005474733e-005 +1.005474733e-005 -4.221998995e+001 -4.221998995e+001 +1.5783e+000 -3.9417e+000 +2.0128e+000 +1.3598e-001 -2.1736e+000
2697 +4.076369407e-006 +4.076369407e-006 -4.221999592e+001 -4.221999592e+001 +1.5785e+000 -3.9417e+000 +2.0128e+000 +1.3597e-001 -2.1736e+000
2715 +1.057774924e-006 +1.057774924e-006 -4.221999894e+001 -4.221999894e+001 +1.5784e+000 -3.9416e+000 +2.0128e+000 +1.3601e-001 -2.1736e+000
2789 +5.852706693e-007 +5.852706693e-007 -4.221999941e+001 -4.221999941e+001 +1.5784e+000 -3.9416e+000 +2.0128e+000 +1.3600e-001 -2.1736e+000
2830 +4.911970137e-007 +4.911970137e-007 -4.221999951e+001 -4.221999951e+001 +1.5784e+000 -3.9416e+000 +2.0128e+000 +1.3600e-001 -2.1736e+000
2884 +4.096784281e-007 +4.096784281e-007 -4.221999959e+001 -4.221999959e+001 +1.5784e+000 -3.9416e+000 +2.0128e+000 +1.3600e-001 -2.1736e+000
2943 +3.987640582e-007 +3.987640582e-007 -4.221999960e+001 -4.221999960e+001 +1.5784e+000 -3.9416e+000 +2.0128e+000 +1.3600e-001 -2.1736e+000
2959 +3.107129203e-007 +3.107129203e-007 -4.221999969e+001 -4.221999969e+001 +1.5784e+000 -3.9416e+000 +2.0128e+000 +1.3599e-001 -2.1736e+000
2973 +3.064362488e-007 +3.064362488e-007 -4.221999969e+001 -4.221999969e+001 +1.5784e+000 -3.9416e+000 +2.0128e+000 +1.3601e-001 -2.1736e+000
2975 +8.583119637e-008 +8.583119637e-008 -4.221999991e+001 -4.221999991e+001 +1.5784e+000 -3.9416e+000 +2.0128e+000 +1.3599e-001 -2.1736e+000
2991 +3.509340019e-008 +3.509340019e-008 -4.221999996e+001 -4.221999996e+001 +1.5784e+000 -3.9416e+000 +2.0128e+000 +1.3600e-001 -2.1736e+000
3028 +5.508091760e-009 +5.508091760e-009 -4.221999999e+001 -4.221999999e+001 +1.5784e+000 -3.9416e+000 +2.0128e+000 +1.3600e-001 -2.1736e+000
4006 +0.000000000e+000 +0.000000000e+000 -4.222000000e+001 -4.222000000e+001 +1.5784e+000 -3.9416e+000 +2.0128e+000 +1.3600e-001 -2.1736e+000
% function evaluation | noise-free fitness - Fopt (-9.179000000000e+001) | best noise-free fitness - Fopt | measured fitness | best measured fitness | x1 | x2...
1 +6.174403970e+002 +6.174403970e+002 +5.256503970e+002 +5.256503970e+002 +3.7939e+000 -2.1996e-001 -3.8183e-001 -4.7040e+000 -3.3452e+000
2 +5.738353902e+002 +5.738353902e+002 +4.820453902e+002 +4.820453902e+002 +5.8908e+000 -3.1730e+000 +9.0196e-001 -2.1004e+000 -2.4669e+000
8 +3.741562623e+002 +3.741562623e+002 +2.823662623e+002 +2.823662623e+002 +8.6189e+000 -1.4235e+000 +8.9391e-001 -5.8746e+000 +5.2118e+000
12 +2.410044419e+002 +2.410044419e+002 +1.492144419e+002 +1.492144419e+002 -7.5405e-001 -1.0854e+000 -3.4223e-001 -4.6907e+000 +8.4704e-001
32 +1.609151115e+002 +1.609151115e+002 +6.912511147e+001 +6.912511147e+001 -6.7570e+000 -1.1849e-001 -7.4819e-001 -2.5827e+000 +2.3578e+000
53 +1.561288158e+002 +1.561288158e+002 +6.433881578e+001 +6.433881578e+001 +5.1642e+000 -2.0215e+000 -1.2136e+000 -3.2461e+000 +2.0621e+000
71 +1.077818668e+002 +1.077818668e+002 +1.599186681e+001 +1.599186681e+001 -3.9201e+000 +6.5521e-001 -4.4696e-001 -2.3458e+000 +3.4431e+000
78 +9.612250338e+001 +9.612250338e+001 +4.332503383e+000 +4.332503383e+000 +2.7129e+000 +1.2260e+000 -1.7172e+000 -1.8277e+000 +5.7769e+000
104 +7.713209920e+001 +7.713209920e+001 -1.465790080e+001 -1.465790080e+001 -1.1949e+000 +1.7558e+000 -4.2944e+000 -1.9060e+000 +2.7665e+000
107 +7.506850211e+001 +7.506850211e+001 -1.672149789e+001 -1.672149789e+001 -1.1222e+000 -2.3226e+000 -1.4306e+000 -1.9101e+000 +2.7860e+000
112 +7.229800517e+001 +7.229800517e+001 -1.949199483e+001 -1.949199483e+001 -1.6650e+000 +2.0606e+000 -1.1829e+000 -1.4342e+000 +4.2425e+000
128 +5.005738287e+001 +5.005738287e+001 -4.173261713e+001 -4.173261713e+001 -3.0453e-001 +7.9382e-001 -1.7604e+000 -1.5038e+000 +3.2304e+000
129 +4.335271943e+001 +4.335271943e+001 -4.843728057e+001 -4.843728057e+001 +1.4565e+000 -1.6542e-001 -1.7167e+000 -1.5779e+000 +4.3407e+000
210 +3.994561221e+001 +3.994561221e+001 -5.184438779e+001 -5.184438779e+001 +5.8518e-001 +9.2934e-001 -2.3603e+000 -2.0319e+000 +3.9734e+000
216 +3.211604254e+001 +3.211604254e+001 -5.967395746e+001 -5.967395746e+001 -2.1657e+000 +6.3763e-001 -2.7045e+000 -1.9840e+000 +3.7006e+000
235 +2.536405468e+001 +2.536405468e+001 -6.642594532e+001 -6.642594532e+001 -2.3347e+000 +1.4469e+000 -3.4834e+000 -2.0103e+000 +4.6071e+000
243 +2.136201859e+001 +2.136201859e+001 -7.042798141e+001 -7.042798141e+001 -2.1631e+000 -2.0050e-001 -3.4505e+000 -2.0616e+000 +3.9279e+000
583 +1.891540285e+001 +1.891540285e+001 -7.287459715e+001 -7.287459715e+001 -3.4825e-001 +1.4395e+000 -3.4265e+000 -2.0349e+000 +4.3425e+000
681 +1.392973318e+001 +1.392973318e+001 -7.786026682e+001 -7.786026682e+001 +1.0035e+000 +1.3952e+000 -3.9956e+000 -2.0928e+000 +4.3757e+000
1466 +1.263710101e+001 +1.263710101e+001 -7.915289899e+001 -7.915289899e+001 +1.1507e-002 +2.0589e+000 -2.7706e+000 -2.0019e+000 +3.9770e+000
1469 +1.070011699e+001 +1.070011699e+001 -8.108988301e+001 -8.108988301e+001 -1.6972e-001 +2.6347e+000 -3.3736e+000 -2.0471e+000 +3.9553e+000
1642 +9.011673249e+000 +9.011673249e+000 -8.277832675e+001 -8.277832675e+001 -1.1758e-001 +1.3438e+000 -3.9883e+000 -2.4250e+000 +4.5418e+000
2475 +6.589540459e+000 +6.589540459e+000 -8.520045954e+001 -8.520045954e+001 -6.4485e-002 +2.1849e+000 -4.0656e+000 -1.5939e+000 +4.2992e+000
2569 +6.386884854e+000 +6.386884854e+000 -8.540311515e+001 -8.540311515e+001 -9.7632e-002 +2.2237e+000 -4.0732e+000 -2.0504e+000 +4.3126e+000
2641 +3.982290424e+000 +3.982290424e+000 -8.780770958e+001 -8.780770958e+001 -1.1297e-001 +2.1387e+000 -3.4723e+000 -2.0362e+000 +4.3160e+000
2657 +3.435109686e+000 +3.435109686e+000 -8.835489031e+001 -8.835489031e+001 -1.1567e-001 +2.1319e+000 -3.4348e+000 -2.0066e+000 +4.3116e+000
2757 +2.743840050e+000 +2.743840050e+000 -8.904615995e+001 -8.904615995e+001 -3.8623e-002 +2.1282e+000 -3.4558e+000 -2.0412e+000 +4.3204e+000
2799 +2.622959993e+000 +2.622959993e+000 -8.916704001e+001 -8.916704001e+001 -5.6710e-002 +2.1134e+000 -3.4448e+000 -2.0189e+000 +4.2999e+000
2890 +2.231961113e+000 +2.231961113e+000 -8.955803889e+001 -8.955803889e+001 -4.0029e-002 +2.1365e+000 -3.4188e+000 -2.0281e+000 +4.3159e+000
3004 +2.185434693e+000 +2.185434693e+000 -8.960456531e+001 -8.960456531e+001 -2.8570e-002 +2.1438e+000 -3.4312e+000 -2.0342e+000 +4.3132e+000
3027 +2.133783675e+000 +2.133783675e+000 -8.965621633e+001 -8.965621633e+001 -3.5223e-002 +2.1440e+000 -3.4252e+000 -2.0346e+000 +4.3112e+000
3055 +2.087311905e+000 +2.087311905e+000 -8.970268809e+001 -8.970268809e+001 -6.1514e-002 +2.1515e+000 -3.4355e+000 -2.0362e+000 +4.3054e+000
3058 +2.026889380e+000 +2.026889380e+000 -8.976311062e+001 -8.976311062e+001 -4.4240e-002 +2.1555e+000 -3.4335e+000 -2.0338e+000 +4.3131e+000
3256 +1.992932003e+000 +1.992932003e+000 -8.979706800e+001 -8.979706800e+001 -5.1458e-002 +2.1603e+000 -3.4331e+000 -2.0297e+000 +4.3103e+000
% function evaluation | noise-free fitness - Fopt (-1.277000000000e+001) | best noise-free fitness - Fopt | measured fitness | best measured fitness | x1 | x2...
1 +3.924376625e+002 +3.924376625e+002 +3.796676625e+002 +3.796676625e+002 -2.2595e+000 -9.2826e+000 +1.2393e+000 -1.4137e+000 -1.6945e+000
3 +2.602585344e+002 +2.602585344e+002 +2.474885344e+002 +2.474885344e+002 -3.8701e+000 -2.2126e+000 -2.5248e-001 -4.0852e+000 -3.1871e+000
14 +2.003189402e+002 +2.003189402e+002 +1.875489402e+002 +1.875489402e+002 -1.5302e+000 -5.6119e-001 +8.9360e-001 +7.1583e-001 -4.5092e+000
21 +1.645172009e+002 +1.645172009e+002 +1.517472009e+002 +1.517472009e+002 -2.6549e+000 +1.4283e+000 -5.9850e-001 +2.6913e+000 +8.9299e-002
26 +1.361645379e+002 +1.361645379e+002 +1.233945379e+002 +1.233945379e+002 -3.7078e+000 -9.8544e-001 +5.2312e-001 -1.3942e+000 -1.1675e+000
32 +9.937009447e+001 +9.937009447e+001 +8.660009447e+001 +8.660009447e+001 +7.5484e+000 -2.8013e+000 -7.7046e-001 +5.3667e-001 -1.6654e+000
41 +8.304361577e+001 +8.304361577e+001 +7.027361577e+001 +7.027361577e+001 -2.7912e+000 +1.4791e+000 -1.1144e+000 +7.9995e-001 -1.7656e+000
118 +4.864509915e+001 +4.864509915e+001 +3.587509915e+001 +3.587509915e+001 +1.6657e+000 -6.5528e-002 -1.1784e+000 +6.7653e-001 -1.8278e+000
152 +2.302961541e+001 +2.302961541e+001 +1.025961541e+001 +1.025961541e+001 +2.4670e+000 +6.7194e-001 -1.6699e+000 +2.0002e-001 -1.2144e+000
228 +2.281817549e+001 +2.281817549e+001 +1.004817549e+001 +1.004817549e+001 +2.6372e+000 +1.4584e+000 -1.5186e+000 +6.1238e-001 -2.6117e+000
256 +1.806568126e+001 +1.806568126e+001 +5.295681264e+000 +5.295681264e+000 +3.7701e+000 +3.5391e+000 -1.6269e+000 +6.2033e-001 -1.2370e+000
527 +1.021463402e+001 +1.021463402e+001 -2.555365983e+000 -2.555365983e+000 +3.7359e+000 +7.2118e-001 -2.0932e+000 -2.5236e-001 -1.3056e+000
673 +7.879257531e+000 +7.879257531e+000 -4.890742469e+000 -4.890742469e+000 +2.6957e+000 +2.3072e+000 -2.1715e+000 +1.5916e-001 -9.9433e-001
1154 +6.716389122e+000 +6.716389122e+000 -6.053610878e+000 -6.053610878e+000 +3.6810e+000 +1.5391e+000 -2.1593e+000 -2.3187e-001 -1.0192e+000
1228 +6.351154792e+000 +6.351154792e+000 -6.418845208e+000 -6.418845208e+000 +3.6536e+000 +1.4054e+000 -2.1963e+000 +1.7479e-001 -9.9123e-001
1480 +5.404145448e+000 +5.404145448e+000 -7.365854552e+000 -7.365854552e+000 +3.6023e+000 +1.4630e+000 -2.1940e+000 +1.8161e-001 -9.9585e-001
1575 +4.763016926e+000 +4.763016926e+000 -8.006983074e+000 -8.006983074e+000 +3.6417e+000 +1.4961e+000 -2.1585e+000 +1.8093e-001 -1.0104e+000
1728 +4.582563801e+000 +4.582563801e+000 -8.187436199e+000 -8.187436199e+000 +3.6715e+000 +1.4931e+000 -2.1843e+000 +1.9216e-001 -1.0008e+000
1771 +4.449036350e+000 +4.449036350e+000 -8.320963650e+000 -8.320963650e+000 +3.6893e+000 +1.4793e+000 -2.1929e+000 +1.7586e-001 -1.0196e+000
1807 +4.206789674e+000 +4.206789674e+000 -8.563210326e+000 -8.563210326e+000 +3.6713e+000 +1.4725e+000 -2.1805e+000 +1.8046e-001 -1.0086e+000
1858 +4.138176536e+000 +4.138176536e+000 -8.631823464e+000 -8.631823464e+000 +3.6699e+000 +1.4886e+000 -2.1805e+000 +1.9521e-001 -1.0184e+000
1887 +4.003210271e+000 +4.003210271e+000 -8.766789729e+000 -8.766789729e+000 +3.6646e+000 +1.4731e+000 -2.1769e+000 +1.8895e-001 -1.0240e+000
2141 +3.981010065e+000 +3.981010065e+000 -8.788989935e+000 -8.788989935e+000 +3.6644e+000 +1.4701e+000 -2.1781e+000 +1.8868e-001 -1.0207e+000
% function evaluation | noise-free fitness - Fopt (-1.000000000000e+003) | best noise-free fitness - Fopt | measured fitness | best measured fitness | x1 | x2...
1 +3.973511075e+002 +3.973511075e+002 -6.026488925e+002 -6.026488925e+002 -2.1121e+000 -2.6477e+000 +2.3964e+000 -1.0586e+000 +1.5532e+000
7 +1.510850713e+002 +1.510850713e+002 -8.489149287e+002 -8.489149287e+002 +2.8752e+000 -1.6658e+000 +4.9216e-001 +1.8672e+000 +3.7322e-001
35 +1.062785462e+002 +1.062785462e+002 -8.937214538e+002 -8.937214538e+002 +4.9154e+000 -8.6183e-001 -5.9288e-001 -1.4390e+000 -8.4046e-001
60 +9.783028095e+001 +9.783028095e+001 -9.021697191e+002 -9.021697191e+002 +1.6235e+000 -1.5295e+000 -7.0563e+000 -7.0224e-001 -1.3692e+000
67 +6.783339003e+001 +6.783339003e+001 -9.321666100e+002 -9.321666100e+002 +9.6750e-001 -2.3998e+000 -3.4597e+000 -4.9245e-003 -1.7408e+000
92 +6.422936181e+001 +6.422936181e+001 -9.357706382e+002 -9.357706382e+002 +3.1025e+000 -6.3430e-001 -2.4939e+000 +7.9922e-001 -1.3703e+000
107 +5.260408418e+001 +5.260408418e+001 -9.473959158e+002 -9.473959158e+002 +4.0759e+000 -1.3907e+000 -2.4665e+000 +1.2432e-001 -1.2956e+000
110 +4.649862246e+001 +4.649862246e+001 -9.535013775e+002 -9.535013775e+002 -1.1517e+000 +7.3510e-002 -2.6471e+000 +6.4752e-001 -1.5138e+000
117 +3.276759988e+001 +3.276759988e+001 -9.672324001e+002 -9.672324001e+002 +3.1272e+000 -2.8909e+000 -2.0866e+000 +1.6104e-001 -7.7231e-001
241 +2.346768729e+001 +2.346768729e+001 -9.765323127e+002 -9.765323127e+002 +3.0795e+000 -2.7810e+000 -2.6433e+000 +1.1974e-001 -1.0305e+000
532 +2.064860811e+001 +2.064860811e+001 -9.793513919e+002 -9.793513919e+002 +2.0459e+000 -2.7786e+000 -3.3034e+000 +1.5391e-001 -9.9263e-001
691 +1.477446977e+001 +1.477446977e+001 -9.852255302e+002 -9.852255302e+002 +9.7130e-001 -2.7445e+000 -3.0687e+000 -2.0081e-001 -1.0200e+000
879 +1.146339601e+001 +1.146339601e+001 -9.885366040e+002 -9.885366040e+002 -1.1664e+000 -2.8154e+000 -3.1172e+000 -2.0801e-001 -1.0489e+000
1053 +1.092505221e+001 +1.092505221e+001 -9.890749478e+002 -9.890749478e+002 -1.0601e+000 -2.0447e+000 -3.1414e+000 -3.0625e-001 -1.1078e+000
1120 +1.062412911e+001 +1.062412911e+001 -9.893758709e+002 -9.893758709e+002 -9.2149e-001 -4.0979e+000 -3.1886e+000 -2.6541e-001 -1.0559e+000
1337 +9.056930237e+000 +9.056930237e+000 -9.909430698e+002 -9.909430698e+002 -2.0209e+000 -2.0724e+000 -3.2454e+000 +6.0965e-001 -1.0375e+000
1497 +7.475329475e+000 +7.475329475e+000 -9.925246705e+002 -9.925246705e+002 -2.0118e+000 -2.1085e+000 -3.1925e+000 -2.6489e-001 -1.0188e+000
1563 +6.161170785e+000 +6.161170785e+000 -9.938388292e+002 -9.938388292e+002 -9.6839e-001 -2.9042e+000 -3.1265e+000 +1.8096e-001 -1.0446e+000
1578 +5.875073571e+000 +5.875073571e+000 -9.941249264e+002 -9.941249264e+002 -1.0829e+000 -2.7485e+000 -3.1335e+000 +1.9351e-001 -1.0624e+000
1619 +4.749701834e+000 +4.749701834e+000 -9.952502982e+002 -9.952502982e+002 -9.3512e-001 -2.8403e+000 -3.1148e+000 +1.8540e-001 -1.0483e+000
1700 +3.477279044e+000 +3.477279044e+000 -9.965227210e+002 -9.965227210e+002 -1.0674e+000 -2.7924e+000 -3.1338e+000 +1.6919e-001 -1.0483e+000
1935 +3.347790489e+000 +3.347790489e+000 -9.966522095e+002 -9.966522095e+002 -9.8946e-001 -2.8078e+000 -3.1178e+000 +1.7571e-001 -1.0775e+000
2204 +3.170611759e+000 +3.170611759e+000 -9.968293882e+002 -9.968293882e+002 -9.9722e-001 -1.9901e+000 -3.1776e+000 +1.5505e-001 -1.0647e+000
2210 +3.105130620e+000 +3.105130620e+000 -9.968948694e+002 -9.968948694e+002 -9.9231e-001 -1.9773e+000 -3.1685e+000 +1.6167e-001 -1.0680e+000
2234 +3.056778956e+000 +3.056778956e+000 -9.969432210e+002 -9.969432210e+002 -9.8911e-001 -1.9779e+000 -3.1670e+000 +1.5293e-001 -1.0526e+000
2283 +3.019730626e+000 +3.019730626e+000 -9.969802694e+002 -9.969802694e+002 -9.8598e-001 -1.9798e+000 -3.1665e+000 +1.5764e-001 -1.0548e+000
% function evaluation | noise-free fitness - Fopt (-1.000000000000e+003) | best noise-free fitness - Fopt | measured fitness | best measured fitness | x1 | x2...
1 +6.791500817e+002 +6.791500817e+002 -3.208499183e+002 -3.208499183e+002 -3.2205e+000 +3.8282e+000 -2.6089e+000 -4.9104e+000 -4.9360e+000
3 +4.078113777e+002 +4.078113777e+002 -5.921886223e+002 -5.921886223e+002 -4.4572e+000 -4.5291e+000 +1.9784e+000 -4.2641e+000 -7.9812e-001
5 +4.017180029e+002 +4.017180029e+002 -5.982819971e+002 -5.982819971e+002 -4.0298e+000 -4.4480e+000 -2.0154e+000 -3.7270e+000 +6.8943e-001
16 +2.994501817e+002 +2.994501817e+002 -7.005498183e+002 -7.005498183e+002 -4.6135e+000 -4.5267e+000 +3.3993e-001 -2.4616e+000 -1.8190e+000
56 +2.336865465e+002 +2.336865465e+002 -7.663134535e+002 -7.663134535e+002 -1.8371e+000 -8.6865e-001 -4.8283e-001 -2.3070e+000 -8.4754e-001
143 +2.047158817e+002 +2.047158817e+002 -7.952841183e+002 -7.952841183e+002 -5.8334e+000 -2.6166e+000 +2.6638e+000 -2.1129e-001 -2.3439e+000
183 +9.950123220e+001 +9.950123220e+001 -9.004987678e+002 -9.004987678e+002 -1.2468e+000 -1.4414e+000 +6.9235e-001 +6.0708e-001 -4.1849e-001
245 +8.680542466e+001 +8.680542466e+001 -9.131945753e+002 -9.131945753e+002 -2.0002e+000 +6.8015e-001 +1.6620e+000 +1.4422e-001 -2.1631e-001
260 +7.624965791e+001 +7.624965791e+001 -9.237503421e+002 -9.237503421e+002 -3.6129e+000 +1.1346e+000 +1.5388e+000 +2.8332e+000 +1.2141e-001
283 +6.488023075e+001 +6.488023075e+001 -9.351197692e+002 -9.351197692e+002 -9.5521e-001 -2.3462e-001 +3.1097e+000 +4.6575e+000 -6.4511e-002
284 +6.309319543e+001 +6.309319543e+001 -9.369068046e+002 -9.369068046e+002 -2.0840e+000 +1.5855e+000 +1.3132e+000 +9.5395e-001 -8.4168e-001
296 +6.080152459e+001 +6.080152459e+001 -9.391984754e+002 -9.391984754e+002 -1.9634e+000 +1.5939e+000 +8.0868e-001 +1.7446e+000 -1.7729e+000
302 +5.060728520e+001 +5.060728520e+001 -9.493927148e+002 -9.493927148e+002 -1.7212e+000 +5.3858e-001 +2.4840e+000 +3.9096e+000 -8.9568e-001
320 +4.520531793e+001 +4.520531793e+001 -9.547946821e+002 -9.547946821e+002 -2.1627e+000 +1.1626e+000 +1.8799e+000 +2.9772e+000 -1.1002e+000
337 +4.398928035e+001 +4.398928035e+001 -9.560107197e+002 -9.560107197e+002 -2.6664e+000 +1.6599e+000 +2.1004e+000 +3.4849e+000 -1.5259e+000
338 +2.546179007e+001 +2.546179007e+001 -9.745382099e+002 -9.745382099e+002 -1.9636e+000 +1.3277e+000 +8.0855e-001 +2.5735e+000 -1.0968e-001
467 +1.358275260e+001 +1.358275260e+001 -9.864172474e+002 -9.864172474e+002 -2.2866e+000 -2.0313e-001 +2.5673e+000 +3.1127e+000 -8.3980e-001
2069 +6.728688595e+000 +6.728688595e+000 -9.932713114e+002 -9.932713114e+002 -1.1647e+000 +1.4885e+000 +9.8352e-001 +3.0769e+000 -4.5635e-001
3319 +5.185269105e+000 +5.185269105e+000 -9.948147309e+002 -9.948147309e+002 -2.1746e+000 +2.2194e+000 +1.4774e+000 +3.5093e+000 -8.2352e-001
3622 +5.015227505e+000 +5.015227505e+000 -9.949847725e+002 -9.949847725e+002 -2.1594e+000 +2.1352e+000 +1.4740e+000 +3.4807e+000 -8.1317e-001
3690 +4.693399603e+000 +4.693399603e+000 -9.953066004e+002 -9.953066004e+002 -2.1592e+000 +2.1756e+000 +1.4799e+000 +3.4642e+000 -8.2858e-001
3708 +4.646599883e+000 +4.646599883e+000 -9.953534001e+002 -9.953534001e+002 -2.1986e+000 +2.1293e+000 +1.4912e+000 +3.4761e+000 -8.2347e-001
3716 +4.399950982e+000 +4.399950982e+000 -9.956000490e+002 -9.956000490e+002 -2.1979e+000 +2.1654e+000 +1.5023e+000 +3.4836e+000 -8.2470e-001
3719 +4.314366907e+000 +4.314366907e+000 -9.956856331e+002 -9.956856331e+002 -2.1750e+000 +2.1527e+000 +1.4932e+000 +3.4774e+000 -8.2789e-001
3854 +4.054681555e+000 +4.054681555e+000 -9.959453184e+002 -9.959453184e+002 -2.1670e+000 +2.2015e+000 +1.4966e+000 +3.4795e+000 -8.2739e-001
4196 +3.980243744e+000 +3.980243744e+000 -9.960197563e+002 -9.960197563e+002 -2.1676e+000 +2.2216e+000 +1.5013e+000 +3.4783e+000 -8.2424e-001
