% function evaluation | noise-free fitness - Fopt (-4.620900000000e+002) | best noise-free fitness - Fopt | measured fitness | best measured fitness | x1 | x2...
1 +3.509653993e+002 +3.509653993e+002 -1.111246007e+002 -1.111246007e+002 -3.8292e-001 -1.4936e+000 -2.8262e+000 -1.0514e+000 -1.6524e+000
7 +3.277386857e+002 +3.277386857e+002 -1.343513143e+002 -1.343513143e+002 +2.7803e+000 -1.3981e+000 -4.0158e+000 -3.3490e+000 +3.9159e-001
19 +2.941400822e+002 +2.941400822e+002 -1.679499178e+002 -1.679499178e+002 +8.4476e-001 -2.3313e-001 -2.5458e+000 +1.6275e-001 -1.3607e+000
36 +2.452955665e+002 +2.452955665e+002 -2.167944335e+002 -2.167944335e+002 -1.6453e+000 -7.2450e-001 -3.7372e+000 -6.0189e-001 -6.1309e-001
58 +2.346456119e+002 +2.346456119e+002 -2.274443881e+002 -2.274443881e+002 +1.5571e+000 -1.3512e-001 -3.2910e+000 -1.8429e+000 -2.8381e-001
60 +1.964888158e+002 +1.964888158e+002 -2.656011842e+002 -2.656011842e+002 +2.1805e-001 -1.8654e+000 -2.0436e+000 -2.8061e-001 +1.0035e+000
61 +1.551024352e+002 +1.551024352e+002 -3.069875648e+002 -3.069875648e+002 +2.2155e-001 -6.2172e-001 -1.0566e+000 -1.2292e+000 +4.9191e-002
79 +1.369813602e+002 +1.369813602e+002 -3.251086398e+002 -3.251086398e+002 -1.5088e+000 +6.4649e-001 +7.3931e-001 -1.2409e+000 +3.4664e-001
102 +1.061603429e+002 +1.061603429e+002 -3.559296571e+002 -3.559296571e+002 +1.2792e-002 -8.2074e-001 -1.0339e+000 -1.5903e-002 +1.9450e+000
109 +5.792849436e+001 +5.792849436e+001 -4.041615056e+002 -4.041615056e+002 +1.3375e+000 -8.0667e-002 -6.6342e-001 -4.8191e-001 +2.0607e+000
229 +4.363585514e+001 +4.363585514e+001 -4.184541449e+002 -4.184541449e+002 +1.4187e+000 +9.5494e-001 +2.0109e+000 +1.1184e+000 +1.3885e+000
250 +3.537738184e+001 +3.537738184e+001 -4.267126182e+002 -4.267126182e+002 +2.1115e-001 +1.4555e+000 +1.0133e+000 +2.4346e-001 +1.6066e+000
284 +1.887529224e+001 +1.887529224e+001 -4.432147078e+002 -4.432147078e+002 +5.1753e-001 +2.2057e+000 +1.7136e+000 +3.6967e-001 +1.9581e+000
598 +1.698117308e+001 +1.698117308e+001 -4.451088269e+002 -4.451088269e+002 +4.3315e-001 +2.2321e+000 +1.6196e+000 +8.1075e-001 +1.6159e+000
1161 +1.566271277e+001 +1.566271277e+001 -4.464272872e+002 -4.464272872e+002 +1.4028e+000 +1.5404e+000 +1.5297e+000 +7.9059e-001 +1.6062e+000
1202 +1.207352937e+001 +1.207352937e+001 -4.500164706e+002 -4.500164706e+002 +1.2631e+000 +2.9637e+000 +1.6549e+000 +1.1630e+000 +1.6038e+000
1741 +1.041140863e+001 +1.041140863e+001 -4.516785914e+002 -4.516785914e+002 +1.4070e+000 +2.3667e+000 +1.5987e+000 +7.6536e-001 +1.6255e+000
1833 +9.814244012e+000 +9.814244012e+000 -4.522757560e+002 -4.522757560e+002 +1.3200e+000 +2.3716e+000 +1.6065e+000 +7.4723e-001 +1.6488e+000
1987 +9.658677098e+000 +9.658677098e+000 -4.524313229e+002 -4.524313229e+002 +1.3474e+000 +3.0243e+000 +1.6719e+000 +3.2043e-001 +1.6281e+000
3420 +8.838330298e+000 +8.838330298e+000 -4.532516697e+002 -4.532516697e+002 +3.2619e-001 +2.3170e+000 +1.5807e+000 +7.3651e-001 +1.9620e+000
3427 +7.723690117e+000 +7.723690117e+000 -4.543663099e+002 -4.543663099e+002 +3.6228e-001 +3.1211e+000 +1.5810e+000 +7.4095e-001 +1.9951e+000
3605 +7.580246809e+000 +7.580246809e+000 -4.545097532e+002 -4.545097532e+002 +3.2765e-001 +3.1284e+000 +1.6081e+000 +7.1952e-001 +1.9812e+000
3629 +7.229810225e+000 +7.229810225e+000 -4.548601898e+002 -4.548601898e+002 +3.4404e-001 +3.1248e+000 +1.6152e+000 +7.2061e-001 +1.9931e+000
3923 +7.071368810e+000 +7.071368810e+000 -4.550186312e+002 -4.550186312e+002 +3.5314e-001 +3.1163e+000 +1.6166e+000 +7.2860e-001 +1.9882e+000
% function evaluation | noise-free fitness - Fopt (7.766000000000e+001) | best noise-free fitness - Fopt | measured fitness | best measured fitness | x1 | x2...
1 +2.790768078e+003 +2.790768078e+003 +2.868428078e+003 +2.868428078e+003 +4.0292e+000 -5.6128e+000 +2.4281e+000 -7.6193e+000 -4.8515e+000
2 +2.734205519e+003 +2.734205519e+003 +2.811865519e+003 +2.811865519e+003 +5.5571e+000 -4.6419e+000 +2.5645e+000 -4.7405e+000 -5.8157e+000
3 +1.857518993e+003 +1.857518993e+003 +1.935178993e+003 +1.935178993e+003 +4.5608e+000 -4.4061e+000 +2.6307e+000 -3.1821e+000 -4.5468e+000
4 +8.703790730e+002 +8.703790730e+002 +9.480390730e+002 +9.480390730e+002 +6.2563e-001 -2.8746e+000 -3.2253e+000 -5.6125e+000 -3.1370e+000
28 +8.317802582e+002 +8.317802582e+002 +9.094402582e+002 +9.094402582e+002 +3.1331e+000 -3.1545e+000 +1.2827e+000 -3.4302e+000 -5.1806e+000
42 +6.190745687e+002 +6.190745687e+002 +6.967345687e+002 +6.967345687e+002 +2.8598e+000 -5.5274e+000 -2.9913e-001 -3.0967e+000 -2.8606e+000
49 +4.061763754e+002 +4.061763754e+002 +4.838363754e+002 +4.838363754e+002 +2.0684e+000 +2.1663e+000 -8.2956e-001 -2.1359e+000 -1.5435e+000
103 +2.645029226e+002 +2.645029226e+002 +3.421629226e+002 +3.421629226e+002 +1.8311e+000 -1.2246e+000 +8.5481e-001 -5.2596e-001 -9.5245e-001
133 +2.096023095e+002 +2.096023095e+002 +2.872623095e+002 +2.872623095e+002 +1.8028e-001 -4.8173e-001 +1.0602e+000 +2.7253e-001 -6.0504e-001
188 +1.846021071e+002 +1.846021071e+002 +2.622621071e+002 +2.622621071e+002 +1.3090e+000 +1.5505e+000 -1.3443e-001 +2.6191e+000 -6.0020e-001
211 +1.379896773e+002 +1.379896773e+002 +2.156496773e+002 +2.156496773e+002 +4.2438e-002 +4.5510e-001 +1.5133e-001 +1.1850e+000 -4.6749e-001
226 +1.005263683e+002 +1.005263683e+002 +1.781863683e+002 +1.781863683e+002 +1.2699e+000 +4.6335e-001 -2.3092e-001 -1.3717e-001 +1.7460e+000
236 +5.510759607e+001 +5.510759607e+001 +1.327675961e+002 +1.327675961e+002 +1.3818e+000 +4.9948e-002 +5.4687e-001 +6.6841e-001 +1.7642e+000
301 +4.676874491e+001 +4.676874491e+001 +1.244287449e+002 +1.244287449e+002 +1.5664e+000 +3.0352e-002 -9.4668e-001 +2.5168e+000 +2.4701e+000
333 +4.119071999e+001 +4.119071999e+001 +1.188507200e+002 +1.188507200e+002 +1.0929e+000 -7.9993e-001 -3.1051e-001 +3.2704e+000 +1.7356e+000
376 +2.898960615e+001 +2.898960615e+001 +1.066496061e+002 +1.066496061e+002 +1.3467e+000 +1.3487e-001 +2.3857e-001 +3.3277e+000 +1.7608e+000
619 +1.706377921e+001 +1.706377921e+001 +9.472377921e+001 +9.472377921e+001 +3.8909e-001 -7.7258e-001 +6.5220e-001 +3.4128e+000 +2.1448e+000
1477 +1.407645043e+001 +1.407645043e+001 +9.173645043e+001 +9.173645043e+001 +4.5251e-001 -2.1470e+000 +6.1583e-001 +3.3371e+000 +2.1589e+000
2001 +1.215563801e+001 +1.215563801e+001 +8.981563801e+001 +8.981563801e+001 +1.4372e+000 -1.6519e+000 +7.9559e-001 +3.3447e+000 +1.7631e+000
2558 +1.175551751e+001 +1.175551751e+001 +8.941551751e+001 +8.941551751e+001 +1.4359e+000 -8.7923e-001 +7.5415e-001 +3.3739e+000 +2.1909e+000
2608 +9.952586418e+000 +9.952586418e+000 +8.761258642e+001 +8.761258642e+001 +1.4233e+000 +6.2717e-003 +7.5397e-001 +3.3581e+000 +2.1227e+000
2801 +8.544604687e+000 +8.544604687e+000 +8.620460469e+001 +8.620460469e+001 +1.3750e+000 -7.6645e-001 +7.4382e-001 +2.9124e+000 +2.1472e+000
2886 +8.353880441e+000 +8.353880441e+000 +8.601388044e+001 +8.601388044e+001 +1.4022e+000 -8.5154e-001 +7.1614e-001 +2.9453e+000 +1.7742e+000
2991 +7.766855545e+000 +7.766855545e+000 +8.542685554e+001 +8.542685554e+001 +1.4187e+000 -8.1416e-001 +6.7541e-001 +2.9105e+000 +1.7833e+000
3088 +7.642642923e+000 +7.642642923e+000 +8.530264292e+001 +8.530264292e+001 +1.3953e+000 -8.1922e-001 +6.6419e-001 +2.9308e+000 +1.7757e+000
3100 +7.570367020e+000 +7.570367020e+000 +8.523036702e+001 +8.523036702e+001 +1.4113e+000 -8.1924e-001 +6.9915e-001 +2.9191e+000 +1.7795e+000
3123 +7.202968661e+000 +7.202968661e+000 +8.486296866e+001 +8.486296866e+001 +1.4025e+000 -8.3341e-001 +6.7259e-001 +2.9100e+000 +1.7779e+000
3151 +7.055258783e+000 +7.055258783e+000 +8.471525878e+001 +8.471525878e+001 +1.3949e+000 -8.5302e-001 +6.8715e-001 +2.9109e+000 +1.7755e+000
% function evaluation | noise-free fitness - Fopt (1.156800000000e+002) | best noise-free fitness - Fopt | measured fitness | best measured fitness | x1 | x2...
1 +2.402876362e+004 +2.402876362e+004 +2.414444362e+004 +2.414444362e+004 +1.4039e+001 +2.4618e+000 -6.5587e+000 -5.8586e+000 +4.2497e+000
2 +1.145940379e+003 +1.145940379e+003 +1.261620379e+003 +1.261620379e+003 +3.2282e+000 +4.7275e+000 -3.8124e+000 -5.2882e+000 +4.2422e+000
3 +5.235305045e+002 +5.235305045e+002 +6.392105045e+002 +6.392105045e+002 -5.7041e+000 +4.4880e+000 -6.3526e+000 +3.9012e+000 +3.4310e+000
6 +4.863314845e+002 +4.863314845e+002 +6.020114845e+002 +6.020114845e+002 +3.0751e+000 +3.6745e+000 -1.0334e+000 -2.7767e+000 -2.3156e-001
16 +3.624270388e+002 +3.624270388e+002 +4.781070388e+002 +4.781070388e+002 +1.4744e+000 +4.1763e+000 -1.6263e+000 -3.7292e+000 +2.7173e+000
19 +2.941385570e+002 +2.941385570e+002 +4.098185570e+002 +4.098185570e+002 +9.4441e-001 +6.8580e-001 -2.4535e+000 -3.4569e+000 +2.9251e+000
30 +9.896145517e+001 +9.896145517e+001 +2.146414552e+002 +2.146414552e+002 -4.4551e-001 +6.3058e-001 -5.4187e-001 +5.3956e-002 +3.6672e+000
92 +6.096568032e+001 +6.096568032e+001 +1.766456803e+002 +1.766456803e+002 -5.9496e-002 -9.6755e-001 -1.5320e+000 +3.5904e+000 +2.4146e+000
164 +4.241979531e+001 +4.241979531e+001 +1.580997953e+002 +1.580997953e+002 +5.7101e-002 +2.0001e+000 -2.0474e+000 +3.5526e+000 +3.6409e+000
285 +4.111323608e+001 +4.111323608e+001 +1.567932361e+002 +1.567932361e+002 +6.0838e-002 +5.5471e-001 -1.9238e+000 +2.2159e+000 +3.3383e+000
292 +3.374941975e+001 +3.374941975e+001 +1.494294198e+002 +1.494294198e+002 -2.4028e-001 -9.1223e-001 -8.0099e-001 +3.0804e+000 +2.8894e+000
512 +2.405512621e+001 +2.405512621e+001 +1.397351262e+002 +1.397351262e+002 +2.0201e-001 +6.7824e-001 -4.5710e-001 +3.0945e+000 +2.8526e+000
885 +2.392432883e+001 +2.392432883e+001 +1.396043288e+002 +1.396043288e+002 +1.2005e+000 -2.7255e-001 -2.1249e-001 +3.0340e+000 +3.3746e+000
970 +1.528012272e+001 +1.528012272e+001 +1.309601227e+002 +1.309601227e+002 +3.7837e-001 -9.2725e-001 -3.8252e-001 +2.6476e+000 +3.5577e+000
1075 +1.193189237e+001 +1.193189237e+001 +1.276118924e+002 +1.276118924e+002 +1.2535e+000 -1.9052e-001 -4.3546e-001 +3.0303e+000 +3.5804e+000
1305 +8.239022876e+000 +8.239022876e+000 +1.239190229e+002 +1.239190229e+002 +1.1378e+000 -1.0268e+000 -3.5884e-001 +3.1052e+000 +3.5580e+000
1382 +7.130292163e+000 +7.130292163e+000 +1.228102922e+002 +1.228102922e+002 +1.1926e+000 -1.6306e-001 -3.6938e-001 +3.1374e+000 +3.2961e+000
1565 +6.149025562e+000 +6.149025562e+000 +1.218290256e+002 +1.218290256e+002 +1.1505e+000 -3.0459e-001 -3.9171e-001 +3.0773e+000 +3.2839e+000
1591 +5.139421545e+000 +5.139421545e+000 +1.208194215e+002 +1.208194215e+002 +1.1883e+000 -2.3800e-001 -3.5474e-001 +3.0771e+000 +3.3101e+000
1666 +5.126958819e+000 +5.126958819e+000 +1.208069588e+002 +1.208069588e+002 +1.1836e+000 -1.7199e-001 -3.7731e-001 +3.0775e+000 +3.2776e+000
1704 +4.417613124e+000 +4.417613124e+000 +1.200976131e+002 +1.200976131e+002 +1.2016e+000 -1.5775e-001 -3.7210e-001 +3.0887e+000 +3.2876e+000
1721 +4.307058039e+000 +4.307058039e+000 +1.199870580e+002 +1.199870580e+002 +1.1876e+000 -1.7438e-001 -3.6365e-001 +3.1006e+000 +3.2890e+000
1728 +4.076803136e+000 +4.076803136e+000 +1.197568031e+002 +1.197568031e+002 +1.1745e+000 -1.6026e-001 -3.6040e-001 +3.0955e+000 +3.2954e+000
1843 +4.064876013e+000 +4.064876013e+000 +1.197448760e+002 +1.197448760e+002 +1.1786e+000 -1.6802e-001 -3.5924e-001 +3.0869e+000 +3.2904e+000
2219 +3.981060303e+000 +3.981060303e+000 +1.196610603e+002 +1.196610603e+002 +1.1819e+000 -1.6371e-001 -3.5003e-001 +3.0897e+000 +3.2949e+000
% function evaluation | noise-free fitness - Fopt (-3.710000000000e+000) | best noise-free fitness - Fopt | measured fitness | best measured fitness | x1 | x2...
1 +2.354977408e+004 +2.354977408e+004 +2.354606408e+004 +2.354606408e+004 +4.2946e+000 -3.4481e+000 -5.1564e-001 -7.3761e+000 +7.7664e+000
2 +2.679054074e+003 +2.679054074e+003 +2.675344074e+003 +2.675344074e+003 -2.0618e-002 -4.0092e+000 +2.9867e+000 -8.1881e+000 +1.6074e+000
5 +1.436889945e+002 +1.436889945e+002 +1.399789945e+002 +1.399789945e+002 +1.4422e+000 -4.7041e+000 +1.3642e+000 +8.6612e-001 +1.1368e+000
91 +1.352659114e+002 +1.352659114e+002 +1.315559114e+002 +1.315559114e+002 -6.9367e-001 -1.7372e+000 -9.0725e-001 +8.4944e-001 +2.3723e+000
106 +1.303447494e+002 +1.303447494e+002 +1.266347494e+002 +1.266347494e+002 +7.1153e-001 -2.3155e+000 -9.7403e-001 +4.0853e+000 +1.0189e+000
121 +1.229076147e+002 +1.229076147e+002 +1.191976147e+002 +1.191976147e+002 +2.7783e+000 -4.3660e+000 -1.2386e+000 +3.8639e+000 +1.5082e+000
132 +8.783431442e+001 +8.783431442e+001 +8.412431442e+001 +8.412431442e+001 +3.3085e+000 -4.8284e+000 -9.5211e-002 +2.6284e+000 +2.7997e+000
170 +8.537461621e+001 +8.537461621e+001 +8.166461621e+001 +8.166461621e+001 +2.4690e+000 -2.4564e+000 -1.5676e+000 +4.8097e+000 +3.1647e+000
188 +7.601906961e+001 +7.601906961e+001 +7.230906961e+001 +7.230906961e+001 +3.1581e-001 -2.7435e+000 -3.9080e-001 +4.4252e+000 +2.4245e+000
256 +5.229569501e+001 +5.229569501e+001 +4.858569501e+001 +4.858569501e+001 +2.1226e+000 -1.5465e+000 -1.1090e+000 +3.5585e+000 +2.2602e+000
288 +4.201139099e+001 +4.201139099e+001 +3.830139099e+001 +3.830139099e+001 +1.1649e+000 -2.4284e+000 -1.1489e+000 +3.9571e+000 +2.8203e+000
448 +3.362634446e+001 +3.362634446e+001 +2.991634446e+001 +2.991634446e+001 +1.2434e+000 -3.4659e+000 +1.7580e+000 +4.7575e+000 +2.8272e+000
477 +1.981975853e+001 +1.981975853e+001 +1.610975853e+001 +1.610975853e+001 +9.8637e-001 -2.2877e+000 +1.7775e+000 +4.0182e+000 +3.1277e+000
692 +1.768665609e+001 +1.768665609e+001 +1.397665609e+001 +1.397665609e+001 +1.0673e+000 -2.3627e+000 +1.0681e+000 +3.9809e+000 +3.1872e+000
1452 +1.658998938e+001 +1.658998938e+001 +1.287998938e+001 +1.287998938e+001 +2.2529e+000 -1.5922e+000 +1.7294e+000 +3.4475e+000 +3.1135e+000
1565 +1.506761615e+001 +1.506761615e+001 +1.135761615e+001 +1.135761615e+001 +1.3917e+000 -1.4231e+000 +1.7458e+000 +3.9625e+000 +3.1487e+000
2560 +1.410213649e+001 +1.410213649e+001 +1.039213649e+001 +1.039213649e+001 +2.2418e+000 -2.3756e+000 +1.1669e+000 +3.5527e+000 +2.8609e+000
2653 +1.270043788e+001 +1.270043788e+001 +8.990437881e+000 +8.990437881e+000 +1.1180e+000 -2.2593e+000 +1.1999e+000 +3.8608e+000 +2.4507e+000
2733 +1.255867678e+001 +1.255867678e+001 +8.848676781e+000 +8.848676781e+000 +1.1992e+000 -2.3837e+000 +1.1786e+000 +3.8882e+000 +2.4878e+000
2881 +1.144125238e+001 +1.144125238e+001 +7.731252378e+000 +7.731252378e+000 +1.1628e+000 -2.2992e+000 +1.1327e+000 +4.3338e+000 +2.4616e+000
3049 +1.080220356e+001 +1.080220356e+001 +7.092203562e+000 +7.092203562e+000 +1.1184e+000 -2.2688e+000 +1.1367e+000 +3.9005e+000 +2.4488e+000
3755 +1.064629039e+001 +1.064629039e+001 +6.936290391e+000 +6.936290391e+000 +1.1581e+000 -1.5526e+000 +1.2156e+000 +3.9049e+000 +2.4672e+000
3834 +1.045936758e+001 +1.045936758e+001 +6.749367584e+000 +6.749367584e+000 +1.1201e+000 -1.4878e+000 +1.2017e+000 +3.9164e+000 +2.4774e+000
3851 +1.001962057e+001 +1.001962057e+001 +6.309620566e+000 +6.309620566e+000 +1.1607e+000 -1.4750e+000 +1.1989e+000 +3.9152e+000 +2.4659e+000
3930 +9.997664568e+000 +9.997664568e+000 +6.287664568e+000 +6.287664568e+000 +1.1534e+000 -1.4631e+000 +1.1849e+000 +3.9099e+000 +2.4659e+000
% function evaluation | noise-free fitness - Fopt (1.321800000000e+002) | best noise-free fitness - Fopt | measured fitness | best measured fitness | x1 | x2...
1 +2.787527871e+003 +2.787527871e+003 +2.919707871e+003 +2.919707871e+003 +6.9208e+000 -6.7413e+000 -3.6161e+000 -4.4184e+000 -6.0617e+000
4 +9.306486324e+002 +9.306486324e+002 +1.062828632e+003 +1.062828632e+003 +5.2796e+000 -3.6621e+000 -3.1000e+000 -6.8286e+000 +6.5406e-001
12 +4.320654005e+002 +4.320654005e+002 +5.642454005e+002 +5.642454005e+002 +2.8036e+000 -4.5798e+000 -2.5475e+000 -2.9372e+000 -2.3750e+000
29 +4.067583430e+002 +4.067583430e+002 +5.389383430e+002 +5.389383430e+002 +3.7148e+000 -1.5717e+000 +1.3545e+000 -2.8943e+000 -3.6656e+000
50 +3.872743110e+002 +3.872743110e+002 +5.194543110e+002 +5.194543110e+002 +2.3638e+000 -3.2073e+000 -4.2042e+000 -4.6339e+000 -5.8570e-001
52 +3.060029896e+002 +3.060029896e+002 +4.381829896e+002 +4.381829896e+002 +2.3100e+000 -4.4913e+000 +1.6566e+000 -4.8569e+000 -9.6040e-001
56 +1.878298894e+002 +1.878298894e+002 +3.200098894e+002 +3.200098894e+002 +2.8414e+000 +2.4436e+000 -1.6887e+000 -3.5799e+000 -1.8618e-001
82 +1.833694427e+002 +1.833694427e+002 +3.155494427e+002 +3.155494427e+002 -1.3863e+000 -3.4436e+000 +4.7523e-001 -3.1989e+000 +2.8740e-001
96 +1.605836862e+002 +1.605836862e+002 +2.927636862e+002 +2.927636862e+002 -2.0349e+000 -1.5030e+000 -9.1724e-002 -1.5611e+000 +2.6373e+000
106 +1.385012520e+002 +1.385012520e+002 +2.706812520e+002 +2.706812520e+002 -2.4177e+000 -3.7358e-001 +1.0723e+000 -6.9922e-001 +1.1179e+000
125 +1.211539137e+002 +1.211539137e+002 +2.533339137e+002 +2.533339137e+002 +3.4024e+000 +1.3375e+000 -1.0717e+000 -8.3926e-001 +2.0157e+000
133 +1.087683139e+002 +1.087683139e+002 +2.409483139e+002 +2.409483139e+002 +3.5496e+000 +2.8301e+000 +5.1951e-001 -3.0230e-001 +7.0922e-001
172 +8.360625540e+001 +8.360625540e+001 +2.157862554e+002 +2.157862554e+002 +1.3569e+000 +1.4290e+000 +5.0807e-002 -1.0118e+000 +2.2847e+000
228 +7.786581090e+001 +7.786581090e+001 +2.100458109e+002 +2.100458109e+002 +1.0423e+000 +2.1793e+000 +1.1347e-001 -8.1220e-001 +1.7629e+000
265 +6.809999223e+001 +6.809999223e+001 +2.002799922e+002 +2.002799922e+002 +1.8604e+000 +2.2368e+000 +2.9534e-001 -1.8769e+000 +1.7923e+000
291 +5.610514928e+001 +5.610514928e+001 +1.882851493e+002 +1.882851493e+002 +2.8507e+000 +1.5501e+000 +5.0262e-001 -2.7998e+000 +2.2771e+000
372 +5.383709327e+001 +5.383709327e+001 +1.860170933e+002 +1.860170933e+002 +1.6796e+000 +1.4235e+000 +6.0234e-001 -3.4373e+000 +2.1848e+000
427 +4.406716795e+001 +4.406716795e+001 +1.762471679e+002 +1.762471679e+002 +1.5284e+000 +2.1987e+000 +2.3367e+000 -3.1370e+000 +1.7162e+000
429 +3.577619417e+001 +3.577619417e+001 +1.679561942e+002 +1.679561942e+002 +2.9369e+000 +2.9712e+000 +2.3556e+000 -2.7469e+000 +2.1911e+000
522 +2.568072396e+001 +2.568072396e+001 +1.578607240e+002 +1.578607240e+002 +1.9956e+000 +2.0228e+000 +2.9590e+000 -2.3609e+000 +1.7982e+000
534 +2.110902325e+001 +2.110902325e+001 +1.532890232e+002 +1.532890232e+002 +1.9199e+000 +2.1097e+000 +2.8380e+000 -2.8899e+000 +1.8281e+000
561 +1.971261297e+001 +1.971261297e+001 +1.518926130e+002 +1.518926130e+002 +2.0026e+000 +2.2855e+000 +2.8154e+000 -2.8238e+000 +1.7881e+000
566 +1.432038181e+001 +1.432038181e+001 +1.465003818e+002 +1.465003818e+002 +2.7944e+000 +2.2334e+000 +2.9258e+000 -2.8625e+000 +1.7757e+000
1517 +1.058881364e+001 +1.058881364e+001 +1.427688136e+002 +1.427688136e+002 +1.6670e+000 +1.5512e+000 +2.9182e+000 -1.9730e+000 +2.1695e+000
1562 +9.395195612e+000 +9.395195612e+000 +1.415751956e+002 +1.415751956e+002 +1.9535e+000 +1.4911e+000 +2.9055e+000 -1.9640e+000 +2.1632e+000
1573 +8.928345403e+000 +8.928345403e+000 +1.411083454e+002 +1.411083454e+002 +1.6951e+000 +1.4417e+000 +2.9172e+000 -1.9547e+000 +2.1893e+000
1579 +8.907619957e+000 +8.907619957e+000 +1.410876200e+002 +1.410876200e+002 +1.6806e+000 +1.5209e+000 +2.9073e+000 -1.9826e+000 +2.1853e+000
1580 +7.311502392e+000 +7.311502392e+000 +1.394915024e+002 +1.394915024e+002 +1.7652e+000 +1.4507e+000 +2.9054e+000 -1.9725e+000 +2.1718e+000
1602 +6.681224758e+000 +6.681224758e+000 +1.388612248e+002 +1.388612248e+002 +1.8472e+000 +1.4613e+000 +2.8995e+000 -1.9744e+000 +2.1809e+000
1626 +6.576756347e+000 +6.576756347e+000 +1.387567563e+002 +1.387567563e+002 +1.7944e+000 +1.4817e+000 +2.9073e+000 -1.9604e+000 +2.1771e+000
1635 +6.392987426e+000 +6.392987426e+000 +1.385729874e+002 +1.385729874e+002 +1.8101e+000 +1.4929e+000 +2.8941e+000 -1.9586e+000 +2.1760e+000
1701 +6.258208450e+000 +6.258208450e+000 +1.384382084e+002 +1.384382084e+002 +1.8177e+000 +1.4800e+000 +2.8963e+000 -1.9674e+000 +2.1809e+000
1796 +6.151559598e+000 +6.151559598e+000 +1.383315596e+002 +1.383315596e+002 +1.7766e+000 +1.4905e+000 +2.8780e+000 -1.9670e+000 +2.1801e+000
1812 +6.007133908e+000 +6.007133908e+000 +1.381871339e+002 +1.381871339e+002 +1.8210e+000 +1.4847e+000 +2.8687e+000 -1.9647e+000 +2.1797e+000
% function evaluation | noise-free fitness - Fopt (6.438000000000e+001) | best noise-free fitness - Fopt | measured fitness | best measured fitness | x1 | x2...
1 +1.141791289e+003 +1.141791289e+003 +1.206171289e+003 +1.206171289e+003 -5.3079e+000 +5.8169e+000 -6.0381e-001 -6.4013e+000 +4.5784e+000
2 +1.216696598e+002 +1.216696598e+002 +1.860496598e+002 +1.860496598e+002 -2.6536e-001 +1.3046e+000 -1.5956e+000 -2.4458e+000 +2.6794e+000
25 +1.180675080e+002 +1.180675080e+002 +1.824475080e+002 +1.824475080e+002 +1.9162e+000 +4.0156e+000 -2.9158e+000 -3.2688e+000 +2.8683e+000
234 +1.172796576e+002 +1.172796576e+002 +1.816596576e+002 +1.816596576e+002 +1.2405e+000 +1.9717e+000 -2.9235e+000 -2.4169e+000 +3.6291e+000
359 +6.227989356e+001 +6.227989356e+001 +1.266598936e+002 +1.266598936e+002 +6.7345e-001 +2.3012e+000 -8.7313e-002 -3.7011e+000 +2.9583e+000
404 +4.745456995e+001 +4.745456995e+001 +1.118345699e+002 +1.118345699e+002 +1.0215e+000 +2.5658e+000 +7.5876e-001 -3.5603e+000 +3.2112e+000
429 +4.312271252e+001 +4.312271252e+001 +1.075027125e+002 +1.075027125e+002 -5.1978e-002 +2.4856e+000 +7.4749e-001 -3.8926e+000 +3.4100e+000
451 +4.211539111e+001 +4.211539111e+001 +1.064953911e+002 +1.064953911e+002 +8.2176e-001 +2.7214e+000 +2.1692e+000 -3.2227e+000 +2.9954e+000
456 +2.712746422e+001 +2.712746422e+001 +9.150746422e+001 +9.150746422e+001 +8.9872e-001 +4.0850e+000 +1.5516e+000 -3.6892e+000 +3.3350e+000
687 +2.599469388e+001 +2.599469388e+001 +9.037469388e+001 +9.037469388e+001 +1.9436e+000 +3.8612e+000 +1.1915e+000 -4.1385e+000 +3.0133e+000
871 +1.802320281e+001 +1.802320281e+001 +8.240320281e+001 +8.240320281e+001 +2.9317e+000 +3.3924e+000 +1.5767e+000 -3.6638e+000 +3.3851e+000
919 +1.651520163e+001 +1.651520163e+001 +8.089520163e+001 +8.089520163e+001 +1.9837e+000 +4.7874e+000 +1.2564e+000 -3.6391e+000 +2.9708e+000
1648 +1.292475390e+001 +1.292475390e+001 +7.730475390e+001 +7.730475390e+001 +9.8651e-001 +4.0113e+000 +1.7437e+000 -4.0018e+000 +3.3570e+000
1956 +1.077012480e+001 +1.077012480e+001 +7.515012480e+001 +7.515012480e+001 +1.0221e+000 +4.0067e+000 +1.7657e+000 -3.6505e+000 +3.4047e+000
2394 +1.043640219e+001 +1.043640219e+001 +7.481640219e+001 +7.481640219e+001 +9.9966e-001 +3.9783e+000 +1.8035e+000 -3.6642e+000 +3.3672e+000
2451 +9.860993417e+000 +9.860993417e+000 +7.424099342e+001 +7.424099342e+001 +1.0756e+000 +4.0433e+000 +1.7598e+000 -3.2385e+000 +3.3760e+000
2538 +8.721044413e+000 +8.721044413e+000 +7.310104441e+001 +7.310104441e+001 +9.9562e-001 +3.9907e+000 +1.7051e+000 -3.6511e+000 +3.3836e+000
2565 +7.383985903e+000 +7.383985903e+000 +7.176398590e+001 +7.176398590e+001 +1.1104e+000 +4.0308e+000 +1.7335e+000 -3.6389e+000 +3.3743e+000
3051 +7.064087837e+000 +7.064087837e+000 +7.144408784e+001 +7.144408784e+001 +1.0888e+000 +4.0734e+000 +1.7121e+000 -3.6401e+000 +3.3740e+000
% function evaluation | noise-free fitness - Fopt (2.824800000000e+002) | best noise-free fitness - Fopt | measured fitness | best measured fitness | x1 | x2...
1 +1.129226938e+003 +1.129226938e+003 +1.411706938e+003 +1.411706938e+003 +1.2104e+000 -3.7598e+000 +2.6248e+000 -6.6803e+000 -1.7272e+000
2 +7.235203064e+002 +7.235203064e+002 +1.006000306e+003 +1.006000306e+003 -9.9057e-001 -1.6149e+000 +1.0044e+000 -3.7632e+000 -4.2399e+000
3 +2.101748801e+002 +2.101748801e+002 +4.926548801e+002 +4.926548801e+002 -1.5229e+000 -1.2613e+000 +1.9227e+000 +3.4737e+000 -2.0461e-001
5 +1.872620566e+002 +1.872620566e+002 +4.697420566e+002 +4.697420566e+002 +1.9005e+000 -3.8746e+000 +2.0375e+000 -8.7278e-001 +1.1155e+000
34 +1.856700284e+002 +1.856700284e+002 +4.681500284e+002 +4.681500284e+002 -1.5262e+000 -2.3430e+000 +1.4996e-002 -1.6245e+000 +1.1527e+000
63 +1.758487587e+002 +1.758487587e+002 +4.583287587e+002 +4.583287587e+002 +1.4583e+000 -4.2566e+000 -7.8323e-001 -1.4399e+000 +2.8409e-001
65 +1.637847059e+002 +1.637847059e+002 +4.462647059e+002 +4.462647059e+002 -4.1270e+000 -1.2670e+000 +7.8155e-001 -1.3342e+000 +1.7300e+000
88 +1.504039194e+002 +1.504039194e+002 +4.328839194e+002 +4.328839194e+002 -1.7902e+000 -1.7636e+000 -2.3158e+000 +1.1830e+000 +1.0735e+000
90 +1.063900125e+002 +1.063900125e+002 +3.888700125e+002 +3.888700125e+002 -1.2448e+000 -1.7086e+000 +8.8879e-001 +2.7715e+000 +1.4986e+000
119 +8.312724248e+001 +8.312724248e+001 +3.656072425e+002 +3.656072425e+002 -4.3310e-001 -2.1711e+000 -1.0296e+000 +3.6441e+000 +3.3183e+000
135 +5.862346517e+001 +5.862346517e+001 +3.411034652e+002 +3.411034652e+002 -2.4185e+000 -1.7388e+000 -6.0005e-001 +1.8239e+000 +3.1828e+000
224 +5.524996004e+001 +5.524996004e+001 +3.377299600e+002 +3.377299600e+002 -3.3351e-001 -2.6376e+000 -9.9478e-001 +1.1186e+000 +2.0444e+000
249 +5.095334452e+001 +5.095334452e+001 +3.334333445e+002 +3.334333445e+002 -1.4862e-001 -1.7382e+000 -5.2390e-001 +1.4116e+000 +2.5239e+000
264 +4.847852549e+001 +4.847852549e+001 +3.309585255e+002 +3.309585255e+002 +7.2818e-001 -1.6756e+000 -1.0306e+000 +1.9540e+000 +2.9221e+000
374 +4.191792656e+001 +4.191792656e+001 +3.243979266e+002 +3.243979266e+002 +4.4884e-001 -1.6975e+000 -5.6928e-001 +1.6356e+000 +2.9812e+000
381 +3.942816504e+001 +3.942816504e+001 +3.219081650e+002 +3.219081650e+002 +1.5134e+000 -1.8527e+000 -1.1109e+000 +1.4667e+000 +2.5619e+000
575 +3.842467564e+001 +3.842467564e+001 +3.209046756e+002 +3.209046756e+002 +5.3554e-001 -1.5815e+000 +1.2707e+000 +2.4017e+000 +2.6512e+000
603 +3.698647471e+001 +3.698647471e+001 +3.194664747e+002 +3.194664747e+002 +7.3202e-001 -4.2747e+000 +1.2207e+000 +1.9908e+000 +2.6607e+000
640 +2.329925028e+001 +2.329925028e+001 +3.057792503e+002 +3.057792503e+002 +6.2273e-001 -2.4216e+000 +1.1102e+000 +1.0860e+000 +2.5721e+000
729 +1.727395496e+001 +1.727395496e+001 +2.997539550e+002 +2.997539550e+002 +5.9322e-001 -4.2356e+000 +1.1126e+000 +1.5650e+000 +3.1532e+000
803 +1.447871787e+001 +1.447871787e+001 +2.969587179e+002 +2.969587179e+002 +3.5848e-001 -3.4029e+000 +1.1572e+000 +1.1571e+000 +2.9297e+000
1101 +1.070613226e+001 +1.070613226e+001 +2.931861323e+002 +2.931861323e+002 -2.9923e-001 -3.4474e+000 +1.2096e+000 +1.5333e+000 +2.9083e+000
1296 +1.002962391e+001 +1.002962391e+001 +2.925096239e+002 +2.925096239e+002 -4.3966e-001 -3.3027e+000 +1.2551e+000 +1.1289e+000 +2.9269e+000
1332 +9.585929881e+000 +9.585929881e+000 +2.920659299e+002 +2.920659299e+002 -4.5314e-001 -2.6340e+000 +1.2178e+000 +1.1525e+000 +2.9057e+000
1345 +8.848090797e+000 +8.848090797e+000 +2.913280908e+002 +2.913280908e+002 -4.2099e-001 -3.4276e+000 +1.1845e+000 +1.1596e+000 +2.9164e+000
1389 +8.203353797e+000 +8.203353797e+000 +2.906833538e+002 +2.906833538e+002 -4.6352e-001 -3.3430e+000 +1.2225e+000 +1.1147e+000 +2.9237e+000
1468 +8.086245414e+000 +8.086245414e+000 +2.905662454e+002 +2.905662454e+002 -4.2695e-001 -3.4157e+000 +1.1912e+000 +1.1400e+000 +2.9223e+000
1511 +7.195988596e+000 +7.195988596e+000 +2.896759886e+002 +2.896759886e+002 -4.4495e-001 -3.3636e+000 +1.2065e+000 +1.1355e+000 +2.9203e+000
% function evaluation | noise-free fitness - Fopt (4.826100000000e+002) | best noise-free fitness - Fopt | measured fitness | best measured fitness | x1 | x2...
1 +2.777808280e+003 +2.777808280e+003 +3.260418280e+003 +3.260418280e+003 -4.2112e+000 +1.1700e-001 +1.0884e+000 +1.7090e+000 +3.0279e+000
4 +2.125994210e+003 +2.125994210e+003 +2.608604210e+003 +2.608604210e+003 -4.6513e+000 +1.9322e-001 +1.0495e+000 -3.5881e-002 +2.6953e+000
8 +2.363881571e+002 +2.363881571e+002 +7.189981571e+002 +7.189981571e+002 -5.7035e+000 -8.4135e-002 +1.6171e+000 -3.5892e+000 -1.2023e+000
34 +1.322429007e+002 +1.322429007e+002 +6.148529007e+002 +6.148529007e+002 -3.5168e+000 +1.2884e-001 +1.7702e+000 -2.2827e+000 -1.8120e-001
35 +1.163796131e+002 +1.163796131e+002 +5.989896131e+002 +5.989896131e+002 -2.6573e+000 +1.8296e+000 +1.6507e-001 -7.4442e-002 +3.3900e-001
62 +9.929471130e+001 +9.929471130e+001 +5.819047113e+002 +5.819047113e+002 -3.3270e+000 +2.5171e+000 -6.1635e-001 -7.1017e-001 +1.3308e+000
187 +9.009367644e+001 +9.009367644e+001 +5.727036764e+002 +5.727036764e+002 -2.3131e+000 -8.9047e-001 +9.1557e-001 -1.2126e+000 +5.0295e-001
210 +5.690862695e+001 +5.690862695e+001 +5.395186269e+002 +5.395186269e+002 -3.3391e+000 +1.7650e+000 +7.4370e-001 -2.1398e+000 -1.8975e-001
273 +4.229351454e+001 +4.229351454e+001 +5.249035145e+002 +5.249035145e+002 -3.0487e+000 +4.0762e+000 +1.4750e+000 -1.8637e+000 +5.7189e-001
327 +3.024971327e+001 +3.024971327e+001 +5.128597133e+002 +5.128597133e+002 -3.3247e+000 +3.4113e+000 +1.3639e+000 -2.7043e+000 +9.7284e-001
342 +3.014338040e+001 +3.014338040e+001 +5.127533804e+002 +5.127533804e+002 -3.3354e+000 +2.4278e+000 +7.7543e-001 -3.0190e+000 +1.2930e+000
493 +2.300836161e+001 +2.300836161e+001 +5.056183616e+002 +5.056183616e+002 +9.9624e-001 +2.5298e+000 +4.1831e-001 -3.4297e+000 +9.9436e-001
793 +2.129613137e+001 +2.129613137e+001 +5.039061314e+002 +5.039061314e+002 -2.3159e-001 +1.8261e+000 +1.3135e+000 -3.0271e+000 +6.7594e-001
892 +1.842987170e+001 +1.842987170e+001 +5.010398717e+002 +5.010398717e+002 -1.1497e+000 +1.7931e+000 +9.2374e-001 -2.9623e+000 +9.8207e-001
906 +1.417533162e+001 +1.417533162e+001 +4.967853316e+002 +4.967853316e+002 -1.0263e+000 +1.7586e+000 +1.3863e+000 -2.5882e+000 +5.8510e-001
1041 +1.174061758e+001 +1.174061758e+001 +4.943506176e+002 +4.943506176e+002 -1.2699e+000 +1.6965e+000 +8.2718e-001 -3.0470e+000 +1.0128e+000
1079 +1.026936169e+001 +1.026936169e+001 +4.928793617e+002 +4.928793617e+002 -1.2162e+000 +1.7577e+000 +8.8476e-001 -2.6405e+000 +9.8180e-001
1156 +8.026852631e+000 +8.026852631e+000 +4.906368526e+002 +4.906368526e+002 -1.2384e+000 +1.7610e+000 +8.5725e-001 -3.0586e+000 +9.7064e-001
2382 +6.900687669e+000 +6.900687669e+000 +4.895106877e+002 +4.895106877e+002 +7.1041e-001 +1.8037e+000 +8.0855e-001 -3.4850e+000 +9.7570e-001
2734 +6.438811539e+000 +6.438811539e+000 +4.890488115e+002 +4.890488115e+002 -2.2083e-001 +1.7834e+000 +8.1235e-001 -3.4872e+000 +9.8449e-001
2778 +6.233313476e+000 +6.233313476e+000 +4.888433135e+002 +4.888433135e+002 -1.6682e-001 +1.7642e+000 +8.1680e-001 -3.4441e+000 +9.8324e-001
2870 +6.102698121e+000 +6.102698121e+000 +4.887126981e+002 +4.887126981e+002 -2.6274e-001 +1.7424e+000 +7.8225e-001 -3.0307e+000 +9.8531e-001
2888 +5.668122238e+000 +5.668122238e+000 +4.882781222e+002 +4.882781222e+002 -2.1582e-001 +1.7256e+000 +8.0731e-001 -3.4774e+000 +9.8326e-001
2913 +5.494829618e+000 +5.494829618e+000 +4.881048296e+002 +4.881048296e+002 -2.4245e-001 +1.7375e+000 +8.4783e-001 -3.0190e+000 +9.8047e-001
2914 +5.033582770e+000 +5.033582770e+000 +4.876435828e+002 +4.876435828e+002 -2.1567e-001 +1.7486e+000 +8.1575e-001 -3.0199e+000 +9.8197e-001
2931 +4.616662331e+000 +4.616662331e+000 +4.872266623e+002 +4.872266623e+002 -2.0744e-001 +1.7224e+000 +8.6074e-001 -3.0542e+000 +9.8140e-001
2953 +4.256524214e+000 +4.256524214e+000 +4.868665242e+002 +4.868665242e+002 -2.0387e-001 +1.7361e+000 +8.3297e-001 -3.0387e+000 +9.7967e-001
3025 +4.095147531e+000 +4.095147531e+000 +4.867051475e+002 +4.867051475e+002 -2.1352e-001 +1.7365e+000 +8.3036e-001 -3.0593e+000 +9.8123e-001
3059 +4.054455209e+000 +4.054455209e+000 +4.866644552e+002 +4.866644552e+002 -2.0612e-001 +1.7463e+000 +8.2277e-001 -3.0525e+000 +9.8382e-001
3463 +3.980430560e+000 +3.980430560e+000 +4.865904306e+002 +4.865904306e+002 -2.1472e-001 +1.7464e+000 +8.2648e-001 -3.0512e+000 +9.8011e-001
% function evaluation | noise-free fitness - Fopt (7.177000000000e+001) | best noise-free fitness - Fopt | measured fitness | best measured fitness | x1 | x2...
1 +1.588179957e+004 +1.588179957e+004 +1.595356957e+004 +1.595356957e+004 -3.0255e+000 +3.4359e-001 +1.0575e+000 -8.8473e+000 +5.1817e+000
2 +1.110977230e+004 +1.110977230e+004 +1.118154230e+004 +1.118154230e+004 -6.6049e+000 +4.2068e+000 +1.2846e+000 +6.7982e+000 +4.7079e+000
4 +3.043694383e+003 +3.043694383e+003 +3.115464383e+003 +3.115464383e+003 -5.0662e+000 +3.0790e+000 +1.3314e+000 -7.5715e+000 +2.6938e+000
12 +3.385920663e+002 +3.385920663e+002 +4.103620663e+002 +4.103620663e+002 -1.2110e+000 +4.2248e+000 +1.7109e+000 -7.2641e-001 -3.1318e+000
39 +1.207809039e+002 +1.207809039e+002 +1.925509039e+002 +1.925509039e+002 -2.0761e+000 +4.9519e+000 +5.9764e-001 -1.4546e-001 +8.4184e-002
134 +1.118952752e+002 +1.118952752e+002 +1.836652752e+002 +1.836652752e+002 -3.1662e+000 +3.9550e+000 -1.2295e+000 +3.1439e-001 +5.3752e-001
153 +9.406437987e+001 +9.406437987e+001 +1.658343799e+002 +1.658343799e+002 -3.0767e+000 +2.2027e+000 +1.2023e-001 +7.1465e-001 +7.3862e-001
215 +9.088352304e+001 +9.088352304e+001 +1.626535230e+002 +1.626535230e+002 -2.9339e+000 -5.8826e-001 +7.0352e-001 +1.2696e+000 +3.2466e-001
232 +8.378679150e+001 +8.378679150e+001 +1.555567915e+002 +1.555567915e+002 -2.1459e+000 +4.0989e-001 +4.7421e-001 -8.0146e-001 +4.9527e-001
254 +8.227424214e+001 +8.227424214e+001 +1.540442421e+002 +1.540442421e+002 +7.2646e-001 +2.9712e+000 -7.8779e-001 +2.7682e-001 +8.6369e-001
273 +7.259500863e+001 +7.259500863e+001 +1.443650086e+002 +1.443650086e+002 -1.9905e+000 +2.4257e+000 -1.8464e-001 +6.0640e-003 +5.3251e-001
291 +4.940020419e+001 +4.940020419e+001 +1.211702042e+002 +1.211702042e+002 +1.6918e+000 +1.8468e+000 +9.7354e-001 +1.5829e+000 +4.5497e-001
315 +3.721943150e+001 +3.721943150e+001 +1.089894315e+002 +1.089894315e+002 +1.3999e+000 +3.1191e+000 +7.3935e-001 +7.5501e-001 +2.5120e-001
358 +3.240442414e+001 +3.240442414e+001 +1.041744241e+002 +1.041744241e+002 +1.1292e+000 +2.3888e+000 +9.6171e-001 +7.6690e-001 +8.5901e-001
468 +3.202565385e+001 +3.202565385e+001 +1.037956539e+002 +1.037956539e+002 +8.8563e-001 +1.7752e+000 +4.1718e-001 +7.7962e-001 +7.8216e-001
498 +2.314309155e+001 +2.314309155e+001 +9.491309155e+001 +9.491309155e+001 +2.2473e+000 +1.7535e+000 -9.0913e-002 -6.4812e-002 +8.0328e-001
565 +2.275718105e+001 +2.275718105e+001 +9.452718105e+001 +9.452718105e+001 +2.2948e+000 +1.8575e+000 +7.5698e-001 +7.1648e-001 +7.9031e-001
580 +1.458230915e+001 +1.458230915e+001 +8.635230915e+001 +8.635230915e+001 +2.2594e+000 +1.0418e+000 +8.6851e-001 +3.3582e-001 +7.7557e-001
931 +1.183946979e+001 +1.183946979e+001 +8.360946979e+001 +8.360946979e+001 +1.2523e+000 +2.4251e+000 +8.6033e-001 +8.1300e-001 +1.0831e+000
1649 +1.111904651e+001 +1.111904651e+001 +8.288904651e+001 +8.288904651e+001 +1.3017e+000 +2.6112e+000 +8.6459e-001 +7.8419e-001 +7.4831e-001
2108 +1.033684782e+001 +1.033684782e+001 +8.210684782e+001 +8.210684782e+001 +1.2949e+000 +2.6139e+000 +8.2520e-001 +8.1071e-001 +7.5051e-001
2244 +1.018288599e+001 +1.018288599e+001 +8.195288599e+001 +8.195288599e+001 +1.2545e+000 +2.6402e+000 +8.4209e-001 +8.0628e-001 +7.4218e-001
2412 +9.239460770e+000 +9.239460770e+000 +8.100946077e+001 +8.100946077e+001 +1.2511e+000 +1.7927e+000 +8.6890e-001 +8.2436e-001 +7.4027e-001
% function evaluation | noise-free fitness - Fopt (8.448800000000e+002) | best noise-free fitness - Fopt | measured fitness | best measured fitness | x1 | x2...
1 +4.272070820e+002 +4.272070820e+002 +1.272087082e+003 +1.272087082e+003 -4.1265e+000 -3.8935e+000 +5.3204e-001 -4.2274e+000 +3.7974e+000
8 +3.377925584e+002 +3.377925584e+002 +1.182672558e+003 +1.182672558e+003 -4.8219e+000 -1.1318e+000 +1.6015e+000 -5.4352e+000 +1.9369e+000
9 +2.314250301e+002 +2.314250301e+002 +1.076305030e+003 +1.076305030e+003 -4.5766e+000 +3.4459e-001 -1.0475e+000 +1.3016e+000 +1.0645e+000
19 +2.156998501e+002 +2.156998501e+002 +1.060579850e+003 +1.060579850e+003 -4.3279e+000 -2.9910e+000 +1.7670e+000 -2.7958e+000 +1.8130e+000
23 +2.037953233e+002 +2.037953233e+002 +1.048675323e+003 +1.048675323e+003 -2.7229e+000 -2.4926e-001 +2.5179e+000 -1.4231e+000 +7.3981e-002
29 +1.901523388e+002 +1.901523388e+002 +1.035032339e+003 +1.035032339e+003 -4.4824e+000 +1.7213e-002 +2.7211e-001 -2.8446e+000 +3.4274e+000
37 +1.812352684e+002 +1.812352684e+002 +1.026115268e+003 +1.026115268e+003 -4.6365e+000 -1.8934e+000 +5.6241e-001 -1.3102e+000 +1.4932e+000
53 +1.742255614e+002 +1.742255614e+002 +1.019105561e+003 +1.019105561e+003 -4.6098e+000 -3.4038e-001 +1.3130e+000 -1.5982e+000 +1.4667e+000
61 +1.483911429e+002 +1.483911429e+002 +9.932711429e+002 +9.932711429e+002 -4.7655e+000 -8.4287e-001 +3.5558e+000 +8.2153e-001 +1.7421e+000
101 +1.457368888e+002 +1.457368888e+002 +9.906168888e+002 +9.906168888e+002 -4.6410e+000 +7.1545e-001 +2.2087e+000 -6.1484e-001 +1.9854e+000
110 +1.340650572e+002 +1.340650572e+002 +9.789450572e+002 +9.789450572e+002 -4.6037e+000 +7.1832e-001 +2.6481e+000 +2.1496e-001 +2.4871e+000
116 +9.233335185e+001 +9.233335185e+001 +9.372133518e+002 +9.372133518e+002 -3.9951e+000 +5.9827e-001 +2.0192e+000 -1.2205e+000 +2.7211e+000
138 +7.859706212e+001 +7.859706212e+001 +9.234770621e+002 +9.234770621e+002 -3.2858e+000 +2.2744e-001 +2.5733e+000 -1.0074e-001 +2.4360e+000
208 +5.975494349e+001 +5.975494349e+001 +9.046349435e+002 +9.046349435e+002 +3.1171e+000 -8.3426e-001 +3.6673e+000 -4.6386e-001 +2.3710e+000
218 +4.987028388e+001 +4.987028388e+001 +8.947502839e+002 +8.947502839e+002 +5.2966e-002 -7.9909e-001 +3.5832e+000 +4.4276e-001 +2.2007e+000
375 +4.890406106e+001 +4.890406106e+001 +8.937840611e+002 +8.937840611e+002 +1.2951e+000 -1.6734e+000 +2.1250e+000 -1.0661e-001 +2.8185e+000
386 +3.587515475e+001 +3.587515475e+001 +8.807551547e+002 +8.807551547e+002 +1.2173e+000 +1.5335e+000 +2.4833e+000 +2.1771e-001 +3.3247e+000
448 +3.014566894e+001 +3.014566894e+001 +8.750256689e+002 +8.750256689e+002 +1.1878e+000 -8.7200e-001 +2.9389e+000 +1.3092e-001 +3.0832e+000
467 +2.573390326e+001 +2.573390326e+001 +8.706139033e+002 +8.706139033e+002 +3.2558e+000 -8.2629e-001 +3.0203e+000 +5.5471e-001 +3.0544e+000
512 +2.176260690e+001 +2.176260690e+001 +8.666426069e+002 +8.666426069e+002 +2.1785e+000 -7.9082e-001 +2.9061e+000 +3.7090e-001 +3.3290e+000
686 +2.126054027e+001 +2.126054027e+001 +8.661405403e+002 +8.661405403e+002 +2.2179e+000 -4.0124e-002 +2.9162e+000 -1.6664e-001 +3.3566e+000
709 +1.639896288e+001 +1.639896288e+001 +8.612789629e+002 +8.612789629e+002 +3.3328e+000 +4.2113e-001 +3.0513e+000 +3.2130e-001 +3.3430e+000
949 +1.574159058e+001 +1.574159058e+001 +8.606215906e+002 +8.606215906e+002 +2.0367e+000 +4.3957e-001 +2.8750e+000 +2.6126e-001 +3.3319e+000
1000 +1.195852365e+001 +1.195852365e+001 +8.568385236e+002 +8.568385236e+002 +1.1179e+000 +1.3162e+000 +3.0717e+000 +2.5347e-001 +3.0294e+000
2307 +1.143017667e+001 +1.143017667e+001 +8.563101767e+002 +8.563101767e+002 +1.2251e+000 +5.5327e-001 +3.0139e+000 +2.6211e-001 +2.6999e+000
2528 +1.085676993e+001 +1.085676993e+001 +8.557367699e+002 +8.557367699e+002 +1.1666e+000 +4.4248e-001 +2.9430e+000 +2.7810e-001 +2.6807e+000
2565 +1.069001243e+001 +1.069001243e+001 +8.555700124e+002 +8.555700124e+002 +1.1654e+000 +4.9071e-001 +3.0626e+000 +2.8468e-001 +2.6744e+000
2754 +9.847374590e+000 +9.847374590e+000 +8.547273746e+002 +8.547273746e+002 +1.1915e+000 +5.0269e-001 +3.0059e+000 +2.7561e-001 +2.7005e+000
% function evaluation | noise-free fitness - Fopt (-4.222000000000e+001) | best noise-free fitness - Fopt | measured fitness | best measured fitness | x1 | x2...
1 +8.460459040e+003 +8.460459040e+003 +8.418239040e+003 +8.418239040e+003 +2.8577e+000 -1.0995e+000 +2.3801e+000 +2.6187e+000 +5.0154e+000
2 +2.098592223e+003 +2.098592223e+003 +2.056372223e+003 +2.056372223e+003 -1.1743e+000 -4.5765e+000 +4.3005e+000 +4.6964e+000 -5.6744e-001
9 +2.647520274e+002 +2.647520274e+002 +2.225320274e+002 +2.225320274e+002 -1.4029e-001 -2.5367e+000 +9.2643e-001 +4.6164e+000 -1.1124e+000
27 +2.335533414e+002 +2.335533414e+002 +1.913333414e+002 +1.913333414e+002 -2.5664e+000 -1.7086e+000 +2.2741e+000 +4.1721e+000 -1.2124e-001
30 +1.888080926e+002 +1.888080926e+002 +1.465880926e+002 +1.465880926e+002 +1.4527e+000 -2.7709e+000 +1.7441e+000 +4.0874e+000 +2.4331e-001
80 +1.744332132e+002 +1.744332132e+002 +1.322132132e+002 +1.322132132e+002 -9.3806e-001 -2.5210e+000 +2.0750e-001 +3.9531e+000 +3.5249e-001
111 +1.729774953e+002 +1.729774953e+002 +1.307574953e+002 +1.307574953e+002 -1.0949e+000 -2.7139e+000 -4.6660e-001 +8.3391e-001 -5.7697e-001
113 +9.706843850e+001 +9.706843850e+001 +5.484843850e+001 +5.484843850e+001 -8.4530e-001 -2.5271e+000 +8.8554e-001 +2.2502e+000 +6.7055e-001
157 +9.516268561e+001 +9.516268561e+001 +5.294268561e+001 +5.294268561e+001 +7.0215e-001 -3.2704e+000 -6.0533e-001 +1.8647e+000 +7.2991e-001
182 +8.866541326e+001 +8.866541326e+001 +4.644541326e+001 +4.644541326e+001 -1.5408e+000 -3.1466e+000 +4.8765e-001 +1.6146e+000 +3.0683e-001
186 +7.962036906e+001 +7.962036906e+001 +3.740036906e+001 +3.740036906e+001 -1.6021e+000 -4.7317e+000 +1.6389e+000 +1.0544e+000 +2.4886e-001
237 +7.739715467e+001 +7.739715467e+001 +3.517715467e+001 +3.517715467e+001 -7.0548e-001 -3.1433e+000 +1.0791e+000 +1.4040e-001 +2.8068e-001
242 +7.069739011e+001 +7.069739011e+001 +2.847739011e+001 +2.847739011e+001 -1.3496e+000 -4.9002e+000 +1.9448e+000 +1.3744e-001 +4.6429e-001
259 +6.743471059e+001 +6.743471059e+001 +2.521471059e+001 +2.521471059e+001 -6.9425e-001 -4.0577e+000 +1.4826e+000 +9.9147e-001 +3.0101e-001
265 +5.874117125e+001 +5.874117125e+001 +1.652117125e+001 +1.652117125e+001 -1.3273e+000 -3.8112e+000 +1.5375e+000 +1.0711e+000 +6.8806e-001
278 +5.670842097e+001 +5.670842097e+001 +1.448842097e+001 +1.448842097e+001 -8.6662e-001 -3.7931e+000 +8.5799e-001 +5.8817e-001 +1.7654e+000
312 +3.816150913e+001 +3.816150913e+001 -4.058490873e+000 -4.058490873e+000 -6.0938e-001 -3.7626e+000 +1.3299e+000 +1.6848e-001 +1.5999e+000
329 +3.779365835e+001 +3.779365835e+001 -4.426341646e+000 -4.426341646e+000 +9.2281e-001 -3.2135e+000 +1.3839e+000 +1.0258e+000 +1.4134e+000
345 +3.508957222e+001 +3.508957222e+001 -7.130427784e+000 -7.130427784e+000 -6.9989e-001 -3.1974e+000 +4.3916e-001 +5.9762e-001 +1.2105e+000
432 +1.922491537e+001 +1.922491537e+001 -2.299508463e+001 -2.299508463e+001 -2.3975e-001 -3.2716e+000 +1.5063e+000 +1.4756e-001 +1.4341e+000
501 +1.885615609e+001 +1.885615609e+001 -2.336384391e+001 -2.336384391e+001 -3.6945e-001 -4.0624e+000 +2.0641e+000 +5.0594e-001 +2.1274e+000
620 +1.809294337e+001 +1.809294337e+001 -2.412705663e+001 -2.412705663e+001 -3.8852e-001 -3.3123e+000 +1.9647e+000 +6.2164e-001 +1.5167e+000
787 +1.313160915e+001 +1.313160915e+001 -2.908839085e+001 -2.908839085e+001 -4.4863e-001 -2.4069e+000 +1.4447e+000 +5.5393e-001 +1.8706e+000
812 +1.115700768e+001 +1.115700768e+001 -3.106299232e+001 -3.106299232e+001 -4.4674e-001 -3.9923e+000 +1.4297e+000 +1.1992e-001 +1.5043e+000
1245 +1.092512659e+001 +1.092512659e+001 -3.129487341e+001 -3.129487341e+001 -4.5579e-001 -3.9453e+000 +1.4113e+000 +5.6328e-001 +1.4823e+000
1255 +1.065608662e+001 +1.065608662e+001 -3.156391338e+001 -3.156391338e+001 -4.5449e-001 -3.9518e+000 +1.4099e+000 +5.7320e-001 +1.4831e+000
1493 +1.046899708e+001 +1.046899708e+001 -3.175100292e+001 -3.175100292e+001 -4.4796e-001 -3.9346e+000 +1.4150e+000 +5.7768e-001 +1.4862e+000
1579 +1.003631705e+001 +1.003631705e+001 -3.218368295e+001 -3.218368295e+001 -3.8680e-001 -3.9492e+000 +1.4114e+000 +5.8446e-001 +1.4851e+000
1598 +9.983337154e+000 +9.983337154e+000 -3.223666285e+001 -3.223666285e+001 -3.7637e-001 -3.9516e+000 +1.4155e+000 +5.7811e-001 +1.4871e+000
% function evaluation | noise-free fitness - Fopt (-9.179000000000e+001) | best noise-free fitness - Fopt | measured fitness | best measured fitness | x1 | x2...
1 +8.232512899e+003 +8.232512899e+003 +8.140722899e+003 +8.140722899e+003 +1.8385e+000 -1.3459e+001 +1.4218e-001 +3.7334e+000 +1.5887e+000
2 +1.903662498e+003 +1.903662498e+003 +1.811872498e+003 +1.811872498e+003 -1.4682e+000 -5.9879e+000 -1.4660e+000 +8.1980e+000 +1.7041e+000
4 +9.993943168e+002 +9.993943168e+002 +9.076043168e+002 +9.076043168e+002 -4.1677e+000 -2.2729e+000 -9.9666e-001 +7.0627e+000 +3.3643e+000
5 +8.356768270e+002 +8.356768270e+002 +7.438868270e+002 +7.438868270e+002 -6.1535e+000 -6.7214e+000 +4.8365e-001 +3.6303e+000 +3.4392e+000
6 +5.542271481e+002 +5.542271481e+002 +4.624371481e+002 +4.624371481e+002 -5.3564e+000 -2.8376e+000 +3.2984e+000 +5.3585e+000 +1.1894e+000
10 +3.790234127e+002 +3.790234127e+002 +2.872334127e+002 +2.872334127e+002 -3.1543e+000 +8.7672e-001 +2.6933e+000 +5.2378e+000 +3.2058e+000
32 +2.768483234e+002 +2.768483234e+002 +1.850583234e+002 +1.850583234e+002 -4.9373e+000 -1.7151e+000 +5.5236e-001 +3.6165e+000 +3.7614e+000
49 +2.682485159e+002 +2.682485159e+002 +1.764585159e+002 +1.764585159e+002 -3.9915e+000 -9.7950e-001 +4.3340e-001 +3.4747e+000 +2.2055e+000
58 +2.094534229e+002 +2.094534229e+002 +1.176634229e+002 +1.176634229e+002 -4.9716e+000 -2.0528e+000 +3.3701e+000 +1.8705e+000 +2.3237e+000
65 +1.939640702e+002 +1.939640702e+002 +1.021740702e+002 +1.021740702e+002 -3.5546e-001 -2.2769e+000 -8.3851e-002 +1.3338e+000 +2.8370e+000
70 +9.342371671e+001 +9.342371671e+001 +1.633716710e+000 +1.633716710e+000 -8.9010e-002 -1.7372e+000 +5.4572e-001 -9.7096e-001 +4.1106e+000
101 +9.190566683e+001 +9.190566683e+001 +1.156668293e-001 +1.156668293e-001 -1.9049e+000 -5.2729e-001 -1.6305e-002 -1.7440e+000 +3.8653e+000
133 +8.929500348e+001 +8.929500348e+001 -2.494996519e+000 -2.494996519e+000 -2.0671e+000 +3.3959e-001 +8.2934e-001 -1.1615e+000 +3.1495e+000
153 +8.873692778e+001 +8.873692778e+001 -3.053072217e+000 -3.053072217e+000 -1.6936e+000 -8.0676e-001 +1.1515e+000 +1.4867e-001 +3.2438e+000
161 +8.595712833e+001 +8.595712833e+001 -5.832871666e+000 -5.832871666e+000 -1.2915e-001 +1.2549e-002 +7.7690e-001 -7.0248e-001 +2.9974e+000
187 +7.697741954e+001 +7.697741954e+001 -1.481258046e+001 -1.481258046e+001 -2.0224e+000 -2.1002e-001 +7.0677e-001 -1.8738e+000 +3.3015e+000
191 +6.082212165e+001 +6.082212165e+001 -3.096787835e+001 -3.096787835e+001 -1.0289e+000 +2.6787e+000 +1.7660e+000 -1.0168e+000 +3.5702e+000
244 +4.420293628e+001 +4.420293628e+001 -4.758706372e+001 -4.758706372e+001 -1.0420e+000 +5.9889e-001 +2.4766e+000 -2.5758e+000 +3.3154e+000
276 +3.831642855e+001 +3.831642855e+001 -5.347357145e+001 -5.347357145e+001 -2.0655e+000 +2.0691e+000 +2.3533e+000 -1.4348e+000 +3.6039e+000
421 +2.075568921e+001 +2.075568921e+001 -7.103431079e+001 -7.103431079e+001 -1.9276e+000 +4.6178e-001 +2.7659e+000 -1.1119e+000 +3.5894e+000
531 +1.667896294e+001 +1.667896294e+001 -7.511103706e+001 -7.511103706e+001 -1.7358e+000 +3.0461e+000 +2.8281e+000 -1.5899e+000 +3.6493e+000
612 +1.449872862e+001 +1.449872862e+001 -7.729127138e+001 -7.729127138e+001 -1.7767e+000 +5.5789e-001 +2.8576e+000 -1.9927e+000 +3.6817e+000
618 +1.194149585e+001 +1.194149585e+001 -7.984850415e+001 -7.984850415e+001 -1.8358e+000 +2.1293e+000 +2.7387e+000 -2.0297e+000 +3.6614e+000
1255 +8.120938660e+000 +8.120938660e+000 -8.366906134e+001 -8.366906134e+001 -1.8642e+000 +1.2724e+000 +2.8800e+000 -2.0125e+000 +3.6446e+000
1762 +4.835076726e+000 +4.835076726e+000 -8.695492327e+001 -8.695492327e+001 -9.5685e-001 +2.1403e+000 +2.8107e+000 -2.0102e+000 +3.6476e+000
% function evaluation | noise-free fitness - Fopt (-1.277000000000e+001) | best noise-free fitness - Fopt | measured fitness | best measured fitness | x1 | x2...
1 +4.291271046e+004 +4.291271046e+004 +4.289994046e+004 +4.289994046e+004 +1.7375e+001 -1.5944e+000 +4.2280e+000 +1.0571e+001 -1.1372e+000
2 +1.762738935e+003 +1.762738935e+003 +1.749968935e+003 +1.749968935e+003 -1.8476e+000 -2.7355e+000 -5.4893e-001 +8.4789e+000 +2.0633e-001
6 +6.233602985e+002 +6.233602985e+002 +6.105902985e+002 +6.105902985e+002 -4.3290e+000 +3.4549e-001 +3.3192e+000 +1.6223e-001 +5.6373e-001
21 +4.276335572e+002 +4.276335572e+002 +4.148635572e+002 +4.148635572e+002 -1.6474e+000 +5.0568e+000 +2.7612e+000 +5.5844e+000 +1.7706e+000
24 +2.623574873e+002 +2.623574873e+002 +2.495874873e+002 +2.495874873e+002 -4.9050e+000 -2.4600e+000 +8.8513e-001 +3.5937e+000 -2.5099e-001
32 +1.917160603e+002 +1.917160603e+002 +1.789460603e+002 +1.789460603e+002 -6.5688e-001 +2.2511e-001 +1.3088e+000 +2.0007e+000 -1.4221e+000
35 +1.864612574e+002 +1.864612574e+002 +1.736912574e+002 +1.736912574e+002 -2.0825e+000 +1.0896e-001 +1.9283e+000 +1.1916e+000 -1.1070e+000
48 +1.680475206e+002 +1.680475206e+002 +1.552775206e+002 +1.552775206e+002 -5.7348e-001 +3.7692e-001 +9.8203e-001 +3.6147e+000 -2.0644e-001
55 +1.224006829e+002 +1.224006829e+002 +1.096306829e+002 +1.096306829e+002 -2.5662e+000 +1.3413e-001 +1.8394e+000 +1.5397e+000 -1.3567e-001
100 +1.016448178e+002 +1.016448178e+002 +8.887481784e+001 +8.887481784e+001 +4.1467e-001 -1.6575e-001 +1.7943e+000 +9.7917e-001 -1.6074e-001
104 +9.919838824e+001 +9.919838824e+001 +8.642838824e+001 +8.642838824e+001 +5.3929e-001 +1.4049e+000 -1.7316e+000 -2.6063e-001 -1.4532e-001
128 +9.693416236e+001 +9.693416236e+001 +8.416416236e+001 +8.416416236e+001 +3.4160e+000 +1.0455e+000 +2.2732e-001 +1.0032e+000 +6.1457e-001
131 +5.641401790e+001 +5.641401790e+001 +4.364401790e+001 +4.364401790e+001 +1.9053e+000 +1.5622e+000 +1.0259e+000 -2.0043e+000 +9.9955e-001
177 +4.276968154e+001 +4.276968154e+001 +2.999968154e+001 +2.999968154e+001 +1.7471e+000 +1.6213e+000 +1.6523e+000 +7.1096e-001 +4.5432e-001
189 +3.208406986e+001 +3.208406986e+001 +1.931406986e+001 +1.931406986e+001 +1.7476e+000 +2.1301e+000 +1.5253e+000 +2.5285e-001 +6.2473e-001
206 +2.364482590e+001 +2.364482590e+001 +1.087482590e+001 +1.087482590e+001 +1.4787e+000 +1.5392e+000 +1.6593e+000 +6.5848e-001 +9.0421e-001
487 +2.120153026e+001 +2.120153026e+001 +8.431530259e+000 +8.431530259e+000 +1.6757e+000 +2.1857e+000 +1.4448e+000 -1.7196e-001 +9.6576e-001
689 +1.666336231e+001 +1.666336231e+001 +3.893362313e+000 +3.893362313e+000 +2.5503e+000 +1.3805e+000 +1.5970e+000 +5.8482e-001 +9.6291e-001
746 +1.276141841e+001 +1.276141841e+001 -8.581590351e-003 -8.581590351e-003 +2.6423e+000 +1.3661e+000 +1.5855e+000 -2.2526e-001 +9.1851e-001
774 +1.122012085e+001 +1.122012085e+001 -1.549879147e+000 -1.549879147e+000 +2.7202e+000 +1.5132e+000 +1.5281e+000 +1.6641e-001 +9.1911e-001
1018 +1.015467496e+001 +1.015467496e+001 -2.615325045e+000 -2.615325045e+000 +2.6657e+000 +6.2419e-001 +1.6701e+000 +1.7856e-001 +9.4237e-001
1385 +8.738748647e+000 +8.738748647e+000 -4.031251353e+000 -4.031251353e+000 +2.6551e+000 +1.4745e+000 +1.6681e+000 +1.6429e-001 +9.4858e-001
1655 +8.050598350e+000 +8.050598350e+000 -4.719401650e+000 -4.719401650e+000 +2.7047e+000 +6.8030e-001 +1.5960e+000 +2.0886e-001 +9.5195e-001
1689 +7.790871620e+000 +7.790871620e+000 -4.979128380e+000 -4.979128380e+000 +2.6457e+000 +6.5599e-001 +1.6162e+000 +2.0374e-001 +9.5213e-001
1718 +7.558953101e+000 +7.558953101e+000 -5.211046899e+000 -5.211046899e+000 +2.6541e+000 +6.6321e-001 +1.5989e+000 +2.0701e-001 +9.4713e-001
1731 +7.403726390e+000 +7.403726390e+000 -5.366273610e+000 -5.366273610e+000 +2.6584e+000 +6.6700e-001 +1.5979e+000 +2.0403e-001 +9.4812e-001
1784 +7.232304596e+000 +7.232304596e+000 -5.537695404e+000 -5.537695404e+000 +2.6738e+000 +6.6200e-001 +1.5924e+000 +2.0299e-001 +9.5659e-001
1834 +7.055675107e+000 +7.055675107e+000 -5.714324893e+000 -5.714324893e+000 +2.6785e+000 +6.7084e-001 +1.5928e+000 +1.8946e-001 +9.5788e-001
% function evaluation | noise-free fitness - Fopt (-1.000000000000e+003) | best noise-free fitness - Fopt | measured fitness | best measured fitness | x1 | x2...
1 +6.808025155e+002 +6.808025155e+002 -3.191974845e+002 -3.191974845e+002 +4.7325e-001 +2.8928e+000 +3.6895e+000 -3.3880e+000 +8.4816e-001
16 +4.885467538e+002 +4.885467538e+002 -5.114532462e+002 -5.114532462e+002 -2.5570e+000 +1.4865e+000 +5.1113e-001 -5.7019e+000 -2.2714e+000
18 +3.419062649e+002 +3.419062649e+002 -6.580937351e+002 -6.580937351e+002 -2.1589e+000 +1.7001e+000 +3.1797e+000 -4.1881e+000 +5.9564e-001
19 +2.425901806e+002 +2.425901806e+002 -7.574098194e+002 -7.574098194e+002 +2.2827e-001 -1.4728e+000 +2.0907e+000 -7.0138e-001 -3.1141e+000
29 +2.026214389e+002 +2.026214389e+002 -7.973785611e+002 -7.973785611e+002 -3.0496e-001 -6.8246e-001 +1.8764e+000 -2.1232e+000 -1.9112e+000
36 +1.476085064e+002 +1.476085064e+002 -8.523914936e+002 -8.523914936e+002 -1.6484e-001 -1.0854e+000 +2.3626e+000 -4.1203e+000 +7.6683e-001
65 +1.173257072e+002 +1.173257072e+002 -8.826742928e+002 -8.826742928e+002 -1.0498e+000 -7.7075e-001 +6.3677e-001 -1.5944e+000 +5.9093e-001
126 +5.646132468e+001 +5.646132468e+001 -9.435386753e+002 -9.435386753e+002 -3.4833e-001 -2.0610e+000 +1.6066e+000 +5.7251e-001 +4.9961e-001
185 +5.346235827e+001 +5.346235827e+001 -9.465376417e+002 -9.465376417e+002 -7.4543e-001 -2.6526e+000 +4.6383e-001 -2.7829e-001 +8.1796e-001
238 +4.987828111e+001 +4.987828111e+001 -9.501217189e+002 -9.501217189e+002 -8.7863e-001 -5.1634e+000 +4.0069e-001 -1.9029e-001 +7.8412e-001
271 +4.638004628e+001 +4.638004628e+001 -9.536199537e+002 -9.536199537e+002 -8.8641e-001 -3.0107e+000 +9.2220e-001 +1.7500e-001 +2.3045e-001
307 +4.280103876e+001 +4.280103876e+001 -9.571989612e+002 -9.571989612e+002 -6.8127e-001 -2.9279e+000 +4.4509e-001 +1.4346e-001 +1.1316e+000
369 +4.084739197e+001 +4.084739197e+001 -9.591526080e+002 -9.591526080e+002 -9.6725e-001 -2.2069e+000 +1.0873e+000 +9.6959e-001 +4.5709e-001
370 +3.486239523e+001 +3.486239523e+001 -9.651376048e+002 -9.651376048e+002 -6.6171e-001 -2.1147e+000 +9.3172e-001 +4.9623e-001 +1.1046e+000
457 +2.980474390e+001 +2.980474390e+001 -9.701952561e+002 -9.701952561e+002 -1.0316e+000 -2.8312e+000 +1.8439e+000 +6.1756e-001 +8.5221e-001
465 +1.735382485e+001 +1.735382485e+001 -9.826461752e+002 -9.826461752e+002 -1.0368e+000 -2.8564e+000 +1.9507e+000 +6.4286e-001 +1.1559e+000
631 +1.658025572e+001 +1.658025572e+001 -9.834197443e+002 -9.834197443e+002 -8.5476e-001 -1.4200e+000 +1.9073e+000 +5.8442e-001 +1.1134e+000
632 +1.441894094e+001 +1.441894094e+001 -9.855810591e+002 -9.855810591e+002 -9.8024e-001 -1.2117e+000 +1.9479e+000 +6.0403e-001 +1.0701e+000
720 +1.242472333e+001 +1.242472333e+001 -9.875752767e+002 -9.875752767e+002 -8.6637e-001 -2.0585e+000 +2.0619e+000 +5.6931e-001 +1.1074e+000
721 +1.229203271e+001 +1.229203271e+001 -9.877079673e+002 -9.877079673e+002 -1.1384e+000 -1.9618e+000 +2.0101e+000 +5.8469e-001 +1.1190e+000
781 +1.040970779e+001 +1.040970779e+001 -9.895902922e+002 -9.895902922e+002 -9.7464e-001 -2.8536e+000 +1.9570e+000 +5.7748e-001 +1.1306e+000
1044 +9.971022512e+000 +9.971022512e+000 -9.900289775e+002 -9.900289775e+002 -9.3565e-001 -2.1288e+000 +2.0291e+000 +5.8671e-001 +1.1014e+000
1087 +8.885745832e+000 +8.885745832e+000 -9.911142542e+002 -9.911142542e+002 -9.1118e-001 -2.0700e+000 +1.9881e+000 +5.9707e-001 +1.0997e+000
1187 +7.545965380e+000 +7.545965380e+000 -9.924540346e+002 -9.924540346e+002 -9.7223e-001 -2.7669e+000 +2.0015e+000 +6.0125e-001 +1.1079e+000
% function evaluation | noise-free fitness - Fopt (-1.000000000000e+003) | best noise-free fitness - Fopt | measured fitness | best measured fitness | x1 | x2...
1 +2.336249163e+003 +2.336249163e+003 +1.336249163e+003 +1.336249163e+003 -1.6028e+000 -3.1745e+000 -9.1478e+000 +4.9684e+000 -2.6486e+000
13 +1.409732979e+003 +1.409732979e+003 +4.097329788e+002 +4.097329788e+002 +1.1482e+000 -6.9625e-001 +3.5455e+000 +3.3126e+000 -4.1656e-001
15 +1.855277266e+002 +1.855277266e+002 -8.144722734e+002 -8.144722734e+002 +7.8481e-001 -5.4371e+000 -8.4969e-001 +3.0789e+000 -1.1380e+000
34 +1.422126360e+002 +1.422126360e+002 -8.577873640e+002 -8.577873640e+002 -4.1737e-001 -2.3654e+000 +1.5458e+000 +3.9384e+000 -2.1596e+000
44 +1.318671666e+002 +1.318671666e+002 -8.681328334e+002 -8.681328334e+002 -2.9909e+000 -1.0142e+000 -7.5779e-001 +2.5413e+000 -1.3140e+000
53 +1.288166743e+002 +1.288166743e+002 -8.711833257e+002 -8.711833257e+002 -5.8853e-001 -4.2525e+000 +1.4117e+000 +1.3553e+000 -3.7178e-001
56 +1.220210826e+002 +1.220210826e+002 -8.779789174e+002 -8.779789174e+002 -8.1225e-001 -2.5353e+000 -2.9313e-001 +4.4767e+000 -9.3190e-001
81 +7.386351375e+001 +7.386351375e+001 -9.261364862e+002 -9.261364862e+002 -7.0360e-001 -2.4334e+000 +9.8131e-002 +3.0090e+000 -3.2904e-001
104 +6.239786044e+001 +6.239786044e+001 -9.376021396e+002 -9.376021396e+002 +2.3132e-002 -2.0710e+000 +8.8466e-001 +2.9210e+000 +2.0478e-001
150 +5.845176842e+001 +5.845176842e+001 -9.415482316e+002 -9.415482316e+002 -2.6830e-001 -1.7749e+000 +7.6888e-001 +2.3001e+000 +1.1331e-001
160 +5.639041835e+001 +5.639041835e+001 -9.436095816e+002 -9.436095816e+002 +1.4677e-001 -3.1036e+000 +4.2814e-001 +2.5684e+000 -3.4153e-001
181 +4.884139934e+001 +4.884139934e+001 -9.511586007e+002 -9.511586007e+002 +2.3400e-001 -1.6961e+000 +1.1297e+000 +4.2426e+000 +1.4138e-001
217 +3.578888871e+001 +3.578888871e+001 -9.642111113e+002 -9.642111113e+002 +1.3660e-001 -7.0555e-001 +5.1171e-001 +2.6697e+000 +7.8669e-001
231 +3.338035068e+001 +3.338035068e+001 -9.666196493e+002 -9.666196493e+002 -3.1254e-002 -7.3431e-001 +3.9004e-001 +3.5617e+000 +8.9432e-002
251 +1.606372074e+001 +1.606372074e+001 -9.839362793e+002 -9.839362793e+002 +1.9692e-001 -7.0740e-001 +9.5807e-001 +3.1047e+000 +1.4501e-001
554 +1.570890833e+001 +1.570890833e+001 -9.842910917e+002 -9.842910917e+002 +1.9928e-001 -2.5098e-001 +1.4939e+000 +3.4356e+000 +5.3493e-001
786 +1.258475243e+001 +1.258475243e+001 -9.874152476e+002 -9.874152476e+002 +2.4268e-001 -2.3003e-002 +1.4994e+000 +3.1009e+000 +5.2651e-001
838 +7.437554730e+000 +7.437554730e+000 -9.925624453e+002 -9.925624453e+002 +1.1844e+000 -1.4359e-001 +8.5962e-001 +3.1033e+000 +4.9940e-001
1010 +7.308704414e+000 +7.308704414e+000 -9.926912956e+002 -9.926912956e+002 +1.1724e+000 -1.5990e-001 +9.9299e-001 +3.0689e+000 +5.1312e-001
1104 +6.723455860e+000 +6.723455860e+000 -9.932765441e+002 -9.932765441e+002 +1.1871e+000 -1.1856e-001 +8.4454e-001 +3.0849e+000 +5.1844e-001
1161 +6.373184392e+000 +6.373184392e+000 -9.936268156e+002 -9.936268156e+002 +2.2573e+000 -1.0794e-001 +8.6587e-001 +3.0766e+000 +5.1856e-001
1240 +5.876569530e+000 +5.876569530e+000 -9.941234305e+002 -9.941234305e+002 +1.1850e+000 -1.1421e-001 +9.4624e-001 +3.0769e+000 +5.2004e-001
1344 +5.566112486e+000 +5.566112486e+000 -9.944338875e+002 -9.944338875e+002 +2.1721e+000 -1.4716e-001 +9.2811e-001 +3.0953e+000 +5.0527e-001
1363 +4.498305408e+000 +4.498305408e+000 -9.955016946e+002 -9.955016946e+002 +2.1649e+000 -1.1284e-001 +8.9605e-001 +3.0852e+000 +5.1827e-001
