% function evaluation | noise-free fitness - Fopt (7.135000000000e+001) | best noise-free fitness - Fopt | measured fitness | best measured fitness | x1 | x2...
1 +1.236200268e+002 +1.236200268e+002 +1.949700268e+002 +1.949700268e+002 +1.3620e+000 -3.8178e+000 -3.2219e+000 -4.3834e-001 -3.0671e+000 -1.3953e+000 -9.6104e-001 -6.6649e+000 +3.2794e+000 +2.8096e+000 +2.2046e-001 -5.9731e+000 -9.1390e-001 -7.9197e-002 +8.7360e-001 +5.5414e+000 -3.5570e+000 +6.4770e-001 -2.6634e+000 -5.0538e+000
2 +9.295488796e+001 +9.295488796e+001 +1.643048880e+002 +1.643048880e+002 +1.0443e+000 -4.5169e+000 +4.8518e-001 -7.8854e-001 +4.0581e+000 +3.1969e+000 +4.2695e+000 -2.2639e+000 -7.9226e+000 -1.0367e+000 -4.7782e-001 -1.6711e+000 +4.7003e-001 -5.3184e+000 -4.9053e-001 +1.9875e+000 -1.6991e+000 +2.5295e+000 -9.5983e+000 +3.1037e+000
5 +6.422630830e+001 +6.422630830e+001 +1.355763083e+002 +1.355763083e+002 +7.8847e+000 -3.8266e+000 -6.1384e+000 -5.4046e-001 -1.7099e+000 +5.3778e+000 +3.7189e+000 -3.3256e+000 -2.4922e+000 -2.1372e+000 -1.5021e+000 -4.1643e-001 +3.6024e+000 -6.1342e+000 +2.4095e+000 +5.1406e+000 -2.8589e+000 +4.1382e+000 -3.4117e+000 -1.4377e+000
7 +5.710517596e+001 +5.710517596e+001 +1.284551760e+002 +1.284551760e+002 -3.9105e+000 -1.6703e+000 -4.2248e+000 -5.1197e+000 -4.4410e+000 -2.1603e+000 +3.1797e+000 +8.7344e-002 +2.3709e+000 +2.2523e+000 -1.2496e+000 -2.7081e+000 +3.3393e-002 -4.6031e+000 -4.4113e+000 +6.3202e+000 -2.0913e+000 -3.0481e+000 -2.4693e+000 -3.6830e+000
13 +5.463203464e+001 +5.463203464e+001 +1.259820346e+002 +1.259820346e+002 +1.3038e+000 -2.9301e+000 -6.1825e+000 -1.9416e+000 -5.1990e+000 -2.1525e-001 +2.7499e+000 -4.5388e+000 +4.0993e+000 +3.7700e+000 -6.9135e-002 -3.6491e+000 +5.9042e-001 -2.4197e+000 -1.5867e+000 +4.4197e+000 -5.6592e+000 -9.8237e-001 +2.5333e-002 -5.3553e+000
22 +5.121050499e+001 +5.121050499e+001 +1.225605050e+002 +1.225605050e+002 -2.8523e+000 -3.0242e+000 -1.8591e+000 -3.5917e-001 +1.2231e+000 +1.0101e+000 +2.5406e+000 -2.1182e+000 +2.8546e+000 +4.1265e+000 +1.3819e+000 -3.5162e+000 +4.6768e+000 -2.4629e+000 -1.7783e+000 +2.1682e+000 -2.0608e+000 -8.5973e-001 +7.4967e+000 -3.2417e+000
84 +2.568146486e+001 +2.568146486e+001 +9.703146486e+001 +9.703146486e+001 +5.0602e+000 -1.3743e+000 -5.4511e+000 +9.1567e-001 -4.2930e+000 +3.6724e+000 +1.0604e+000 -2.7737e+000 +4.3356e+000 +4.4444e+000 +1.1176e+000 -4.7727e+000 +1.1784e+000 -6.1846e-001 -3.7299e+000 +4.4381e+000 -9.2923e-001 -2.2308e+000 -3.1539e+000 -5.4267e+000
42069 +2.241960444e+001 +2.241960444e+001 +9.376960444e+001 +9.376960444e+001 +1.8069e+000 -3.1446e+000 +3.4764e+000 +4.2914e+000 -1.7752e+000 -3.5898e+000 -5.4662e-001 -4.3150e-001 -7.9135e-001 -6.2418e+000 -2.4252e+000 +7.4351e-001 +3.3147e-001 +1.4336e+000 -1.6805e+000 -9.8460e-001 +4.3115e+000 -1.6199e+000 -1.5130e+000 +3.1087e-001
242387 +2.042650404e+001 +2.042650404e+001 +9.177650404e+001 +9.177650404e+001 -1.3469e+000 +4.4203e-001 +5.9563e-001 -2.5257e+000 -1.2729e+000 +7.9876e-001 +2.2485e+000 -8.1514e-001 +4.3003e+000 +4.6131e+000 -1.2212e+000 -1.5384e+000 -3.1935e+000 +6.3168e-002 +7.9778e-001 +2.1033e+000 -7.3606e-001 +2.9412e-001 -2.2033e-001 +1.6380e+000
275196 +1.889191624e+001 +1.889191624e+001 +9.024191624e+001 +9.024191624e+001 +1.7358e+000 -2.9113e+000 +1.4251e+000 +3.5178e+000 -1.1559e-002 +5.3257e-001 -5.0216e-001 -1.0736e+000 +1.7395e-001 -2.3022e-001 +3.2992e+000 +5.8360e-001 -6.0229e-001 -2.6354e+000 +1.6731e+000 +4.7615e+000 -8.3860e-001 +7.4041e-001 +6.9782e-001 +4.6441e-001
325470 +1.765119659e+001 +1.765119659e+001 +8.900119659e+001 +8.900119659e+001 +5.7172e-001 -1.9443e+000 -2.2895e+000 -4.4672e+000 +4.3198e+000 +2.0052e+000 +1.9053e+000 +2.0225e+000 +4.0790e+000 +5.5267e-001 -1.4699e+000 -9.9921e-001 +3.2729e+000 -4.0388e+000 -4.6171e+000 -4.2334e+000 -4.1442e+000 -1.7270e-001 +7.9342e-001 +4.1685e+000
1794144 +1.482646614e+001 +1.482646614e+001 +8.617646614e+001 +8.617646614e+001 +3.3326e-001 -3.4556e-002 +4.7905e+000 -2.1281e+000 +1.0648e+000 -5.5462e+000 +5.0782e-001 -4.4184e+000 +4.4034e-001 +1.2864e+000 +2.2145e+000 +4.7411e-001 +1.2762e+000 +4.9960e+000 +6.3767e-001 -4.3765e-001 +2.5202e+000 +2.1174e+000 -4.4278e+000 -3.2656e+000
17111260 +9.885575007e+000 +9.885575007e+000 +8.123557501e+001 +8.123557501e+001 +2.9659e+000 -1.4298e+000 +1.7993e+000 -3.2199e+000 +4.0215e+000 +2.8098e+000 -2.1820e+000 +1.0030e+000 -3.1249e+000 -1.7506e+000 +5.1446e+000 -3.0398e+000 -2.6079e+000 -1.0888e+000 +1.2138e+000 -1.2366e+000 +1.9451e+000 -1.6235e+000 -5.3591e-001 -1.3793e+000
% function evaluation | noise-free fitness - Fopt (-3.552200000000e+002) | best noise-free fitness - Fopt | measured fitness | best measured fitness | x1 | x2...
1 +8.956231921e+001 +8.956231921e+001 -2.656576808e+002 -2.656576808e+002 +2.4391e+000 -3.8362e+000 -2.3103e+000 -2.0889e+000 -4.1264e+000 +2.7620e+000 +1.6494e+000 -8.9865e-001 +4.5492e+000 -7.9640e-001 +5.0436e+000 +4.3480e+000 -2.7599e+000 +6.2297e+000 -3.0975e+000 +7.1967e+000 -2.2129e+000 -4.7444e-001 +1.4903e+000 -1.9815e+000
3 +4.281486752e+001 +4.281486752e+001 -3.124051325e+002 -3.124051325e+002 +1.8123e+000 -4.2344e+000 +5.2136e+000 +2.8806e+000 -6.2692e-001 +2.2388e+000 +9.2482e-001 -3.1341e+000 +4.5542e+000 -4.3710e+000 +3.2664e-001 +3.2411e+000 -3.3339e+000 +6.2370e+000 -2.8642e-001 +1.3660e+000 -7.0269e+000 -2.4385e+000 +1.6384e+000 -3.6116e+000
267 +3.865037388e+001 +3.865037388e+001 -3.165696261e+002 -3.165696261e+002 +5.3911e+000 +1.7428e+000 -3.5383e-001 +4.9092e+000 -1.8418e+000 +1.2569e+000 +3.8745e+000 -4.6817e+000 +1.7339e+000 -2.5813e+000 +2.3590e+000 +4.1707e+000 -2.0509e+000 +2.3309e+000 +1.5672e+000 +4.9872e+000 -4.7308e+000 +6.4435e-001 -9.0568e-001 +1.7385e+000
711 +3.232801711e+001 +3.232801711e+001 -3.228919829e+002 -3.228919829e+002 +5.1533e+000 -1.4990e+000 +1.4047e-001 +8.7175e+000 -1.3134e+000 +1.7819e+000 -2.0243e+000 -1.5818e+000 +4.2926e+000 -1.9579e+000 +6.0648e+000 -7.2004e-001 -3.3294e+000 +4.1581e-001 +4.1733e+000 +1.4403e-001 -2.2732e+000 +2.4686e+000 +3.4726e+000 -3.4686e+000
1532 +2.992783509e+001 +2.992783509e+001 -3.252921649e+002 -3.252921649e+002 +5.5448e+000 +3.0598e+000 +1.8506e+000 +2.4386e+000 -3.2201e+000 +6.9298e+000 -3.0594e+000 +2.7251e+000 -3.3971e+000 +2.6926e+000 -6.6421e+000 +2.5021e+000 +4.5834e+000 -4.7451e-001 +8.3739e+000 +2.0745e+000 -4.7379e-001 +1.9078e+000 +2.4264e+000 +1.0454e-001
6014 +2.950893544e+001 +2.950893544e+001 -3.257110646e+002 -3.257110646e+002 -4.6031e-001 -5.1292e+000 -8.0973e-001 -1.7863e+000 -1.2953e+000 +1.7829e+000 +2.8735e+000 +8.6851e-001 +4.3636e+000 -3.8899e-001 -2.5095e-001 -3.9984e+000 +2.8133e+000 +2.1800e+000 -5.3965e-001 -2.4224e+000 -9.9993e-001 -1.7831e+000 -6.9486e-001 -5.8318e+000
6534 +2.687953815e+001 +2.687953815e+001 -3.283404619e+002 -3.283404619e+002 +4.5263e+000 -2.8087e-002 +1.9907e+000 -8.1622e-001 +1.3154e+000 +2.3064e+000 +6.1311e+000 -2.4234e+000 +2.3767e+000 -5.2061e+000 -3.5476e+000 +4.7867e-002 +4.9256e+000 +8.2674e-001 -1.8829e+000 -3.0927e-001 -1.2991e+000 -2.2540e-001 -1.2735e+000 -5.0364e+000
30974 +2.333059647e+001 +2.333059647e+001 -3.318894035e+002 -3.318894035e+002 -7.7602e-001 -3.4546e+000 +5.9970e+000 -7.9590e-001 -6.1211e-001 +9.2254e-001 +2.2146e+000 +3.3316e+000 +4.7814e-001 -1.8549e+000 -1.2308e+000 +4.4665e+000 -2.4015e+000 -2.5101e+000 -1.3305e+000 +1.8524e+000 +8.9138e-001 +3.3068e+000 +5.4286e-001 -1.8547e+000
156441 +2.084429836e+001 +2.084429836e+001 -3.343757016e+002 -3.343757016e+002 +1.9899e+000 -1.1129e+000 +3.3929e+000 -1.8139e+000 -3.8784e+000 +2.6009e+000 +5.1804e+000 +7.1290e-001 +5.0698e-002 +1.0343e+000 -5.3582e+000 +7.5199e-002 -3.6511e-001 +3.2473e+000 +3.2834e+000 -2.9431e+000 -2.4234e+000 -8.4764e-001 +2.7043e+000 +4.6438e+000
166873 +2.012682660e+001 +2.012682660e+001 -3.350931734e+002 -3.350931734e+002 -5.3037e-001 -2.8574e+000 -1.7289e+000 +1.4028e+000 -3.9108e+000 -2.4785e-001 +1.2414e+000 +3.8457e+000 -2.1960e+000 +3.1678e+000 -5.3469e+000 +2.2674e+000 -2.5783e+000 -2.3708e+000 -5.9541e-002 +2.2721e+000 -3.5133e+000 -5.3562e+000 -8.1748e-001 +2.8339e+000
482155 +1.949518846e+001 +1.949518846e+001 -3.357248115e+002 -3.357248115e+002 -2.2398e+000 +5.1318e+000 +3.3549e+000 +4.5900e-001 -1.6673e+000 -2.2959e+000 -1.7428e+000 -1.5850e+000 -2.4253e+000 +2.8809e+000 +3.8617e-002 -2.4917e+000 -2.6896e+000 -2.7007e+000 +3.4874e+000 +6.2766e-002 -3.7597e+000 -1.2719e+000 +5.7039e-001 +3.4539e+000
1444321 +1.853218966e+001 +1.853218966e+001 -3.366878103e+002 -3.366878103e+002 -3.9467e-001 +1.7436e+000 -4.5675e+000 -1.2824e+000 +2.8511e+000 -5.7261e+000 -8.9375e-001 +2.2726e+000 +5.4525e+000 +1.3109e+000 -9.5589e-001 -3.9988e+000 +1.1506e+000 -2.6103e+000 +1.8566e+000 +1.1726e+000 -1.6202e+000 -1.8207e+000 -6.2197e-001 +4.3170e+000
2860180 +1.462080201e+001 +1.462080201e+001 -3.405991980e+002 -3.405991980e+002 -3.5836e+000 -2.2313e+000 +1.3017e+000 -5.0266e+000 +4.3171e-001 -1.2992e-001 +1.9083e+000 +5.6243e-002 -1.8001e+000 +1.3283e+000 +3.3009e-001 -1.8729e+000 +2.5316e+000 +2.0002e+000 +4.1028e-001 -3.8099e-001 +3.6708e-001 -8.2784e-001 -2.3672e-001 -3.8926e+000
4439324 +1.322847857e+001 +1.322847857e+001 -3.419915214e+002 -3.419915214e+002 +1.6645e+000 +1.6065e+000 +6.5009e-001 +7.9534e-001 +1.2314e+000 -2.9383e+000 -3.8968e+000 +1.1302e+000 +3.3054e+000 +2.1379e+000 -2.2565e+000 -6.6390e-001 +7.5711e-001 +3.2650e+000 +5.7440e-001 +1.1683e+000 -1.5712e+000 -5.9022e+000 -1.5740e+000 -6.3006e-001
% function evaluation | noise-free fitness - Fopt (9.917000000000e+001) | best noise-free fitness - Fopt | measured fitness | best measured fitness | x1 | x2...
1 +6.039082163e+001 +6.039082163e+001 +1.595608216e+002 +1.595608216e+002 -3.1216e+000 +3.0804e+000 +7.7057e+000 +2.2314e+000 +3.9574e+000 -5.8349e+000 -2.5400e-001 -3.9980e-001 -3.3259e+000 +9.1258e+000 +3.5640e+000 +3.5465e+000 -1.9748e+000 -5.7136e+000 +3.1889e+000 -1.0837e+000 -2.5604e+000 +2.9412e+000 +8.6218e-001 +5.5389e+000
2 +5.559187288e+001 +5.559187288e+001 +1.547618729e+002 +1.547618729e+002 -2.4786e+000 +1.6802e+000 +5.7913e+000 +2.0949e+000 +1.2566e+000 +3.2637e+000 +1.9473e+000 -1.9697e+000 +1.9566e+000 -4.9972e-001 +3.9122e+000 +3.4558e+000 -5.3087e+000 +3.3265e+000 -2.1955e+000 -1.3113e-001 -4.5190e+000 +3.1448e-001 -1.4107e+000 -1.6061e+000
91 +4.277328075e+001 +4.277328075e+001 +1.419432808e+002 +1.419432808e+002 -3.1522e+000 -7.3064e-001 -1.5402e-002 -1.7635e-001 -3.1016e-001 +2.2054e+000 -1.4595e+000 -1.9818e+000 -3.6874e-001 +2.6171e+000 +1.3587e+000 -2.4362e+000 -2.9621e+000 +1.2794e+000 -1.5923e+000 -2.4034e+000 -4.2851e+000 -4.6191e+000 +2.4522e+000 -1.2430e-001
176 +3.249108068e+001 +3.249108068e+001 +1.316610807e+002 +1.316610807e+002 +4.6501e-001 -1.9897e+000 +6.3106e+000 +4.6875e+000 -1.4073e+000 -6.3558e-001 +3.1341e+000 +5.4351e+000 +6.5243e+000 +1.9337e+000 +4.0919e+000 +2.7239e+000 -6.7881e+000 +2.3029e+000 +7.2468e+000 -6.3149e+000 -2.2645e+000 -3.0816e+000 -4.5870e+000 -4.5638e-001
7530 +3.130042336e+001 +3.130042336e+001 +1.304704234e+002 +1.304704234e+002 -1.8387e+000 -1.3396e+000 +1.7168e+000 +1.7734e+000 +4.9148e+000 +3.6739e+000 -3.5828e+000 +2.5259e+000 -1.0051e-001 -7.6768e-001 +3.5607e+000 -1.3309e+000 -7.6270e-002 +5.9741e+000 -3.1697e+000 -8.6256e+000 +2.8698e+000 +2.5783e-001 -1.1413e-001 -7.3764e-001
7555 +2.640499181e+001 +2.640499181e+001 +1.255749918e+002 +1.255749918e+002 +8.5571e-001 +3.1078e+000 +9.7052e-001 -1.4126e+000 -2.9935e+000 -7.4470e-001 +3.0033e-002 +1.7766e+000 -7.3349e-001 +7.1790e-001 +1.8278e+000 -1.7038e+000 -7.4267e-001 +2.7805e-001 -1.0913e+000 +9.0582e-001 -1.0439e+000 -3.8455e-001 +3.6815e+000 -3.0546e+000
15202 +2.425292680e+001 +2.425292680e+001 +1.234229268e+002 +1.234229268e+002 -1.0450e+000 +4.5673e+000 -4.4998e+000 +2.2776e+000 -3.3949e+000 -8.9886e-001 +5.8352e+000 -2.8805e+000 +4.3562e+000 -6.7190e+000 -4.3095e+000 +8.5098e-001 +9.3006e-001 +6.0854e+000 -1.6371e+000 +3.6006e+000 +2.8942e+000 +1.7264e+000 +4.1095e+000 -8.7707e-001
199391 +2.311243945e+001 +2.311243945e+001 +1.222824394e+002 +1.222824394e+002 -1.0418e+000 -1.0885e+000 -4.4264e-001 +4.8015e-001 +2.8586e+000 -2.2757e+000 +3.4897e-001 -2.4466e+000 -1.9904e+000 -2.5347e-002 +2.5096e+000 +6.4002e+000 -4.9614e+000 -3.1071e+000 -5.3832e+000 -7.0940e-001 -4.3338e+000 +4.2310e+000 -1.8812e+000 -2.7745e+000
304446 +2.273191663e+001 +2.273191663e+001 +1.219019166e+002 +1.219019166e+002 +9.2016e-001 +1.2190e-001 +3.8632e+000 +5.0786e-001 -2.8162e+000 +1.9573e+000 -1.3765e+000 -2.1210e+000 +3.5483e+000 -2.0607e+000 +2.6811e+000 +9.3278e-001 -1.0731e+000 +3.0281e+000 -6.6010e+000 +3.9314e+000 +1.1863e-001 -9.1812e-001 -5.9285e+000 -3.7292e+000
374933 +2.230243668e+001 +2.230243668e+001 +1.214724367e+002 +1.214724367e+002 -7.4482e-001 +2.6129e+000 -2.4405e+000 +1.8897e+000 -3.0189e+000 +5.5234e-001 -1.1713e+000 +5.0134e+000 +2.6964e+000 +2.2733e+000 -2.9582e+000 +2.6363e+000 +1.2704e+000 -3.0566e+000 +3.6970e+000 -2.8479e+000 +2.7574e+000 +1.0749e+000 +3.3398e+000 +4.6361e+000
575976 +1.822242902e+001 +1.822242902e+001 +1.173924290e+002 +1.173924290e+002 +2.9578e+000 -5.1147e+000 +4.5106e-001 -2.7108e-001 -6.0523e-001 -2.7088e-001 -3.4807e+000 +4.5288e+000 -2.4400e+000 +1.1238e+000 +2.4854e+000 +4.7098e-001 +7.9143e+000 -1.0536e+000 +1.8840e+000 -9.7672e-001 -8.3702e-002 -1.6685e+000 +1.6969e-001 +3.5496e+000
684109 +1.574215183e+001 +1.574215183e+001 +1.149121518e+002 +1.149121518e+002 +7.1053e-001 -3.9854e+000 +2.1375e+000 +1.8636e+000 -1.3840e+000 -2.1573e+000 +1.6984e+000 +1.5422e+000 -1.9268e+000 -2.3161e+000 -1.0380e+000 +9.6001e-001 -3.9938e+000 +2.1258e+000 +1.1703e+000 +1.9947e-001 -1.6054e+000 -5.2725e+000 -5.3540e-001 -1.6589e+000
2997790 +1.433344150e+001 +1.433344150e+001 +1.135034415e+002 +1.135034415e+002 +4.5762e-001 -3.3246e-001 -8.4487e-001 -3.0788e-002 -8.1235e-001 -1.3463e+000 +2.0724e+000 +2.6852e+000 -2.9204e+000 -2.7598e+000 +1.5217e+000 -2.3990e+000 -5.1020e+000 +3.4369e+000 +1.2940e+000 +2.1093e+000 +1.7409e+000 +1.9709e+000 -3.5184e+000 +1.6566e+000
15686844 +1.153283065e+001 +1.153283065e+001 +1.107028307e+002 +1.107028307e+002 +3.5296e-001 -3.3439e+000 +1.2241e+000 +6.1009e-001 -5.2831e-001 +4.4736e+000 -5.1021e+000 -5.3699e-001 -4.8130e+000 -5.0405e+000 -7.1476e-001 -5.2795e-002 +1.3256e+000 +2.5273e+000 -3.2768e+000 -3.3682e+000 -1.1652e+000 -6.5140e-001 -2.1592e+000 +5.1310e-003
% function evaluation | noise-free fitness - Fopt (-5.179100000000e+002) | best noise-free fitness - Fopt | measured fitness | best measured fitness | x1 | x2...
1 +8.469197315e+001 +8.469197315e+001 -4.332180269e+002 -4.332180269e+002 -3.9293e+000 +1.2033e+000 +4.1702e+000 +5.7684e+000 +3.9727e-001 +3.9673e+000 -3.9856e+000 -4.9760e+000 +1.3173e+000 -8.0926e+000 -4.7977e+000 +3.5659e+000 +2.0859e+000 -6.3558e-001 +3.5589e-001 +1.3573e+000 +2.7216e+000 +2.3246e+000 -5.5218e+000 +1.2191e+000
4 +6.096342756e+001 +6.096342756e+001 -4.569465724e+002 -4.569465724e+002 -4.2605e+000 +2.1483e+000 +5.3960e+000 +3.7609e+000 +9.0431e-001 +1.8879e+000 -3.9689e+000 -4.7996e+000 +3.4708e+000 +4.6281e-001 -5.1713e+000 -1.4297e+000 -2.6914e+000 -1.8968e+000 -7.8625e-001 -2.4688e+000 +1.1838e+000 -2.3211e+000 -1.9827e+000 -3.0991e+000
5 +5.658691939e+001 +5.658691939e+001 -4.613230806e+002 -4.613230806e+002 +2.3498e+000 +8.2688e-001 +6.8583e+000 +4.9923e-001 -3.9811e+000 +2.4999e+000 -4.6825e+000 -3.2794e+000 +5.0158e+000 +5.2255e+000 -5.5006e+000 +3.5195e+000 -3.8125e+000 +1.8282e+000 -3.6702e+000 -3.4913e+000 +2.6266e+000 -2.0292e+000 -4.6678e+000 +1.6389e+000
13 +5.315547388e+001 +5.315547388e+001 -4.647545261e+002 -4.647545261e+002 -2.4350e+000 -3.6252e+000 +8.0423e+000 +4.4936e+000 +2.4205e+000 +6.4300e+000 -4.1902e+000 -4.2842e+000 +3.8040e+000 -2.9106e+000 -2.8639e+000 -2.1181e+000 -5.4876e+000 -2.5738e+000 -2.7188e+000 -3.3369e+000 +8.7112e-001 +7.9009e+000 -5.5024e+000 +2.1984e+000
91 +4.614477375e+001 +4.614477375e+001 -4.717652262e+002 -4.717652262e+002 -1.7874e+000 +1.7331e+000 +2.3962e+000 +6.1873e+000 -1.3265e+000 +2.4312e+000 -3.3036e+000 -3.1672e+000 +2.1146e+000 +2.7279e-001 -3.2944e+000 +2.5629e+000 -4.5292e+000 -1.7250e+000 +4.3190e+000 -1.7127e+000 +2.3031e+000 +2.9396e+000 -5.2606e+000 +1.7544e+000
372 +4.217106733e+001 +4.217106733e+001 -4.757389327e+002 -4.757389327e+002 -6.0143e+000 +4.0257e+000 +4.4841e+000 -4.2031e-001 +3.9062e+000 -1.3296e+000 -4.4159e+000 -1.7273e+000 +3.9764e+000 -4.9593e-001 -4.0824e+000 +1.0803e+000 -4.4589e+000 +1.5252e-001 +9.6709e-001 -1.7971e+000 +5.3868e+000 -1.5930e-001 -3.1418e+000 +2.5182e+000
469 +3.927886291e+001 +3.927886291e+001 -4.786311371e+002 -4.786311371e+002 -4.0527e+000 +2.7835e+000 +1.5474e+000 +1.0061e+000 +7.2777e+000 +5.1720e+000 +7.4541e-001 -7.1649e+000 +8.0421e-001 -9.3389e-002 -2.8730e+000 +1.5209e+000 -3.5606e+000 +2.9220e+000 -6.6323e-001 -3.2748e+000 +4.1165e+000 +3.4595e+000 -5.3274e+000 +5.3887e-001
903 +3.302706655e+001 +3.302706655e+001 -4.848829335e+002 -4.848829335e+002 +1.5136e-001 +9.0066e-001 +1.1388e+000 +1.0679e+000 -8.4821e+000 +2.4899e+000 -1.6439e+000 -4.6511e+000 +2.7334e+000 +1.9853e+000 -3.3158e+000 -5.4348e-001 +8.6755e+000 -1.0313e-001 +2.9821e+000 +1.6535e+000 +1.4583e+000 -3.3192e+000 -7.3502e+000 +1.9943e+000
995 +2.663946542e+001 +2.663946542e+001 -4.912705346e+002 -4.912705346e+002 -1.0635e+000 -8.7825e-001 +3.9330e+000 +4.0671e+000 +3.2246e+000 -6.2541e+000 -9.3854e-001 -4.7515e+000 +4.7043e+000 -1.7163e+000 -6.5452e-001 -3.3746e+000 -1.7576e+000 +6.3112e-001 +2.6182e+000 -5.3081e-001 +4.2369e+000 +5.5936e-001 -4.1247e+000 -2.1546e+000
13589 +2.590214636e+001 +2.590214636e+001 -4.920078536e+002 -4.920078536e+002 +3.6606e+000 -6.7888e-001 -8.8559e+000 -3.6386e+000 +1.3106e-001 -1.4213e+000 +1.6484e+000 +1.0955e+000 -6.2206e-001 -1.5383e+000 -3.7711e+000 +4.5488e-001 +2.3252e+000 +7.3240e-001 -2.4634e+000 +3.6033e+000 -2.4619e+000 -5.9684e+000 +3.4898e+000 +3.3306e+000
14865 +2.326168073e+001 +2.326168073e+001 -4.946483193e+002 -4.946483193e+002 -4.0303e+000 +4.7329e+000 -1.6351e+000 -1.6149e+000 -1.0010e+000 +1.0504e-001 -4.0470e+000 -4.1991e+000 -7.1016e-001 +3.6319e+000 -2.8666e+000 -3.4031e-001 +1.2409e+000 +6.8992e-001 +6.6274e-002 +5.4744e-001 +9.0308e-001 -3.0520e+000 -1.6450e+000 +3.6844e+000
104141 +2.205041463e+001 +2.205041463e+001 -4.958595854e+002 -4.958595854e+002 +2.0464e+000 -1.9861e+000 +1.2657e+000 +2.6647e-001 +1.9091e+000 -3.3190e+000 -1.3082e+000 +1.1433e+000 -2.1232e-001 -7.0928e-001 +1.2896e+000 -7.7741e-001 +6.5634e-001 -2.5247e+000 -1.8551e-001 -1.8294e+000 -4.4836e+000 -1.0823e+000 -2.1078e+000 +2.7076e-001
435906 +1.591485704e+001 +1.591485704e+001 -5.019951430e+002 -5.019951430e+002 -2.9295e+000 -2.8915e+000 +8.4561e-001 +1.4861e+000 -2.2320e+000 +1.8999e-001 +1.7096e+000 -1.1873e-001 +8.1293e-001 -1.4419e+000 -4.8313e+000 -8.3483e-001 -4.5817e+000 +7.0125e-001 +7.4561e-001 -9.7033e-001 -2.2092e+000 -7.3735e-001 +2.6588e+000 +7.1402e-001
4478764 +1.434505960e+001 +1.434505960e+001 -5.035649404e+002 -5.035649404e+002 +4.1743e-001 +3.3326e+000 +7.8070e-001 +3.7551e+000 +1.9151e+000 -8.7285e-001 +2.6286e+000 -2.7877e+000 +7.7153e-001 +2.7348e+000 +5.1805e+000 -2.3023e+000 +2.1253e+000 +5.4340e-001 +1.3085e+000 +1.2393e+000 +3.9734e-001 +6.1289e-001 +1.3761e+000 +8.9836e-001
% function evaluation | noise-free fitness - Fopt (-5.721000000000e+001) | best noise-free fitness - Fopt | measured fitness | best measured fitness | x1 | x2...
1 +1.060467097e+002 +1.060467097e+002 +4.883670972e+001 +4.883670972e+001 +5.7745e+000 -4.2046e-001 +6.0180e+000 -5.1083e+000 +4.0610e-001 -8.8389e-001 +6.7468e+000 -8.1840e+000 +2.0188e+000 +4.9095e-001 -1.5649e+000 -1.5520e-001 -4.3664e+000 +4.1816e+000 -5.4407e+000 -4.7823e+000 +1.5720e+000 -6.2180e+000 -8.9088e+000 -3.8888e+000
2 +7.778532079e+001 +7.778532079e+001 +2.057532079e+001 +2.057532079e+001 +6.0656e+000 -1.5327e+000 +1.6347e+000 -2.2880e+000 -1.0893e+000 -8.2221e+000 +2.5115e+000 -1.1194e+001 -1.5055e-001 +9.8229e-001 -1.5288e+000 +2.2185e+000 -4.2250e+000 +2.1468e+000 -5.8802e+000 -7.6097e+000 -1.8721e+000 -2.5219e+000 -1.4684e+000 -3.6914e+000
6 +7.172823744e+001 +7.172823744e+001 +1.451823744e+001 +1.451823744e+001 +3.4730e+000 +1.6053e+000 +5.5843e+000 -2.0627e+000 -3.3271e+000 +7.6644e-001 +5.7178e+000 -1.1254e+001 +1.5541e+000 +6.1839e+000 -2.5853e+000 +1.4404e+000 -2.8966e+000 -6.2353e+000 -6.8266e+000 -3.1363e+000 +8.7210e+000 -1.7240e+000 -4.7314e+000 +1.7296e+000
13 +6.244393148e+001 +6.244393148e+001 +5.233931479e+000 +5.233931479e+000 +2.7531e+000 +2.8687e+000 +7.0967e+000 -4.7231e+000 -3.0742e+000 -2.6081e-001 +3.2953e+000 -5.4274e+000 -3.3564e+000 +6.6667e-001 -3.1674e+000 +9.1545e-001 -1.7334e+000 +3.9183e+000 -9.2373e+000 -3.5157e+000 -2.0042e+000 -2.9484e+000 -2.7377e+000 -9.2574e-001
42 +4.497986710e+001 +4.497986710e+001 -1.223013290e+001 -1.223013290e+001 +4.3388e+000 +2.2235e+000 +4.3237e+000 -3.3019e+000 -2.9598e+000 +1.1168e+000 +6.0367e+000 -3.7449e+000 -9.1061e-001 +2.3661e+000 -3.1079e+000 -2.6678e+000 -1.7521e+000 +9.8998e+000 -1.7772e+000 -6.4102e+000 -3.7962e+000 -6.4638e+000 -2.4422e+000 -2.1772e+000
150 +4.374044568e+001 +4.374044568e+001 -1.346955432e+001 -1.346955432e+001 +6.3699e+000 +1.3169e+000 +4.5723e+000 +1.9898e+000 -1.6755e+000 -3.5498e+000 +5.2760e+000 -5.6093e+000 -4.5862e+000 +4.1429e+000 -2.1943e+000 -3.5395e-003 -4.0612e+000 +5.1742e+000 -2.6855e+000 -4.9261e+000 +5.7870e-001 -3.7896e+000 -5.0434e+000 -1.5229e+000
209 +3.859389804e+001 +3.859389804e+001 -1.861610196e+001 -1.861610196e+001 +4.0513e+000 -8.2107e-001 +2.3977e+000 -3.3610e+000 -4.4907e+000 -2.2101e+000 +1.4759e+000 -2.5490e+000 +1.1968e+000 +3.4961e+000 -1.0801e+000 +1.8401e-001 -3.4144e+000 +3.5140e+000 -2.2970e+000 -6.4500e-002 -5.0496e+000 -6.9209e+000 -5.0209e+000 -6.5127e-001
1098 +3.596923896e+001 +3.596923896e+001 -2.124076104e+001 -2.124076104e+001 +5.4924e+000 -3.6541e+000 +1.9796e+000 +1.4336e+000 +9.2051e-001 -2.4261e+000 +1.1877e-001 -5.3189e+000 -1.5002e+000 +2.9338e+000 +9.0891e-001 +4.7093e+000 +8.3140e-001 +5.1899e+000 +7.5136e-002 -2.1709e+000 +2.2402e+000 -2.4956e+000 +5.5567e+000 -6.0325e+000
4137 +3.100117315e+001 +3.100117315e+001 -2.620882685e+001 -2.620882685e+001 +4.4108e+000 -6.3211e-001 -2.2901e+000 +4.0187e-001 +7.7562e-001 +1.4736e+000 -3.0486e+000 +1.0029e+000 -1.4215e+000 -4.4973e+000 -4.8078e+000 +2.3179e+000 -1.9157e-001 -5.1974e-001 +1.9794e+000 -1.8393e-001 -4.9205e-001 -2.3177e+000 +1.5230e+000 +3.5772e+000
15403 +2.647902032e+001 +2.647902032e+001 -3.073097968e+001 -3.073097968e+001 -6.7373e+000 -6.0666e-001 -2.1219e+000 -1.5664e+000 -2.9312e+000 -4.6075e+000 +9.2982e-001 +1.2238e+000 -8.5486e-001 -2.5388e+000 -5.4392e-001 +1.5060e+000 +1.4188e-003 +6.3779e-001 -1.5606e+000 +7.4329e-001 -2.6954e+000 +2.9803e+000 -1.3951e+000 -8.4227e-001
16127 +2.325131443e+001 +2.325131443e+001 -3.395868557e+001 -3.395868557e+001 -4.0701e+000 -9.3770e-001 +2.7445e+000 +2.5953e+000 +1.1501e+000 -1.9747e-001 +3.7901e+000 -6.1250e-001 -3.1615e+000 -1.5168e+000 -2.8462e+000 -3.9318e-002 -3.7716e-001 +3.6422e+000 -2.8338e+000 -9.2686e-001 -5.4330e+000 +5.9300e+000 +1.1504e+000 +4.4092e-001
26305 +2.249725781e+001 +2.249725781e+001 -3.471274219e+001 -3.471274219e+001 -4.9896e+000 +5.2610e+000 +4.5643e+000 +9.6126e-001 -4.0175e+000 +7.1221e-002 +2.8647e+000 +4.6550e-001 -2.2573e+000 -1.2331e-001 -3.7361e+000 -1.3762e+000 +2.2010e+000 +6.9309e-001 -3.2323e-001 -9.3694e-002 -4.9167e+000 +2.8258e+000 +3.7798e+000 -1.1634e+000
96738 +2.107758304e+001 +2.107758304e+001 -3.613241696e+001 -3.613241696e+001 +1.4344e+000 +4.7493e+000 +9.9270e-001 +1.4488e+000 -2.6650e+000 -6.3343e+000 -2.3347e+000 +5.2666e+000 +2.8935e+000 +3.4068e+000 -2.1277e+000 -3.6614e+000 +1.6369e+000 -7.7140e-001 +3.9812e+000 +1.4738e+000 -4.6033e+000 -4.0198e+000 -2.3245e-001 -4.3678e+000
168161 +2.087177776e+001 +2.087177776e+001 -3.633822224e+001 -3.633822224e+001 +5.4939e+000 -1.7442e+000 -6.9391e-001 -5.0430e-001 -1.3405e+000 +2.8045e+000 +3.2570e-001 +1.9670e+000 -3.2629e-001 -8.9979e-002 +3.5834e+000 +1.2741e+000 +2.8433e+000 +9.2842e-001 -2.6452e+000 -4.3724e+000 +9.2941e-002 -2.3981e+000 +5.0482e-001 +6.3572e-001
402887 +1.654852965e+001 +1.654852965e+001 -4.066147035e+001 -4.066147035e+001 +3.2191e+000 -1.6360e+000 -6.5736e+000 +9.7826e-001 -9.0486e-001 -2.1311e+000 -4.6694e+000 -4.1453e-001 +6.4014e+000 +5.6043e+000 -1.9458e+000 +1.3079e+000 -2.2637e-001 -8.2388e-001 +2.0051e+000 +2.2445e+000 -2.4059e-001 +5.0311e+000 +1.0771e+000 +2.2614e+000
2068010 +1.580293051e+001 +1.580293051e+001 -4.140706949e+001 -4.140706949e+001 +3.9121e+000 +4.9815e+000 -1.1764e+000 +4.3448e+000 -7.6345e-001 +9.3728e-001 -3.5116e+000 +3.2333e+000 +7.0468e-001 -8.9814e-001 +1.8635e+000 -4.0036e+000 -3.3758e+000 -8.8197e-001 +1.7193e+000 -2.1901e+000 +3.5627e+000 -7.0780e+000 +1.1507e+000 +3.5689e+000
6116964 +1.412851176e+001 +1.412851176e+001 -4.308148824e+001 -4.308148824e+001 +1.8756e+000 +1.1955e+000 +5.7113e+000 -7.9114e-001 +1.9488e+000 +6.2420e-001 -2.2331e+000 +9.2615e-001 -3.1547e+000 -3.5835e+000 -5.1712e+000 +3.2103e+000 -1.2136e+000 +1.8280e+000 +2.0352e+000 +5.8457e+000 -3.3946e+000 +1.0171e+000 -2.9745e+000 +5.0240e+000
6924563 +1.295672272e+001 +1.295672272e+001 -4.425327728e+001 -4.425327728e+001 +3.6667e-001 +1.4807e+000 -1.0762e-001 +2.8586e+000 -1.5984e+000 -3.1091e+000 +6.0358e+000 -2.2667e+000 +2.6513e+000 +2.6066e+000 -1.7405e+000 -2.1561e+000 +5.0140e+000 -4.9417e+000 -5.2617e-002 +8.6544e-001 -8.6246e-001 +2.1743e+000 -7.0549e-001 -7.4291e-001
% function evaluation | noise-free fitness - Fopt (-1.000000000000e+003) | best noise-free fitness - Fopt | measured fitness | best measured fitness | x1 | x2...
1 +1.262275390e+002 +1.262275390e+002 -8.737724610e+002 -8.737724610e+002 +2.3543e+000 +5.1491e+000 -2.8496e+000 +2.7143e+000 -1.3864e+000 +6.4969e+000 +1.3060e+000 -1.9650e+000 +4.5302e+000 +2.2538e+000 -4.2645e+000 -3.8442e+000 -7.7775e-001 -3.2215e+000 +1.2325e+000 -2.8187e+000 -3.1236e+000 +3.7939e+000 +2.8677e-001 -2.1835e+000
2 +1.102671374e+002 +1.102671374e+002 -8.897328626e+002 -8.897328626e+002 +9.4273e+000 +3.5435e+000 -8.0287e-001 +9.7049e+000 -3.5278e+000 -7.9070e+000 +5.1855e-001 -1.0642e+000 +9.0933e-001 +9.1857e+000 -4.3204e-001 +1.5022e+000 -3.2604e+000 +2.5920e+000 -1.1894e+000 -1.1466e-001 -9.7771e-001 +5.9700e+000 +5.0031e+000 -7.1534e+000
4 +1.001213942e+002 +1.001213942e+002 -8.998786058e+002 -8.998786058e+002 +7.6082e+000 +4.9302e+000 -1.5715e+000 +9.2240e-002 -2.4699e+000 +9.4986e+000 -1.6873e+000 -2.1018e+000 +1.7196e+000 +8.2286e+000 -5.5051e+000 -3.5080e+000 +1.8636e-001 -5.2672e+000 -1.9165e+000 -4.2844e+000 -2.9689e+000 +3.1635e+000 +1.4634e+000 -1.6129e+000
6 +6.532712510e+001 +6.532712510e+001 -9.346728749e+002 -9.346728749e+002 +2.2267e+000 +4.0581e+000 -2.7014e+000 +5.4020e+000 -2.0810e+000 +4.4749e+000 +6.9715e-001 -3.2916e-001 +3.2891e+000 +4.7725e+000 -4.1360e+000 -5.3126e+000 -2.6911e+000 -3.8386e+000 -4.6555e+000 -4.7536e+000 -5.6415e+000 +1.4710e+000 -6.1587e-001 -4.5501e+000
8 +4.996036677e+001 +4.996036677e+001 -9.500396332e+002 -9.500396332e+002 +5.8695e+000 -2.6265e+000 -1.1608e-001 +4.4625e+000 -1.9762e+000 +2.2477e+000 +3.4024e+000 -1.2553e+000 +8.2834e+000 +2.7707e+000 -5.9992e+000 -4.0605e+000 -1.3854e+000 -3.4299e+000 -5.7442e-001 -5.5654e+000 -9.1550e-001 +3.2532e+000 +1.3654e+000 -6.6027e+000
174 +4.461493999e+001 +4.461493999e+001 -9.553850600e+002 -9.553850600e+002 +6.5150e+000 +6.0021e+000 -1.6870e-001 -2.1727e+000 -6.5431e+000 +5.1859e+000 +6.0043e+000 -1.8587e+000 +1.7604e+000 +5.7187e+000 -5.2289e+000 -2.8679e+000 -3.2064e+000 -3.2091e+000 +3.3290e-001 -9.1891e-001 -2.3848e+000 +4.0304e+000 -5.4613e+000 -6.0834e+000
286 +3.861441088e+001 +3.861441088e+001 -9.613855891e+002 -9.613855891e+002 -1.9973e+000 +4.7388e+000 -4.8115e+000 +1.5449e+000 +6.5808e-003 +4.6002e+000 +1.0669e+000 -2.4191e-001 +2.5402e+000 +3.2499e+000 -2.7335e+000 +7.2504e-002 -2.5986e+000 -3.1614e+000 -1.3754e+000 -3.7001e+000 +8.7355e-001 -3.6343e-001 -2.1747e+000 +3.9127e-001
1569 +3.378631803e+001 +3.378631803e+001 -9.662136820e+002 -9.662136820e+002 +8.8099e-001 -1.3970e+000 -1.3915e+000 +1.5016e+000 -9.7116e-001 -3.2930e+000 +6.5970e+000 -1.8123e+000 +4.0738e+000 +4.8537e+000 -1.1094e+000 -4.1218e-001 -1.3588e+000 -3.9374e+000 +2.9100e+000 -3.1518e+000 +2.1099e+000 +1.1778e+000 +8.5756e+000 -2.5511e+000
1978 +1.947336917e+001 +1.947336917e+001 -9.805266308e+002 -9.805266308e+002 +1.4619e+000 -3.7305e-002 +7.9689e-002 -1.4100e+000 +3.3678e+000 +1.5915e+000 +6.6448e-001 +2.2663e-001 +2.2794e+000 +1.2036e+000 +7.8037e-001 +2.2728e+000 +5.1563e-001 -2.5768e+000 +4.2816e-001 +2.2201e+000 +1.2681e+000 -3.4600e+000 +2.0601e+000 -1.4030e+000
159991 +1.701902074e+001 +1.701902074e+001 -9.829809793e+002 -9.829809793e+002 +3.3272e+000 +2.7058e+000 -4.1354e+000 +6.7265e-001 -2.7852e+000 -1.7275e-001 -3.5062e-001 +5.6252e+000 -3.7315e-001 +9.3645e-001 +2.9630e+000 +2.7461e+000 +6.8117e-002 -4.4853e-001 -3.8544e-001 -2.3557e+000 +3.1429e+000 +5.3421e+000 +8.7881e-001 -3.2054e+000
3975356 +1.277617577e+001 +1.277617577e+001 -9.872238242e+002 -9.872238242e+002 +5.2099e+000 +3.1854e+000 +9.1205e-001 +4.8982e+000 -1.7459e-001 +5.3024e+000 -1.2614e+000 +2.9465e+000 +1.9424e+000 +2.3194e+000 +3.8461e-001 +3.2561e+000 -4.2460e-001 -2.1233e+000 +6.7450e-001 -4.0744e+000 -1.6250e+000 -3.0693e+000 +1.2747e+000 -4.9664e+000
% function evaluation | noise-free fitness - Fopt (-6.554000000000e+001) | best noise-free fitness - Fopt | measured fitness | best measured fitness | x1 | x2...
1 +1.002865471e+002 +1.002865471e+002 +3.474654713e+001 +3.474654713e+001 -4.7418e+000 -1.0653e-001 +2.4810e+000 +1.6089e+000 -4.3336e-001 +1.5662e+000 -7.8056e-001 -3.3701e+000 -6.1510e+000 +8.5277e+000 +1.1399e+001 -2.8055e+000 -7.3924e+000 -3.4888e+000 -5.0243e+000 +2.2999e+000 -4.0216e-002 +1.5315e+000 -2.8027e-001 +6.2212e-001
3 +8.927997722e+001 +8.927997722e+001 +2.373997722e+001 +2.373997722e+001 -9.2424e+000 +4.8443e+000 -8.6087e+000 -2.3808e+000 -4.2943e+000 -1.4327e+000 -3.3193e+000 -1.5125e+000 -4.2463e+000 +1.5004e+000 +2.5535e+000 -3.6588e+000 -1.9554e+000 -5.1469e+000 +3.6321e-003 +9.3557e+000 +1.3955e+000 +3.3613e+000 +9.7245e+000 -6.0285e+000
11 +7.810005634e+001 +7.810005634e+001 +1.256005634e+001 +1.256005634e+001 -5.5475e+000 +3.1836e+000 +2.3602e+000 -3.5522e+000 -4.4745e+000 +9.3012e-001 -6.1128e+000 -7.1434e+000 -3.1890e+000 +4.7988e+000 +3.7434e+000 -1.1134e+000 -1.5009e+000 -3.0336e-001 +1.7257e+000 +5.8089e+000 -2.4938e+000 +9.6223e+000 +1.2667e+000 +4.4282e-002
14 +5.245806576e+001 +5.245806576e+001 -1.308193424e+001 -1.308193424e+001 -3.0432e+000 +1.9533e+000 +6.7172e+000 +3.4219e-001 -1.1762e+000 +3.0775e+000 -3.9354e+000 -4.2046e+000 -1.5891e+000 +5.0040e+000 +4.6200e+000 -1.0176e+000 -5.2209e+000 -5.7295e+000 +2.9030e+000 +6.6792e+000 -3.6464e+000 +4.0369e+000 +1.7070e-001 -4.0426e+000
19 +5.068058182e+001 +5.068058182e+001 -1.485941818e+001 -1.485941818e+001 -6.4570e-001 -4.3969e-001 -2.5592e+000 -4.5820e+000 -4.6745e+000 -1.4169e-001 +6.7115e-001 -7.5815e-001 -2.9433e+000 +5.2345e+000 +3.4228e-001 -1.0046e+000 -1.4848e+000 -5.0900e+000 +2.7699e+000 +7.6670e+000 +5.2788e-001 +3.5453e+000 -1.3895e-001 -2.8120e+000
89 +4.505263834e+001 +4.505263834e+001 -2.048736166e+001 -2.048736166e+001 -4.2109e+000 +5.2019e+000 +1.4622e+000 -2.2469e+000 +5.0886e-001 -4.1836e+000 -5.2363e+000 -4.9381e+000 -6.6778e+000 +3.6585e+000 +3.4637e+000 -1.0480e+000 -4.1910e+000 -4.7150e+000 -8.0325e-001 +2.6142e+000 +5.8693e-001 +3.6265e+000 -6.6066e-001 -4.0126e+000
389 +4.361007008e+001 +4.361007008e+001 -2.192992992e+001 -2.192992992e+001 -5.7177e+000 +2.0193e+000 +7.0661e+000 +2.1494e+000 +9.2532e-001 +1.9791e-001 -3.8730e+000 -2.1247e+000 +6.5766e+000 +4.3241e+000 +3.6442e+000 +6.0364e-001 -1.3201e+000 -2.7063e+000 -2.6824e+000 +2.6479e+000 +2.9558e+000 +2.2055e+000 +4.1813e+000 -3.3359e+000
551 +4.239872110e+001 +4.239872110e+001 -2.314127890e+001 -2.314127890e+001 -6.2721e-001 -1.2709e+000 -2.2060e+000 -6.1981e-001 -4.3925e+000 -2.4165e+000 -4.1672e+000 -4.4807e+000 -4.2503e+000 +6.4645e+000 +2.5801e-001 -1.9043e+000 +2.1749e+000 -4.0264e+000 -2.8318e+000 +4.1942e+000 -6.5425e-001 +1.7869e-001 +5.1815e+000 -4.1655e+000
828 +3.616384199e+001 +3.616384199e+001 -2.937615801e+001 -2.937615801e+001 -3.0227e+000 -1.0297e-001 +7.2483e-001 +2.1375e+000 +3.1046e+000 +7.5250e-001 -9.8158e-001 -3.2814e+000 -5.2654e+000 +2.4985e+000 -1.4091e+000 -1.9112e+000 -1.1149e+000 -2.6888e+000 -8.1350e-001 +1.7852e+000 +7.0585e+000 -2.1558e+000 +4.1927e+000 -2.5315e+000
1139 +2.752429693e+001 +2.752429693e+001 -3.801570307e+001 -3.801570307e+001 -2.1922e+000 +1.0226e-001 +6.9710e+000 -1.2946e+000 -1.7029e+000 -3.1197e+000 -1.1666e+000 -4.8163e-001 -6.0361e+000 +4.9375e+000 +3.8466e+000 +1.8444e+000 -2.4738e+000 -3.3170e+000 -3.5692e+000 +3.4533e+000 -4.3247e+000 -3.7092e+000 +1.5490e+000 +1.9732e+000
10255 +2.612526635e+001 +2.612526635e+001 -3.941473365e+001 -3.941473365e+001 +9.9795e-001 +1.6950e+000 +2.3840e+000 +5.2714e+000 +1.5571e-001 +5.4749e+000 -2.2495e-001 +2.0702e+000 +1.8481e+000 +2.5493e+000 +4.8199e-002 +2.4773e+000 +1.9082e+000 +8.4461e-001 +1.5399e+000 -3.5064e+000 -4.9249e-001 +1.6334e+000 +3.7787e+000 -2.8614e+000
32442 +2.523939065e+001 +2.523939065e+001 -4.030060935e+001 -4.030060935e+001 -2.0679e+000 +9.1093e-001 +5.2469e+000 -1.5587e-001 +2.5332e+000 -2.6997e+000 +1.5135e+000 -1.4750e+000 +2.3794e+000 -2.4236e+000 +9.0671e-001 -2.7824e+000 -7.4417e-001 +3.3415e+000 +8.7294e-001 -5.8877e+000 -1.5382e+000 +1.0861e+000 +7.2875e-002 -3.2422e+000
37828 +2.501705308e+001 +2.501705308e+001 -4.052294692e+001 -4.052294692e+001 +7.8328e-001 -2.3698e+000 +1.8077e+000 -4.5955e+000 -3.1790e+000 -8.9124e-001 -4.3536e-001 +2.2184e+000 -6.0509e+000 -1.6888e-001 -3.4960e+000 -1.9391e+000 +2.7960e+000 +3.0646e+000 +1.1160e+000 -1.1617e+000 +1.3024e+000 +9.2591e-001 +2.4230e-001 +7.2380e-001
47322 +1.959953992e+001 +1.959953992e+001 -4.594046008e+001 -4.594046008e+001 -6.0240e-001 +9.3792e-001 -1.9785e+000 -4.4821e-001 -3.0784e+000 -3.8412e-001 -8.6830e-001 -1.2406e+000 +1.7265e-001 -4.8476e+000 +2.3384e+000 +9.3519e-001 -9.9365e-001 +4.6536e+000 +2.8509e+000 +3.3388e+000 +4.7935e-001 +1.7969e-001 +2.3171e+000 +1.3263e+000
364128 +1.890802750e+001 +1.890802750e+001 -4.663197250e+001 -4.663197250e+001 -6.0548e+000 -3.1282e+000 -3.2074e+000 -2.0736e+000 +8.5563e-001 -5.2241e-001 -3.6009e+000 -2.9999e+000 +2.4197e+000 -2.2622e+000 +3.6692e+000 -4.9508e+000 -5.0809e-001 +1.3886e+000 +3.7592e+000 -3.5326e-001 -2.2378e+000 -3.9146e+000 +8.1126e-001 +2.8516e+000
1816056 +1.847480002e+001 +1.847480002e+001 -4.706519998e+001 -4.706519998e+001 +1.9422e-001 -2.9816e+000 +4.0223e+000 -1.5275e+000 +2.0969e+000 -3.1845e+000 -4.2867e+000 -7.9888e-001 +3.9084e+000 -2.7414e+000 +2.1976e+000 +6.0158e-001 -3.6097e+000 -2.5772e+000 +3.4003e+000 +5.1763e-001 -5.6868e+000 +1.5193e+000 -1.8068e-001 -2.2040e+000
4270889 +1.703936093e+001 +1.703936093e+001 -4.850063907e+001 -4.850063907e+001 +3.2162e+000 -2.2344e+000 -2.8645e+000 +2.1109e+000 +5.4334e+000 +4.0715e+000 +4.6018e+000 +1.6446e+000 -1.6911e+000 -9.6875e-001 -1.8070e+000 -5.4566e+000 +3.1217e+000 +7.1190e+000 -4.8591e+000 -5.4371e-001 -8.8280e-001 -1.1655e+000 +8.7286e-001 +3.2063e+000
4929736 +1.656523160e+001 +1.656523160e+001 -4.897476840e+001 -4.897476840e+001 -3.5294e-001 -1.9585e+000 -1.7054e+000 +2.6735e-001 +3.6268e+000 +2.0021e+000 -1.8927e-001 +3.8919e+000 -8.1409e-002 +2.3608e+000 -1.5855e+000 -3.0724e+000 +2.0404e+000 -3.0449e-001 -2.1564e+000 +1.4786e+000 +3.0007e+000 +1.2263e+000 -5.3902e-001 +5.7846e-001
6112681 +1.573941022e+001 +1.573941022e+001 -4.980058978e+001 -4.980058978e+001 -3.1216e+000 -2.5522e+000 +5.7097e+000 +2.8768e+000 -3.8516e+000 +5.5976e+000 -4.6204e+000 +6.5796e-001 +9.8716e-001 +1.5726e+000 +4.7610e+000 +2.4083e+000 +2.1412e-001 -4.7613e+000 +4.7535e+000 +3.4900e-001 +1.5053e+000 -4.2088e+000 +2.0126e-002 -1.7371e+000
% function evaluation | noise-free fitness - Fopt (-2.375000000000e+001) | best noise-free fitness - Fopt | measured fitness | best measured fitness | x1 | x2...
1 +1.352705443e+002 +1.352705443e+002 +1.115205443e+002 +1.115205443e+002 -4.3984e-001 -2.2460e-001 -8.8679e+000 +6.2146e+000 +5.0515e+000 +2.7469e+000 +2.6765e+000 +2.0229e+000 -1.1420e+000 -6.2695e+000 -8.5507e+000 -6.9721e-001 +1.4701e+000 +1.3602e+000 -8.8195e+000 +3.8346e+000 +2.9788e+000 +5.4932e+000 +9.5049e+000 +1.0201e+001
2 +8.376655320e+001 +8.376655320e+001 +6.001655320e+001 +6.001655320e+001 -1.2728e+000 +1.0187e+001 -5.6901e+000 +2.3541e+000 +1.0975e+000 -6.1540e+000 -2.5527e+000 +1.8675e+000 -3.5437e+000 -1.5390e+000 -1.1303e+000 +2.0730e+000 +6.4233e-001 +4.2938e+000 -1.9670e+000 +2.9316e+000 +8.5950e+000 +4.6863e+000 +2.8778e+000 +1.2317e+000
6 +7.164045897e+001 +7.164045897e+001 +4.789045897e+001 +4.789045897e+001 +3.9625e-001 -1.6704e-002 -4.2479e+000 +2.0480e+000 -1.3681e+000 -2.3291e+000 -3.2832e+000 +1.7771e+000 -3.5728e+000 -1.6317e+000 -2.7558e+000 -1.0002e+000 -1.4966e+000 +4.5600e+000 -3.2670e+000 +3.6174e+000 +2.7356e+000 +3.9067e+000 +6.3756e+000 +4.6380e+000
17 +6.233366097e+001 +6.233366097e+001 +3.858366097e+001 +3.858366097e+001 +6.4134e-002 +1.6245e+000 -4.1945e+000 +3.8830e-001 -7.6538e-001 -5.4440e+000 -4.1472e+000 +4.7742e-001 -4.8942e+000 -2.9488e+000 -4.3909e+000 +2.8265e+000 -1.9838e+000 +3.1318e+000 -6.0971e-001 +6.2730e+000 +7.4136e+000 +3.6058e+000 +3.1615e+000 +5.1752e+000
19 +3.922314602e+001 +3.922314602e+001 +1.547314602e+001 +1.547314602e+001 +3.4400e+000 -9.4019e-001 -4.5197e+000 +3.4437e+000 -1.8578e+000 -1.2863e+000 -2.6403e+000 -6.5368e-001 -4.4841e+000 -2.9690e+000 -1.7583e+000 +2.9082e+000 -1.7717e-001 +6.0462e+000 -1.7385e+000 +3.9865e+000 +2.6117e-001 +8.6524e-001 +2.9125e+000 +4.3354e+000
72 +3.836782089e+001 +3.836782089e+001 +1.461782089e+001 +1.461782089e+001 -2.7878e-001 -1.2360e-001 -1.8180e+000 +6.7166e+000 -5.2974e+000 +9.7237e-001 +2.3837e+000 +2.0028e+000 -6.7017e+000 -3.2763e+000 -4.5021e+000 -4.0642e+000 +4.6226e-001 +3.9647e+000 -4.9126e+000 +4.0212e+000 +3.0073e+000 +1.2081e+000 +2.3437e+000 +3.6440e+000
522 +3.235249288e+001 +3.235249288e+001 +8.602492882e+000 +8.602492882e+000 -2.1234e+000 -4.0257e+000 -3.4544e+000 -3.3253e+000 -1.4449e+000 +3.1614e-001 -6.0494e+000 +5.3750e+000 -3.1627e+000 -2.2250e+000 +1.9362e-001 -2.8891e+000 -2.4245e+000 -1.1126e+000 -1.8160e+000 +2.4962e-001 +4.6455e+000 +8.2056e-001 -6.5294e-002 +5.7525e+000
8147 +3.145378774e+001 +3.145378774e+001 +7.703787739e+000 +7.703787739e+000 -7.6311e+000 -1.3742e+000 +8.5506e+000 -2.0441e+000 +4.7274e+000 -4.9930e+000 -4.7267e-001 +2.7697e+000 +3.0885e-001 +7.1771e+000 -2.9229e+000 +3.1942e-001 +7.6891e-001 +8.1806e-003 +6.8122e-001 +1.8691e+000 +3.8200e+000 -5.2265e+000 +1.2932e+000 -3.4328e+000
13456 +2.910668502e+001 +2.910668502e+001 +5.356685022e+000 +5.356685022e+000 +2.5732e+000 +2.2471e+000 -1.3971e-001 +1.1634e+000 +5.2077e+000 +4.8636e+000 +6.8446e+000 +3.5525e+000 -2.4348e+000 -1.2765e+000 -4.1339e+000 -4.0689e+000 -3.7313e+000 +1.0896e+000 +1.1830e+000 +3.8344e+000 -3.2161e-001 -5.4531e+000 -5.7728e-001 +2.4335e+000
19782 +2.789071478e+001 +2.789071478e+001 +4.140714779e+000 +4.140714779e+000 +1.3488e-001 -1.3670e+000 -1.4223e+000 +2.1112e+000 +1.5852e+000 +3.1883e+000 -8.2048e-001 +4.0314e+000 +2.1728e+000 -2.3793e+000 +1.2445e-001 -3.3963e+000 -4.0365e+000 +2.1554e+000 -1.3466e+000 -5.2083e-001 +2.6994e+000 -2.8292e+000 -1.6044e+000 -4.1738e+000
22651 +2.213666429e+001 +2.213666429e+001 -1.613335714e+000 -1.613335714e+000 +5.2171e-003 -5.6633e+000 -1.6060e+000 -9.0301e-001 +7.2597e+000 -7.3339e-001 +6.1139e-001 -4.2040e+000 +2.4475e+000 -2.5800e+000 +1.1205e+000 -2.8396e+000 +7.3977e-001 +2.1267e+000 +1.0166e+000 -1.1504e+000 +1.9009e+000 +8.3403e-002 -8.3353e-001 +1.2257e+000
140783 +1.751288661e+001 +1.751288661e+001 -6.237113391e+000 -6.237113391e+000 +3.9108e+000 +8.4579e-001 -1.9525e+000 +2.0484e+000 -1.1607e+000 -4.1910e+000 +6.8471e-001 +1.3758e+000 -5.1749e-001 -3.5784e-001 +1.7184e+000 -4.7702e+000 -1.6726e+000 -2.1406e+000 +4.4334e+000 +1.3659e+000 +1.0781e+000 -3.0926e+000 -5.5851e-001 +2.7800e+000
1986777 +1.736655873e+001 +1.736655873e+001 -6.383441268e+000 -6.383441268e+000 +8.1980e-001 -1.1427e+000 -1.0269e-001 +2.1208e+000 +2.7485e-001 -3.6819e+000 -1.4493e+000 +9.6971e-001 -6.4644e+000 -5.3094e+000 +1.4966e-001 -4.8300e+000 -6.0426e-001 -4.1538e+000 +7.3689e-001 +1.7475e+000 -7.0063e-001 +2.3693e-001 -1.0844e+000 +5.8029e-001
2068677 +1.605042904e+001 +1.605042904e+001 -7.699570963e+000 -7.699570963e+000 +8.9293e-001 +1.1972e+000 -3.8566e+000 +1.1679e+000 +5.1309e+000 -3.2775e-001 +4.9477e-001 -3.5648e-001 -6.0970e-001 +1.5564e-001 -9.4778e-001 -1.6695e+000 +4.1503e+000 -1.0212e+000 -2.8410e+000 -3.2694e+000 +8.3698e-001 -1.7344e-001 -9.2983e-001 -1.2248e+000
3261655 +1.482652915e+001 +1.482652915e+001 -8.923470849e+000 -8.923470849e+000 -3.4199e-001 +6.1623e-001 +4.0578e+000 +9.2664e-001 -2.6746e+000 +2.3387e+000 +1.0991e+000 +6.2702e-002 +2.4088e+000 -1.4138e+000 +1.3828e+000 +6.2327e-001 +2.5613e+000 +5.3236e-002 +5.9362e-001 +1.9841e+000 +2.9866e+000 +6.1256e-001 -2.1646e+000 -6.5332e-001
6431459 +1.061972073e+001 +1.061972073e+001 -1.313027927e+001 -1.313027927e+001 +2.2112e+000 -1.9559e+000 -5.0710e+000 +3.8042e+000 -8.9719e-001 +1.7908e+000 +1.8002e+000 -5.6638e+000 -2.1470e+000 -1.2749e+000 -2.2439e+000 -3.3678e+000 +9.6447e-001 +2.0804e+000 -5.5333e-001 -2.7520e+000 -3.6217e+000 +5.7684e+000 -1.5280e+000 +9.0410e-001
% function evaluation | noise-free fitness - Fopt (3.513000000000e+001) | best noise-free fitness - Fopt | measured fitness | best measured fitness | x1 | x2...
1 +7.194217378e+001 +7.194217378e+001 +1.070721738e+002 +1.070721738e+002 -2.8537e+000 +3.2901e+000 -2.7351e+000 -1.5033e+000 -4.7914e+000 +4.6224e-001 +1.9929e+000 -8.3686e-001 +9.2084e+000 -4.4085e+000 -5.7156e+000 +7.2233e+000 -8.4560e+000 -1.0994e+000 -7.9127e-001 -6.4758e-001 +3.3360e+000 +2.1943e+000 +5.8541e-001 +4.3792e+000
3 +6.919863422e+001 +6.919863422e+001 +1.043286342e+002 +1.043286342e+002 -3.5192e+000 +5.6219e+000 -8.0160e+000 -3.1784e+000 +1.3543e+000 +5.2853e+000 +2.7443e+000 -1.3915e+000 +4.4851e+000 +2.1666e+000 -2.0797e+000 -3.3048e+000 -6.3260e+000 +7.3420e-001 -3.4319e+000 -5.6803e+000 +3.4176e+000 +2.3929e+000 +5.9389e-001 -1.4975e+000
8 +6.531076337e+001 +6.531076337e+001 +1.004407634e+002 +1.004407634e+002 -2.6107e+000 +6.5323e-001 -7.2819e+000 +5.9015e-001 +1.7600e+000 +1.2695e+000 -4.0386e+000 -2.9977e-001 -3.2719e+000 -7.3016e-001 -1.9304e+000 +1.7555e+000 +2.3543e+000 +1.6064e+000 -1.0825e+000 -3.0440e-001 +3.2022e+000 -3.1198e+000 +3.6004e+000 +6.8635e+000
31 +5.953321542e+001 +5.953321542e+001 +9.466321542e+001 +9.466321542e+001 -3.5833e+000 +3.9950e+000 -2.9975e+000 -2.8684e+000 -5.0838e+000 +3.1026e+000 +4.0475e+000 -3.1949e+000 +2.8933e+000 -9.2546e-001 +3.4647e-001 -9.8650e-002 -3.4556e+000 +2.4970e+000 -1.5115e+000 -5.3932e+000 +3.3637e+000 -3.9032e+000 +2.0891e+000 +1.2824e+000
54 +5.081493480e+001 +5.081493480e+001 +8.594493480e+001 +8.594493480e+001 -1.6236e+000 +5.4317e+000 +3.7502e+000 -2.8336e+000 -6.3526e+000 +3.4520e+000 +2.8088e+000 -2.5334e-001 +2.6762e+000 -1.0666e+000 -6.7206e+000 +1.7477e+000 -3.9683e+000 +2.6265e+000 -2.6040e+000 -2.9979e-001 +3.1940e+000 -5.6568e+000 +2.2277e+000 +5.5235e+000
192 +4.331052760e+001 +4.331052760e+001 +7.844052760e+001 +7.844052760e+001 -1.5149e+000 +4.5235e+000 -2.0136e+000 +2.6030e+000 -9.9770e+000 -3.5462e-001 +6.3599e+000 -8.7405e-001 +6.1297e-001 +1.4548e+000 -4.3287e+000 -4.2700e-001 -6.1244e+000 -1.0938e-001 -1.1413e+000 -6.3700e-001 +2.0309e+000 -4.9426e+000 +1.5191e+000 +3.1181e-001
790 +3.094843280e+001 +3.094843280e+001 +6.607843280e+001 +6.607843280e+001 +3.5890e+000 +3.4436e+000 -1.2495e+000 -8.7694e-001 -4.3460e+000 +5.9471e+000 -2.2636e-002 +2.1573e+000 +4.4147e+000 +1.5228e+000 -2.6073e+000 +3.9766e+000 -2.4443e+000 -2.6549e+000 -9.3574e-001 +2.7260e-001 +1.4720e+000 +3.8897e+000 +4.6148e+000 +5.0236e+000
4878 +2.948122500e+001 +2.948122500e+001 +6.461122500e+001 +6.461122500e+001 +7.6075e-001 +4.6894e+000 -1.3876e+000 -2.4770e-001 -1.9750e-001 +1.5896e+000 -5.5941e+000 -7.6980e-001 -1.7661e+000 +1.3710e+000 -1.9283e+000 -1.0494e+000 -5.1191e-001 -3.5682e+000 +2.7342e+000 +3.2008e+000 +1.1510e+000 +9.2233e-002 -1.6672e+000 -4.2388e+000
29806 +2.865045740e+001 +2.865045740e+001 +6.378045740e+001 +6.378045740e+001 -2.1949e+000 -4.1328e+000 +3.1702e+000 +4.3523e+000 -1.1965e+000 -1.7622e+000 -1.9443e+000 +3.7384e+000 +1.0933e+000 +5.0919e+000 +3.8286e-001 +9.6639e-001 +8.0665e-002 +3.3587e+000 -3.9037e+000 -1.3220e-001 -3.6018e+000 +2.0851e+000 +2.4223e-001 -1.5721e+000
35813 +2.233715347e+001 +2.233715347e+001 +5.746715347e+001 +5.746715347e+001 +2.5052e+000 +5.6908e+000 -5.8825e+000 +2.8387e+000 +1.7292e+000 -6.3869e+000 +4.5407e+000 +3.7951e+000 -6.5875e+000 +4.7992e+000 +5.7779e-002 +7.6898e-001 +1.0872e+000 -1.4503e+000 +2.1067e+000 -2.1037e+000 -2.1088e+000 +1.3511e+000 -3.8220e-001 +3.2345e+000
48686 +1.933799972e+001 +1.933799972e+001 +5.446799972e+001 +5.446799972e+001 -4.3893e+000 -5.3683e-001 -2.9977e+000 -2.3917e+000 +2.1890e+000 -2.1353e+000 +2.0703e-002 +2.9868e+000 +1.2739e+000 -1.3124e+000 -5.8988e+000 -9.4246e-001 -3.0418e+000 +1.7949e+000 -1.2581e+000 +1.0743e+000 +1.3904e+000 -3.0984e+000 -4.2178e+000 -2.6445e+000
248953 +1.888087429e+001 +1.888087429e+001 +5.401087429e+001 +5.401087429e+001 +4.4510e-001 +1.6273e-002 +5.2568e-004 +3.4011e+000 -1.2377e+000 -2.3618e+000 -1.5459e+000 -4.1156e+000 +2.4283e+000 -1.9392e+000 +1.5459e+000 +1.7967e+000 -1.5217e+000 +4.6572e+000 -4.3211e+000 +1.8646e+000 -2.0544e+000 +8.3702e-001 +7.1666e-001 -1.4778e+000
1092174 +1.819231922e+001 +1.819231922e+001 +5.332231922e+001 +5.332231922e+001 -4.4730e+000 +2.5806e+000 +1.4124e-001 -2.3561e+000 +3.6439e+000 -3.4371e+000 -5.7492e-001 -1.4117e+000 -1.8132e-001 -1.5646e+000 +1.0199e+000 +6.1949e+000 -3.1694e+000 +2.8283e+000 +6.0069e+000 -1.3992e+000 +1.5779e+000 -4.4720e-001 +6.0017e+000 -2.4177e+000
1395082 +1.474284025e+001 +1.474284025e+001 +4.987284025e+001 +4.987284025e+001 -1.0732e+000 +3.8770e+000 +3.1737e-001 +1.3732e+000 +8.8337e-001 +1.5291e+000 +1.8326e+000 +2.3897e-001 +2.5724e+000 +1.9127e+000 -3.6452e+000 -3.5104e+000 +4.2169e+000 -1.1841e+000 +8.1430e-001 -1.9150e+000 -3.0343e-001 -3.5235e+000 +4.4772e+000 +1.3776e+000
10643943 +1.405086440e+001 +1.405086440e+001 +4.918086440e+001 +4.918086440e+001 +9.5672e-003 +3.0782e+000 +5.1439e-001 -2.9464e+000 -1.7886e-001 +1.1339e+000 +4.0438e+000 +3.8875e-001 +6.9736e-001 +3.5735e+000 +1.3139e+000 -2.8090e+000 -3.8426e+000 +3.2377e-001 +2.6553e+000 -3.4333e+000 +4.9074e+000 +2.4994e-001 +2.0435e+000 -1.8797e+000
13447411 +1.309194066e+001 +1.309194066e+001 +4.822194066e+001 +4.822194066e+001 -1.4728e+000 +1.8559e+000 +2.2840e+000 +4.0139e+000 +3.9584e+000 +2.4970e+000 +5.5993e-001 -7.5481e-001 +1.5691e+000 +2.6621e+000 +4.6669e-001 +9.3089e-001 +1.9299e+000 +3.2450e+000 -3.2742e+000 -1.4447e+000 -5.0577e-001 +1.0963e+000 +1.0275e+000 -1.2840e+000
% function evaluation | noise-free fitness - Fopt (-7.982000000000e+001) | best noise-free fitness - Fopt | measured fitness | best measured fitness | x1 | x2...
1 +4.132905987e+001 +4.132905987e+001 -3.849094013e+001 -3.849094013e+001 -4.0089e+000 +4.0802e+000 +6.2090e+000 +2.9917e+000 -2.0468e+000 +6.2987e+000 +1.5748e+000 -1.9963e+000 -2.9190e+000 +2.0714e+000 -2.1322e+000 -5.5511e+000 -2.0917e+000 -3.6892e+000 -4.7857e-002 +8.9553e-001 -3.5414e+000 +5.2699e-001 +3.7683e+000 +1.1006e+000
583 +3.881516678e+001 +3.881516678e+001 -4.100483322e+001 -4.100483322e+001 -2.2915e+000 +3.1833e+000 +1.4291e+000 -6.2067e-002 +9.3194e-001 +1.8826e+000 +4.3413e+000 -7.2646e+000 +1.4226e+000 +3.8552e+000 -3.5962e+000 +9.0211e-001 +6.6359e+000 -2.0597e+000 +5.1939e+000 +3.7538e+000 -4.1999e+000 +1.9163e+000 -3.3390e+000 +3.4578e-001
833 +3.376197882e+001 +3.376197882e+001 -4.605802118e+001 -4.605802118e+001 +5.7455e+000 +4.0288e+000 +2.2394e+000 +1.0718e+000 +1.0959e+000 +1.9842e+000 -2.1713e-001 +9.0850e-001 +3.1556e-001 +4.8822e+000 -2.2712e+000 -8.2294e-001 -2.6602e+000 -4.1017e+000 +5.5937e+000 +7.0536e+000 -7.3652e-001 -9.0549e-001 -1.0835e+000 +2.3324e+000
4848 +2.676307024e+001 +2.676307024e+001 -5.305692976e+001 -5.305692976e+001 +1.0377e+000 -6.8189e-001 -1.8020e+000 -4.3473e+000 -4.2982e-001 +5.2303e+000 +5.0729e+000 -6.1423e-001 -1.5133e+000 +3.5353e-002 +4.7930e-001 +6.6297e-002 +8.6557e-001 +5.8996e-001 +4.0390e+000 -5.1516e-001 +3.1317e+000 +4.5451e+000 +4.1665e+000 -4.7436e+000
33001 +2.578240523e+001 +2.578240523e+001 -5.403759477e+001 -5.403759477e+001 +3.3722e+000 -7.4945e+000 +5.8972e-001 -4.1374e-001 +1.2543e+000 -1.4359e+000 +2.8753e-002 -1.2700e+000 +9.5376e-001 -2.7103e-001 +1.0476e+000 +3.4256e+000 -4.6589e+000 +4.4883e-001 -6.5988e-001 +3.2110e-001 -2.2287e+000 +2.9056e+000 -5.1442e+000 -4.2546e+000
36907 +2.355990971e+001 +2.355990971e+001 -5.626009029e+001 -5.626009029e+001 +4.4963e-001 -5.9579e+000 +1.3293e+000 +3.6574e+000 +4.9575e+000 -1.2314e+000 +3.6993e+000 +1.3048e+000 -4.9755e-001 -2.4819e+000 -6.6635e-001 +2.8800e+000 +2.1813e+000 +4.8841e+000 +1.0230e+000 +2.3507e+000 -7.4382e-002 -1.5362e-001 -4.4892e+000 +2.5572e+000
50373 +2.330273773e+001 +2.330273773e+001 -5.651726227e+001 -5.651726227e+001 -1.3185e+000 -3.1670e+000 -1.2938e+000 +2.1709e+000 +3.0859e+000 +3.1387e+000 +5.8256e-002 -1.1069e+000 +1.3568e+000 +2.1130e+000 -2.1472e+000 +2.4728e-001 -3.7505e+000 +1.4679e+000 -1.7645e-002 +1.3910e-001 +2.2949e+000 +3.5142e-001 +1.5325e+000 -1.0055e+000
86118 +2.150122480e+001 +2.150122480e+001 -5.831877520e+001 -5.831877520e+001 -4.1166e-001 +6.1376e+000 +4.1878e+000 -3.7461e+000 +1.1618e+000 +3.9637e+000 -8.3290e-001 -5.5369e-001 -2.4805e-001 -2.5439e-001 +5.2015e+000 -4.4104e+000 +3.3693e+000 +2.5668e+000 -2.0424e-001 -6.2854e+000 -4.8634e+000 +1.8993e+000 +6.3496e-001 -1.0757e+000
87554 +2.123380773e+001 +2.123380773e+001 -5.858619227e+001 -5.858619227e+001 +2.0861e+000 -2.4428e+000 +1.4425e+000 -1.9330e+000 -2.8359e+000 +9.9341e-001 +3.8314e-002 -3.8994e-001 -7.0759e-001 +1.4649e+000 -2.2644e+000 -5.3464e+000 -9.6927e-001 +1.2292e+000 +4.1816e+000 +1.6894e+000 -1.4158e+000 -2.4268e+000 +5.8939e-002 +2.5829e+000
107813 +1.943242022e+001 +1.943242022e+001 -6.038757978e+001 -6.038757978e+001 -1.1783e+000 -1.6024e+000 -6.9558e-001 -2.9756e+000 +2.2807e+000 -2.1754e+000 +1.8287e-002 +2.8335e-001 -3.1241e-001 -1.0248e+000 -6.3843e-001 -1.5895e+000 -3.7734e+000 +2.8931e-001 +1.6280e+000 -3.2318e+000 +1.6296e+000 -5.0605e+000 +2.2865e+000 -1.1867e+000
713981 +1.442932786e+001 +1.442932786e+001 -6.539067214e+001 -6.539067214e+001 -9.1514e-001 -4.5277e+000 -1.8482e-001 -8.6159e-001 +9.1782e-002 -1.2082e+000 +4.2951e-001 +5.2387e+000 -3.4625e+000 -6.2230e-001 +3.3728e+000 -1.1686e+000 +1.3219e+000 +3.7088e+000 +1.8264e+000 +2.5491e+000 -3.2455e+000 -3.2010e+000 +2.1194e+000 -1.5714e+000
3518668 +1.280591954e+001 +1.280591954e+001 -6.701408046e+001 -6.701408046e+001 -1.5571e+000 -1.0950e-001 -1.5281e+000 +9.2972e-001 +1.8459e+000 -4.2498e+000 -1.1853e-001 -5.7750e-001 +3.4955e-001 +1.5991e+000 +2.6112e+000 -4.5359e+000 +6.4091e+000 +3.7232e+000 +3.8459e+000 +1.6651e+000 +2.6848e+000 +1.8500e+000 -9.0837e-001 +2.1190e+000
% function evaluation | noise-free fitness - Fopt (1.925800000000e+002) | best noise-free fitness - Fopt | measured fitness | best measured fitness | x1 | x2...
1 +5.820390939e+001 +5.820390939e+001 +2.507839094e+002 +2.507839094e+002 -2.7485e+000 +5.9678e+000 +4.4548e+000 +2.0947e+000 +3.1256e+000 -5.1410e+000 +2.4416e+000 -1.4194e+000 -6.5090e+000 -1.6599e+000 -3.9707e+000 +2.9533e-001 +3.3969e-001 +2.0051e+000 -2.7820e+000 +2.0338e+000 +2.3978e-001 -1.4588e+000 +3.8777e+000 +1.6355e+000
85 +4.629158369e+001 +4.629158369e+001 +2.388715837e+002 +2.388715837e+002 -6.2949e+000 +5.0974e+000 +6.1025e+000 +1.0579e+000 -1.5447e+000 -5.9795e+000 +4.7414e+000 -5.9471e+000 +3.9671e-001 -1.8217e+000 -9.1244e-001 -4.0084e+000 -5.7212e+000 -5.2138e+000 -1.7858e+000 -1.3592e+000 +3.4535e+000 -5.1360e+000 -2.5571e+000 +4.1196e+000
233 +3.765634255e+001 +3.765634255e+001 +2.302363426e+002 +2.302363426e+002 -3.0049e+000 +4.2282e+000 -1.3532e-001 -1.1901e+000 +4.5245e+000 -5.3686e+000 +2.2336e+000 -4.8936e+000 -2.6709e+000 -6.9869e-001 -6.3671e-001 +1.7072e+000 +9.0213e+000 +6.5880e+000 -2.1327e+000 -1.4884e+000 +2.0301e+000 +8.0027e-001 +1.4782e+000 -1.1168e+000
465 +3.624009929e+001 +3.624009929e+001 +2.288200993e+002 +2.288200993e+002 -3.4781e+000 -5.1654e-001 +4.3755e+000 +3.8078e+000 +4.0360e+000 -8.3570e-001 +4.7642e+000 -3.7995e+000 -2.3765e+000 +1.8994e+000 -4.0655e-001 +1.2095e-001 +1.2006e+000 +6.8244e-001 -2.4803e+000 -4.3179e+000 -7.3355e-001 -7.4988e-001 +5.7420e+000 +2.4751e+000
1106 +3.537896348e+001 +3.537896348e+001 +2.279589635e+002 +2.279589635e+002 -1.6464e+000 +1.7274e-001 -6.8309e+000 +2.0248e+000 +1.9711e+000 -1.4989e+000 +5.8666e-001 -3.7025e+000 -2.0143e+000 +7.0930e-001 +1.9060e+000 -2.0854e+000 -3.8586e+000 -1.2592e+000 -1.7383e+000 -1.7301e+000 -8.4623e-001 -5.1392e-001 +1.9581e+000 +3.4452e+000
2497 +1.999636962e+001 +1.999636962e+001 +2.125763696e+002 +2.125763696e+002 +4.3254e+000 -3.8030e+000 +2.2070e+000 -1.5889e+000 -4.8930e+000 -2.9739e+000 +2.7241e+000 +6.9298e-001 -3.7854e-001 -2.7510e+000 -1.1454e+000 +1.4490e+000 +1.5963e-001 -1.2910e+000 -9.6956e-001 -2.7600e+000 +1.3205e+000 +4.3325e+000 -1.3799e+000 +2.0551e+000
160787 +1.320396730e+001 +1.320396730e+001 +2.057839673e+002 +2.057839673e+002 -4.5294e+000 +2.0324e+000 -2.8863e-001 -3.9269e+000 +5.0289e-001 -2.4875e-001 +2.1864e-001 -1.2845e-001 +1.8090e+000 -2.3074e+000 -4.3922e+000 +6.9762e-001 -3.1989e+000 -2.9177e+000 -3.8088e-001 +1.0777e+000 +1.8045e+000 -6.2787e+000 -1.5913e+000 -2.5927e+000
1389150 +1.075244862e+001 +1.075244862e+001 +2.033324486e+002 +2.033324486e+002 +3.8466e+000 -3.9368e-001 -2.6340e+000 -1.0011e+000 -2.4016e+000 -1.3964e+000 +3.4150e+000 -2.5055e+000 -5.9010e+000 -3.6218e+000 +2.5011e+000 +1.8190e+000 -1.5474e+000 -2.8376e+000 -1.7378e+000 -2.2095e+000 +1.5393e+000 -7.9181e-001 +2.1419e-001 -3.0595e+000
% function evaluation | noise-free fitness - Fopt (-2.684800000000e+002) | best noise-free fitness - Fopt | measured fitness | best measured fitness | x1 | x2...
1 +9.767825867e+001 +9.767825867e+001 -1.708017413e+002 -1.708017413e+002 -3.0511e+000 -1.9970e+000 -4.8215e+000 +6.9275e+000 -6.2376e+000 +1.5176e+000 +1.9268e+000 -3.0978e+000 +5.4829e+000 -5.1561e+000 -4.4198e-001 +4.6630e+000 -1.6064e+000 -4.8405e+000 +3.1248e+000 -3.0583e+000 -3.3464e+000 -2.9696e+000 +2.6579e+000 +9.7933e-001
4 +7.632411389e+001 +7.632411389e+001 -1.921558861e+002 -1.921558861e+002 -2.9704e-001 -1.3169e+000 -1.9536e-001 +4.6844e+000 -5.9845e+000 +4.8945e+000 +4.6697e+000 +4.9718e+000 -3.9239e+000 -7.7852e+000 +2.4808e+000 +5.5629e+000 -4.1774e+000 -2.4741e+000 +1.6603e+000 +3.3762e+000 +5.2245e+000 -7.8553e-001 +4.0576e+000 -1.7648e+000
12 +5.667461298e+001 +5.667461298e+001 -2.118053870e+002 -2.118053870e+002 -4.6545e+000 -2.6640e+000 -1.6798e+000 +4.4150e+000 -5.3650e+000 +1.3080e+000 +7.6821e+000 +1.8702e+000 +2.8785e+000 -2.9737e+000 +3.0787e+000 +2.1646e+000 -3.6220e+000 -2.4477e+000 +2.9210e+000 -2.5976e+000 +2.3869e+000 -2.5961e-001 +2.3718e+000 -1.2107e+000
16 +5.614730015e+001 +5.614730015e+001 -2.123326998e+002 -2.123326998e+002 -5.4705e-002 -1.4052e+000 -5.4669e+000 +4.6425e+000 -4.5027e+000 +1.0040e+000 +2.7000e+000 +2.3852e+000 +4.0339e-001 +5.9095e-001 +3.0368e+000 +5.5494e+000 -3.6579e+000 -2.0450e+000 +3.0646e+000 -5.8524e+000 -8.3434e-001 -4.4412e+000 +1.0562e+000 -4.6993e+000
64 +4.117216474e+001 +4.117216474e+001 -2.273078353e+002 -2.273078353e+002 -5.2980e+000 -3.2576e+000 -4.3534e+000 +6.4532e+000 -3.0632e+000 +9.6780e+000 +3.4341e+000 -4.9602e+000 -3.9711e+000 -5.2967e+000 +2.3387e+000 +3.1545e+000 -3.9033e-001 -1.9723e+000 +4.5086e+000 -3.7561e+000 +1.4114e+000 -5.1820e+000 +2.1731e+000 -4.4069e+000
456 +4.017640167e+001 +4.017640167e+001 -2.283035983e+002 -2.283035983e+002 -2.2959e+000 +1.2130e+000 -1.6900e+000 +3.5578e+000 -5.6413e+000 +4.8961e+000 +2.3643e+000 +3.8213e-001 -9.5738e-001 +9.9757e-001 +4.4730e+000 +4.6633e+000 -6.9369e+000 -1.2685e+000 +3.9661e+000 -3.3591e+000 -7.9008e-001 -1.4787e+000 +4.9334e+000 +5.1612e+000
489 +3.370646401e+001 +3.370646401e+001 -2.347735360e+002 -2.347735360e+002 -3.1339e-001 +2.8909e-001 -1.0357e+000 +2.1275e+000 -3.5890e+000 +5.1964e+000 +3.7475e+000 +2.4293e+000 -2.0562e+000 -7.0627e-001 -1.0392e+000 +1.4231e+000 -3.5362e+000 -2.6109e+000 +3.6406e+000 -2.1819e+000 +1.2050e+000 -5.6007e+000 +5.9526e-001 -1.1272e+000
1179 +2.924583843e+001 +2.924583843e+001 -2.392341616e+002 -2.392341616e+002 -4.4281e+000 -2.1606e+000 -6.2181e+000 +2.9486e+000 -3.6989e+000 +3.7158e+000 +4.3171e+000 +1.1691e+000 +1.0316e-001 -5.3024e+000 +1.2973e+000 -8.2709e-001 -4.8414e+000 +1.4120e+000 +3.4103e+000 -2.8129e+000 +1.2111e+000 -6.6297e-001 +7.9283e-001 +2.7927e+000
8278 +2.158001462e+001 +2.158001462e+001 -2.468999854e+002 -2.468999854e+002 -1.5793e+000 +1.3949e+000 +2.4863e+000 +2.4158e+000 -5.2675e-001 +1.0893e+000 +4.8687e-001 -7.5702e-001 +2.7927e+000 -5.4483e+000 +1.2771e+000 +3.7758e+000 +1.9485e+000 -6.6923e-001 +4.5016e+000 +1.1144e+000 -4.1334e+000 +9.0965e-001 -6.8816e-001 +1.5618e-001
100059 +1.674983461e+001 +1.674983461e+001 -2.517301654e+002 -2.517301654e+002 +2.4947e+000 +1.9104e+000 -1.8086e+000 -4.5050e-001 +2.8089e+000 -6.1329e-002 -2.2216e+000 +3.5565e+000 -3.3354e+000 -4.5880e-001 -2.3358e+000 +3.5882e+000 -1.4674e+000 -1.5934e+000 -2.1182e+000 -2.6557e+000 +2.0673e-001 +3.3505e+000 +6.1740e-001 -1.8925e+000
385859 +1.492090838e+001 +1.492090838e+001 -2.535590916e+002 -2.535590916e+002 +8.8553e-001 -1.6100e+000 -3.8045e+000 +4.2551e+000 -2.8272e-001 -2.0807e+000 +1.2630e+000 -1.9126e+000 +1.0667e+000 -5.5341e+000 +6.2517e+000 -4.3343e+000 -2.3759e-001 -4.5625e-001 -1.0573e+000 -4.5652e+000 +1.9150e+000 -2.6118e+000 -6.4008e+000 -3.7942e+000
2641695 +1.459361997e+001 +1.459361997e+001 -2.538863800e+002 -2.538863800e+002 -1.7334e+000 +1.6630e+000 -1.3082e+000 -1.1778e+000 -8.2978e-001 +7.0741e-001 +4.8747e+000 -4.2331e+000 -1.6643e+000 -9.8350e-001 +1.3558e+000 -1.2053e+000 -6.8126e-001 -7.8192e+000 +4.6365e+000 -4.9337e+000 +1.7306e+000 +1.4798e+000 +1.3161e+000 +1.3499e+000
12695536 +1.293439854e+001 +1.293439854e+001 -2.555456015e+002 -2.555456015e+002 +3.4005e-001 -5.7335e-001 +5.6811e+000 -2.3288e-001 +3.9313e+000 +2.1188e+000 +3.0703e+000 -4.0177e+000 +4.1224e+000 -2.0415e-001 +1.3466e+000 +2.3769e+000 -2.1372e-001 +4.1580e+000 -1.0627e+000 +1.2840e+000 -1.9039e+000 +6.0495e+000 -8.1148e-001 -1.1648e+000
% function evaluation | noise-free fitness - Fopt (-1.000000000000e+003) | best noise-free fitness - Fopt | measured fitness | best measured fitness | x1 | x2...
1 +1.316793160e+002 +1.316793160e+002 -8.683206840e+002 -8.683206840e+002 +2.9975e+000 +5.0556e-001 +3.9692e+000 +4.5099e+000 -2.2838e+000 +2.5220e+000 +1.1450e+000 -4.3901e-001 -2.0535e+000 +1.3922e+000 -1.4200e+000 +4.2027e+000 +4.4570e+000 -6.0038e+000 -9.4258e+000 +2.1550e+000 -2.1585e+000 -4.0712e+000 +2.0045e-001 -8.8070e-001
2 +1.152919553e+002 +1.152919553e+002 -8.847080447e+002 -8.847080447e+002 +3.4093e+000 -1.2269e-001 -3.9530e+000 +1.7282e+000 -5.3766e-001 +1.5171e+000 -3.5233e-001 -5.3288e+000 +2.0102e+000 -1.7147e-001 +3.4758e+000 +5.8577e+000 +5.2908e+000 -1.0581e+001 -3.1690e+000 +1.9111e+000 +6.3797e-001 +2.6881e+000 -6.9188e-002 -1.0598e+000
3 +1.026517929e+002 +1.026517929e+002 -8.973482071e+002 -8.973482071e+002 -3.2226e+000 -3.1482e+000 -1.0181e+000 +3.8974e+000 -2.1545e+000 -3.6115e-001 +3.7202e-001 +4.3602e+000 -6.7212e-001 +3.7723e+000 +5.3737e+000 +6.8455e+000 +1.5330e+000 -8.0358e-001 +4.6694e-001 +1.3052e+000 -9.9104e+000 -5.5228e+000 +3.4841e+000 +3.2400e+000
4 +8.894167127e+001 +8.894167127e+001 -9.110583287e+002 -9.110583287e+002 -1.7516e+000 +6.3391e-001 -2.1583e+000 +4.8133e+000 -1.7706e+000 +8.7300e+000 -1.0401e+000 +5.6544e+000 +2.5048e+000 -2.2139e+000 +1.0121e+001 +1.4733e+000 +7.9198e-001 -1.9291e+000 -2.4878e+000 +5.8121e+000 -1.9098e+000 +6.2385e+000 +4.5382e+000 +4.6260e+000
14 +8.631026913e+001 +8.631026913e+001 -9.136897309e+002 -9.136897309e+002 +1.1881e+000 -3.3632e+000 -2.7303e+000 +4.5580e+000 +6.2571e+000 -5.5460e+000 -1.1372e-001 +1.9888e+000 +3.6079e-001 -1.7308e+000 +2.0255e+000 +6.8347e+000 +1.3621e+000 -1.3829e+000 -7.1668e+000 +1.1222e+000 -1.3533e+000 +9.0980e+000 -6.8645e+000 +7.8278e+000
17 +7.146922066e+001 +7.146922066e+001 -9.285307793e+002 -9.285307793e+002 +2.1741e+000 -7.2304e-001 +1.8784e+000 +7.0562e+000 -4.4400e+000 +6.1383e+000 -4.5200e+000 -8.1722e-001 -2.2067e+000 +3.4575e-001 +3.4937e+000 +1.1228e-001 +5.7823e+000 -2.2986e+000 -5.3225e+000 +2.2730e+000 -5.6352e+000 -1.8784e+000 +1.7105e+000 -5.7327e+000
23 +5.194527818e+001 +5.194527818e+001 -9.480547218e+002 -9.480547218e+002 +3.5688e+000 +1.8583e+000 -1.6919e+000 -1.6088e+000 -3.9394e+000 -1.1802e+000 +8.7198e+000 +2.3575e+000 -1.5796e+000 +4.7873e+000 +5.4146e+000 -2.6130e+000 +4.4722e+000 -6.1352e+000 -3.7721e+000 +7.6254e-001 -3.0452e+000 +1.2544e+000 +2.3056e+000 +3.7861e-002
142 +4.715010155e+001 +4.715010155e+001 -9.528498985e+002 -9.528498985e+002 -3.0540e+000 -9.2766e-001 +2.7783e-001 +2.4717e+000 -2.8302e-001 -1.8933e+000 -5.4897e+000 +1.7053e+000 +1.3637e+000 +6.4192e+000 -5.4933e+000 +3.5178e-001 +1.3554e-003 -1.9069e+000 -2.8018e+000 -2.2668e+000 -3.6421e+000 +9.5951e-001 +4.1140e+000 +7.8136e-001
149 +4.675016717e+001 +4.675016717e+001 -9.532498328e+002 -9.532498328e+002 +2.5655e+000 -3.9610e-001 -1.5709e+000 +9.3076e-001 +3.2856e+000 -4.6932e-001 +2.3425e+000 +3.1175e+000 +1.8276e+000 +3.2696e+000 +4.1833e+000 +2.6075e+000 +4.2019e+000 -2.4625e+000 -8.9301e+000 +4.0589e+000 -6.2079e+000 +7.3057e-001 +3.5780e+000 +7.5145e-001
528 +4.394834509e+001 +4.394834509e+001 -9.560516549e+002 -9.560516549e+002 +4.5213e+000 +4.4280e+000 -1.5070e+000 +5.7037e+000 +4.1737e-002 -1.0503e+000 +2.9952e+000 +2.3146e+000 -6.5146e-001 +3.5168e+000 +7.2210e+000 +5.3304e+000 +3.2857e+000 -1.9958e+000 -5.4463e+000 -9.0983e-001 -4.2295e+000 +4.3050e-001 -5.1685e+000 +9.8381e-001
590 +4.347386083e+001 +4.347386083e+001 -9.565261392e+002 -9.565261392e+002 +1.8333e+000 -1.6235e+000 -1.7772e+000 +1.6430e+000 -3.5011e+000 +1.0303e+000 -7.4822e+000 +1.3999e+000 -1.7896e+000 +3.9151e+000 +1.5351e+000 +3.9924e+000 +3.5253e+000 -3.2524e+000 -1.1201e+000 +2.8570e+000 -5.7484e+000 +2.7390e+000 -7.9102e-001 -4.9918e-001
785 +4.245485094e+001 +4.245485094e+001 -9.575451491e+002 -9.575451491e+002 +3.9717e+000 +1.3176e+000 +4.8126e+000 +4.5639e+000 -3.2221e+000 +4.8850e+000 -3.2162e+000 +4.2936e+000 -2.6083e-001 +4.8173e+000 +6.1932e+000 +1.7246e+000 -2.3922e+000 -7.6434e-001 -3.7179e+000 +9.8481e-001 -4.6180e+000 -9.3981e-003 -9.3522e-001 +2.7971e+000
1023 +4.091329890e+001 +4.091329890e+001 -9.590867011e+002 -9.590867011e+002 +1.9504e+000 -2.8477e-001 +1.4527e-001 +3.3794e+000 -3.1682e+000 +2.1605e+000 -4.2188e+000 +6.4408e-001 -3.1325e+000 +3.7826e+000 +8.4337e-001 +2.1516e+000 +3.2923e+000 -4.5526e+000 -1.3444e+000 -1.8598e+000 -5.3687e+000 +2.0412e+000 +2.3221e+000 +3.5626e+000
1092 +3.885635093e+001 +3.885635093e+001 -9.611436491e+002 -9.611436491e+002 +4.9376e+000 -9.3105e-001 +1.3621e+000 +2.8795e+000 -3.6844e+000 +9.6772e-001 +1.0633e+000 -1.2710e-001 -6.2498e+000 -2.5291e+000 -3.4095e-001 +4.0265e+000 +1.8379e+000 -2.3922e+000 +8.5393e-002 -1.4465e+000 -3.6899e+000 -3.2298e+000 +1.2365e+000 +3.0009e+000
1380 +3.690220784e+001 +3.690220784e+001 -9.630977922e+002 -9.630977922e+002 +1.5557e+000 +1.4520e+000 -6.0367e+000 -2.7309e+000 -4.8595e+000 +9.4462e-001 +2.3158e+000 +5.9557e+000 -5.1550e-002 +1.5013e+000 +1.1835e+000 +3.2536e+000 -1.7608e+000 -3.1381e+000 -3.3826e+000 +1.8801e+000 -1.7642e+000 +1.4066e+000 -3.3158e-001 +5.6074e+000
1547 +3.269702601e+001 +3.269702601e+001 -9.673029740e+002 -9.673029740e+002 -9.0227e-001 -4.3334e-001 +3.1466e+000 +1.0383e+000 -5.4971e-001 -1.2241e-001 -2.9759e+000 +4.0698e+000 -4.2018e+000 +2.6432e-001 +3.6427e+000 +2.1957e+000 -2.1360e+000 -1.7288e+000 -5.4403e-001 -5.6531e+000 -2.3502e+000 -4.1946e+000 +5.5430e-001 +9.5833e-002
2087 +3.205583623e+001 +3.205583623e+001 -9.679441638e+002 -9.679441638e+002 +2.0622e-001 +3.1644e+000 -5.4143e+000 -1.7305e+000 -3.0250e+000 +1.6675e+000 -9.8352e-001 +4.1462e-001 -4.2438e+000 -1.8772e+000 +1.3298e+000 +2.2527e+000 -2.6707e+000 -8.2685e-001 -2.2800e+000 -3.3843e+000 -1.7930e+000 -1.0288e+000 +1.7150e+000 +1.2440e+000
2858 +3.100659441e+001 +3.100659441e+001 -9.689934056e+002 -9.689934056e+002 -4.7617e-002 +1.5707e-001 -1.8652e+000 +1.2934e+000 -3.3694e+000 -2.7171e+000 -5.9070e+000 +1.1018e+000 -3.9509e+000 +4.1850e-001 -2.1120e+000 +1.7142e+000 +2.3277e-001 -7.2489e+000 +2.3820e+000 -3.4022e+000 -1.1851e+000 -1.0136e+000 +1.8234e+000 +2.9714e+000
3038 +2.419418436e+001 +2.419418436e+001 -9.758058156e+002 -9.758058156e+002 -2.7675e-001 +2.4078e+000 -5.0593e+000 -3.5701e+000 +2.4193e+000 +1.7550e+000 -1.6484e+000 +1.7346e+000 -4.4990e+000 +6.9107e-001 +4.2232e+000 -6.6913e-001 +6.5679e-001 -5.4200e+000 +3.0761e+000 -2.7587e+000 +4.1911e-001 -2.1295e+000 -8.4191e-001 +7.9798e-001
4673 +2.366332960e+001 +2.366332960e+001 -9.763366704e+002 -9.763366704e+002 -1.4983e-001 -2.7790e+000 -3.6804e+000 +2.9885e-001 +7.1346e-001 +1.1244e+000 +1.8262e-001 +1.7339e+000 -1.5161e+000 -3.1421e+000 +1.0057e+000 -4.0078e+000 +1.9002e-001 -3.5347e+000 +1.4923e+000 -1.2408e+000 +3.9715e+000 +1.2881e-001 -3.4219e+000 +3.0799e+000
54231 +1.938183822e+001 +1.938183822e+001 -9.806181618e+002 -9.806181618e+002 -4.7608e-001 +3.1066e+000 +4.1205e-001 +2.3317e-002 +1.3261e+000 -1.3364e+000 +2.1042e+000 +1.4494e+000 +2.5609e+000 -8.8964e-001 +1.2375e-001 +5.2321e+000 -3.4693e+000 -1.1560e-001 +1.1861e+000 -5.5571e+000 -2.3758e+000 +2.4964e-001 +5.0503e-002 +3.2054e+000
2582848 +1.896033704e+001 +1.896033704e+001 -9.810396630e+002 -9.810396630e+002 -1.4952e+000 -5.9777e-001 -1.5464e+000 +5.0099e+000 -1.0369e+000 +5.7796e-001 +4.8658e+000 -1.4229e-001 -6.6646e-001 -5.7145e+000 -2.5981e+000 +2.9205e+000 -1.2682e+000 +1.0492e-001 +5.8714e-001 -2.7090e+000 +4.4161e-001 +2.1295e+000 +2.8572e+000 +2.5108e+000
2697115 +1.757455412e+001 +1.757455412e+001 -9.824254459e+002 -9.824254459e+002 -4.4268e+000 +5.0119e+000 +3.9687e+000 -5.5571e-002 -3.4238e+000 -6.2768e-001 +3.6350e-001 -3.4134e+000 +9.3251e-001 +1.0670e+000 -3.5368e+000 +2.3676e+000 -7.6006e-001 -1.6849e+000 +7.8023e-001 +4.2088e-001 +2.7412e-001 +4.0856e-001 -4.1176e+000 -2.0723e+000
3930607 +1.687811616e+001 +1.687811616e+001 -9.831218838e+002 -9.831218838e+002 +2.7826e+000 -2.4948e+000 -1.4555e+000 -2.6999e+000 +4.5614e-001 +1.2253e+000 -3.5384e+000 -1.6178e+000 +1.2170e-001 +1.2677e+000 -3.7157e+000 +8.1237e-001 -2.6712e+000 +1.3969e+000 -2.7084e+000 -2.4761e+000 +1.0263e+000 +7.0186e-001 -1.6935e+000 -1.9217e+000
7631583 +1.607813170e+001 +1.607813170e+001 -9.839218683e+002 -9.839218683e+002 -5.7316e-001 -1.6986e-001 -3.6130e+000 +7.5347e+000 +9.3364e-001 +1.4138e+000 +2.6264e+000 +2.3750e+000 +1.7929e+000 +7.9275e-001 -1.4567e+000 -3.4296e+000 +1.6633e+000 +4.1926e-001 -2.1629e+000 +2.6477e-001 +3.8218e-001 -5.7865e-001 -3.6110e+000 +1.9171e+000
11200277 +1.524674129e+001 +1.524674129e+001 -9.847532587e+002 -9.847532587e+002 -1.6986e+000 -2.6104e+000 +3.2087e+000 -3.7659e+000 -1.9241e+000 +1.9377e+000 +1.0532e+000 +1.3152e+000 -1.9469e+000 +2.0387e+000 -9.6159e-001 +3.1425e+000 +1.6836e+000 -9.1785e-001 -1.4111e+000 -1.0478e+000 -2.5971e+000 +3.6308e+000 -1.5953e+000 +1.2424e+000
13199600 +1.338143912e+001 +1.338143912e+001 -9.866185609e+002 -9.866185609e+002 -1.7525e+000 -2.1606e+000 +1.7145e-001 -4.1734e+000 -2.5029e+000 -3.1647e+000 +4.1492e-001 -4.0998e+000 -9.9450e-001 +5.2474e+000 -2.6853e+000 -1.1714e+000 +2.8182e+000 -2.3793e+000 +4.0905e-001 -3.1865e+000 -9.4129e-002 -1.3375e+000 -1.2198e+000 -2.3625e+000
% function evaluation | noise-free fitness - Fopt (-1.388000000000e+001) | best noise-free fitness - Fopt | measured fitness | best measured fitness | x1 | x2...
1 +8.338989266e+001 +8.338989266e+001 +6.950989266e+001 +6.950989266e+001 +9.0211e-001 -3.1660e+000 -7.6385e+000 -2.0457e+000 -2.3726e+000 +2.6384e+000 +2.0857e+000 +3.5389e+000 +5.6072e+000 -2.1827e+000 +3.8323e+000 +2.5868e+000 +3.5062e+000 -8.7755e-001 +2.6488e+000 +7.9798e+000 +7.5461e+000 -3.0410e+000 -5.4557e+000 +2.3453e+000
5 +7.148352167e+001 +7.148352167e+001 +5.760352167e+001 +5.760352167e+001 +1.5144e+000 +2.8948e-001 +8.8989e-001 -6.1821e+000 -2.3509e+000 +1.1479e+000 +2.5302e+000 -4.1283e+000 +4.2910e+000 +8.3131e-001 +4.4339e+000 +1.2124e+000 +2.9909e+000 +1.5365e+000 +5.4301e+000 +6.2104e+000 +2.8156e+000 -5.4049e-001 -8.1175e+000 -2.8348e+000
15 +6.111737363e+001 +6.111737363e+001 +4.723737363e+001 +4.723737363e+001 -1.4213e-001 -1.0086e+000 -4.8589e+000 -2.7262e+000 -2.9910e+000 +2.9588e+000 +4.5226e+000 -6.6473e-001 +4.2828e+000 -6.5585e+000 +7.5656e+000 -5.1964e-001 +3.1059e+000 +9.8416e-001 +2.7717e+000 +7.0934e+000 +1.5227e+000 -2.8871e+000 -3.2065e+000 -3.0643e+000
63 +5.539057540e+001 +5.539057540e+001 +4.151057540e+001 +4.151057540e+001 -3.8827e-001 +2.0803e+000 -5.0841e+000 +7.8331e+000 -2.8440e+000 -5.4894e-001 +3.1986e-001 -1.6486e+000 +3.4850e+000 -5.0269e+000 -2.9461e-001 +4.7925e+000 +6.8107e+000 -1.3462e-001 +3.8095e+000 +3.1344e+000 -4.1047e-001 -2.1475e-001 -6.0220e+000 -3.8381e+000
93 +5.314153920e+001 +5.314153920e+001 +3.926153920e+001 +3.926153920e+001 +1.9591e+000 +1.3127e-001 -2.4186e+000 -4.9433e+000 -3.4663e+000 +2.6098e+000 +5.2196e+000 -2.0543e-001 +3.0862e+000 -4.2592e+000 +3.4204e+000 +6.2816e+000 -3.6062e+000 +7.0167e+000 +3.6561e+000 +3.8281e+000 +2.8558e+000 +1.5243e+000 +2.7310e+000 +3.6361e-001
161 +5.059480400e+001 +5.059480400e+001 +3.671480400e+001 +3.671480400e+001 -8.6667e-001 +2.9517e+000 -4.9872e+000 -2.9175e-001 -5.2659e+000 +1.6704e+000 +7.1477e-001 -1.2935e+000 +5.8654e+000 -2.5367e+000 +4.0976e-001 +4.3047e+000 -1.4061e+000 +2.1362e+000 +7.2976e+000 -4.9808e+000 +3.4615e+000 -8.6385e-001 -1.8050e+000 +2.7815e-001
183 +4.575073281e+001 +4.575073281e+001 +3.187073281e+001 +3.187073281e+001 +3.8091e-001 +3.2278e+000 -1.7633e+000 -2.9004e+000 +1.0413e+000 +2.2196e+000 +2.5215e+000 +1.6735e+000 +5.4310e+000 -1.7834e+000 +2.6934e+000 +4.4641e+000 -3.3869e+000 -2.2974e+000 +1.9775e+000 +2.6218e+000 +4.7783e+000 -2.5403e+000 -2.3494e+000 -3.0452e+000
232 +3.633164651e+001 +3.633164651e+001 +2.245164651e+001 +2.245164651e+001 -2.4829e+000 -9.7780e-002 -7.7561e+000 -4.1480e+000 -3.9346e+000 -2.0536e-001 +3.0095e+000 -1.2300e+000 +3.2558e+000 -1.6290e+000 +2.9681e+000 +3.6881e+000 +4.8647e+000 -2.8295e+000 +2.6792e+000 +2.4149e+000 +4.0639e+000 -2.8063e+000 -3.3984e+000 -3.6154e+000
2209 +2.248169712e+001 +2.248169712e+001 +8.601697124e+000 +8.601697124e+000 -4.2674e+000 +9.8943e-001 +1.2962e+000 +1.7818e-001 -1.4905e+000 +1.6082e+000 +1.8556e+000 -1.0424e+000 -3.0575e+000 -8.5720e-001 -2.0948e-001 -2.2649e+000 +3.1928e+000 +5.8877e-001 +3.0336e+000 -5.8808e-001 +3.9932e+000 -2.1596e+000 +5.7540e-001 +3.1580e+000
82024 +1.908367169e+001 +1.908367169e+001 +5.203671691e+000 +5.203671691e+000 +1.0474e+000 +1.3285e+000 +6.0510e+000 +1.7310e+000 +2.2352e+000 +6.9928e-001 -4.2958e+000 +4.7053e+000 -2.9943e+000 +3.0098e+000 +1.1902e+000 +9.6715e-002 -9.4276e-001 -1.3167e+000 +4.5272e-001 +9.8918e-001 -6.5322e-001 +2.3826e+000 +3.5304e+000 +6.4179e+000
382740 +1.763194177e+001 +1.763194177e+001 +3.751941769e+000 +3.751941769e+000 +1.7681e+000 +5.9002e-001 +1.2484e+000 -4.8439e-002 -5.2696e-002 -5.0501e-001 -2.1540e-001 -2.0424e+000 +1.1034e+000 -2.7480e+000 -3.7742e+000 -1.8338e+000 -3.7699e+000 +2.6187e+000 +1.5609e+000 -2.3759e+000 +1.1179e+000 -3.3764e-001 -1.5404e+000 -2.9948e-002
746622 +1.413025987e+001 +1.413025987e+001 +2.502598689e-001 +2.502598689e-001 -2.0874e+000 -3.1458e+000 +3.3266e+000 -4.8923e-001 -2.4602e+000 +2.7268e-001 -1.7718e+000 -3.4151e+000 -7.1000e-003 +2.2056e+000 -5.8534e-001 -2.0195e+000 +1.9556e+000 -6.2610e+000 -1.5651e+000 +4.1528e+000 -4.7937e+000 -2.4880e+000 -3.1294e+000 +3.3194e+000
% function evaluation | noise-free fitness - Fopt (-1.240400000000e+002) | best noise-free fitness - Fopt | measured fitness | best measured fitness | x1 | x2...
1 +1.349996971e+002 +1.349996971e+002 +1.095969711e+001 +1.095969711e+001 +5.6146e+000 -2.0925e+000 +1.9324e-001 +4.6390e+000 +1.3682e+000 +3.5263e+000 -5.2329e-001 -1.0767e+000 +1.3968e-001 -2.8478e+000 -2.9127e+000 +8.2056e-001 -1.6072e+001 +2.6377e+000 -6.7780e+000 +2.8892e+000 +6.9416e-001 -5.5564e+000 +2.7616e+000 -3.0654e+000
2 +1.144213240e+002 +1.144213240e+002 -9.618675961e+000 -9.618675961e+000 +6.5522e+000 -3.2024e+000 -4.3340e+000 +4.8874e+000 -2.2742e+000 +3.3455e+000 -4.0939e+000 +3.3806e+000 +4.4120e+000 +4.9484e+000 -3.9154e+000 -4.2435e-001 -3.7902e+000 -1.5269e+000 -4.4268e+000 +6.2987e+000 +2.2066e+000 +2.0324e+000 +1.2920e+000 -2.3747e+000
3 +8.364096115e+001 +8.364096115e+001 -4.039903885e+001 -4.039903885e+001 +9.8644e+000 -8.2929e+000 -1.2052e+000 +4.5681e+000 -3.1273e+000 +5.8601e+000 -1.9063e+000 +6.3240e-001 -5.7834e-002 +6.3320e+000 -5.1040e+000 -3.9681e+000 -3.2885e+000 +1.7548e+000 -4.0881e+000 +6.0708e-001 +4.0862e+000 -4.0820e+000 +7.3877e+000 -9.2065e-001
12 +5.014303634e+001 +5.014303634e+001 -7.389696366e+001 -7.389696366e+001 +1.2778e+000 -1.2430e+000 +1.2889e-001 +3.1977e+000 +1.2415e+000 +3.3969e+000 -1.4434e+000 +1.6906e+000 +4.3806e+000 +4.4836e+000 -2.7054e+000 +3.9812e-001 -1.4835e+000 +4.6264e+000 -6.6867e+000 +2.6716e+000 +2.0038e+000 +2.6217e-001 +4.8026e+000 -3.8549e+000
24 +4.593115186e+001 +4.593115186e+001 -7.810884814e+001 -7.810884814e+001 +4.2486e+000 -3.6016e+000 -2.3517e+000 +2.7043e+000 +1.5754e+000 +2.7259e+000 +1.6602e+000 +2.5304e+000 +4.3571e+000 +1.8606e+000 -2.1678e+000 -1.8137e+000 -3.6674e+000 +3.2684e+000 -4.7508e+000 +9.1864e-001 -4.6271e-001 +3.9575e+000 +4.8157e+000 -4.9725e+000
141 +3.809442758e+001 +3.809442758e+001 -8.594557242e+001 -8.594557242e+001 +4.2098e+000 +1.4973e+000 -3.9147e+000 +5.4129e+000 -1.5097e+000 +2.2356e+000 -2.3318e+000 -3.3571e-001 +4.2109e+000 +3.8247e+000 +2.8834e-001 -4.4978e+000 -4.5199e+000 +4.0990e+000 -5.3670e+000 +1.0054e+000 +1.2690e-002 +1.9661e+000 +5.1952e+000 -2.8572e+000
236 +2.600500951e+001 +2.600500951e+001 -9.803499049e+001 -9.803499049e+001 +2.7823e+000 +8.9697e-001 -1.1130e+000 +2.3237e+000 +2.0868e-001 +5.3405e+000 -9.1414e-002 +2.4730e+000 +3.5892e+000 +4.3181e+000 -4.3222e+000 +8.7193e-002 -4.6482e+000 -6.1639e+000 -5.0594e+000 +1.6168e+000 +1.1120e+000 +1.7064e+000 +5.3945e+000 -3.8103e+000
10010 +2.330278190e+001 +2.330278190e+001 -1.007372181e+002 -1.007372181e+002 +6.6254e-001 +5.0295e+000 -2.7788e-001 -2.1111e+000 +2.6100e-001 -1.4572e+000 -2.3709e+000 -4.4286e-001 -1.8175e+000 +1.4316e+000 +1.3506e+000 -1.2746e+000 -2.2539e+000 +3.8110e+000 +2.2233e+000 -4.8955e-002 -1.0263e+000 +5.4805e+000 -3.4818e+000 -2.1156e+000
305480 +2.212201369e+001 +2.212201369e+001 -1.019179863e+002 -1.019179863e+002 +2.5751e+000 +1.4011e+000 +1.2695e+000 +2.8800e+000 -1.6042e+000 +4.7581e+000 -7.6589e-001 +8.4758e-001 -1.1529e+000 +2.3521e+000 +1.7868e+000 -1.0271e+000 -2.6572e+000 -1.1064e+000 -2.5876e+000 -1.6323e-001 +3.8285e-001 +1.2354e+000 -5.6286e+000 -4.4055e+000
371726 +2.064748187e+001 +2.064748187e+001 -1.033925181e+002 -1.033925181e+002 -1.6534e-001 -9.8211e-001 -1.6337e+000 +3.5214e+000 +3.4887e-001 +8.1818e-001 +3.3017e+000 -3.0661e-001 -2.8540e+000 -1.2568e+000 +1.2508e+000 -1.9046e-001 -5.4657e-001 +2.1389e+000 +8.4858e-001 +9.2766e-001 +1.8726e-002 +5.8141e-001 -2.2284e+000 +1.0240e+000
788535 +1.760316891e+001 +1.760316891e+001 -1.064368311e+002 -1.064368311e+002 -6.2730e-001 -1.6078e+000 -4.3196e+000 -2.2029e+000 -1.2059e+000 +6.7548e-001 -5.8854e+000 -1.5383e+000 +3.3271e+000 -4.7892e+000 +3.6804e-001 -2.2360e+000 +4.4758e+000 -1.5201e+000 +4.1863e-001 +1.7972e-001 -3.1882e+000 +1.6345e+000 -3.6113e+000 +1.9045e+000
6866944 +1.617554942e+001 +1.617554942e+001 -1.078644506e+002 -1.078644506e+002 -7.8793e-001 +1.5746e+000 -2.9106e+000 -2.2264e+000 +4.3834e+000 -4.0863e-001 -2.7738e+000 +4.9749e-001 +1.7075e+000 -2.8999e+000 +3.5581e+000 +2.0129e+000 -2.8628e+000 +7.5887e-001 +7.0154e-001 -7.6275e-001 -7.5609e-001 +5.0213e+000 +1.4841e+000 -2.9226e+000
9631849 +1.498082641e+001 +1.498082641e+001 -1.090591736e+002 -1.090591736e+002 +1.0665e+000 -5.4099e-001 -2.9144e+000 +5.5567e+000 -4.5232e+000 -3.1020e+000 -5.8279e+000 +4.1034e+000 +3.3113e-001 -1.1172e+000 +2.6935e+000 +3.3360e+000 +9.3641e-001 +8.0277e-001 -3.9616e+000 -2.9847e+000 +7.3153e-002 +3.4523e+000 +2.7608e+000 -2.3279e+000
