% function evaluation | noise-free fitness - Fopt (7.135000000000e+001) | best noise-free fitness - Fopt | measured fitness | best measured fitness | x1 | x2...
1 +1.997665997e+002 +1.997665997e+002 +2.711165997e+002 +2.711165997e+002 +3.5705e+000 -5.0022e+000 -1.1774e+001 +5.1777e+000 +3.4571e+000 +2.4000e-003 +6.9812e+000 +2.9560e+000 -1.0104e-001 -1.2155e+000
2 +1.325110382e+002 +1.325110382e+002 +2.038610382e+002 +2.038610382e+002 +1.2030e+000 -5.9283e+000 +9.7397e+000 +8.8583e+000 +3.1073e+000 -2.9251e+000 -8.8773e-001 +1.6497e+000 -9.9246e+000 -1.1972e+000
3 +1.235940210e+002 +1.235940210e+002 +1.949440210e+002 +1.949440210e+002 +3.6766e+000 -9.2605e+000 +1.0611e+000 +4.1731e+000 +5.1521e+000 -3.3328e+000 -1.0081e+000 +1.4399e+000 -1.0610e+000 -4.9696e+000
6 +5.722440866e+001 +5.722440866e+001 +1.285744087e+002 +1.285744087e+002 +4.4139e+000 -2.3681e+000 +3.0793e+000 +7.1415e-001 +4.6708e+000 -3.6032e+000 -2.8408e+000 +3.4194e+000 -3.1389e+000 +6.9907e-001
8 +5.329031124e+001 +5.329031124e+001 +1.246403112e+002 +1.246403112e+002 +4.0318e+000 -4.2299e+000 +1.1798e+000 +1.1852e+000 +3.4577e+000 -1.3461e+000 +1.6368e+000 +5.3696e+000 -3.7461e+000 -3.8953e+000
21 +4.922554413e+001 +4.922554413e+001 +1.205755441e+002 +1.205755441e+002 -2.3609e+000 -8.5256e+000 -1.6419e+000 +4.8474e+000 +6.5247e+000 -1.9164e+000 +6.1330e-001 +8.9085e-001 -1.7630e+000 +3.8005e+000
33 +3.542880081e+001 +3.542880081e+001 +1.067788008e+002 +1.067788008e+002 +5.0617e+000 -4.4116e+000 +4.1331e+000 +1.0913e+000 +4.6009e+000 -2.3817e+000 +1.0237e+000 +4.4302e+000 -6.1405e-001 -3.4589e+000
66 +2.843582692e+001 +2.843582692e+001 +9.978582692e+001 +9.978582692e+001 +5.1228e+000 -6.0320e+000 +3.4255e+000 +4.0880e+000 +5.3515e+000 -6.7430e+000 +7.2856e-001 +4.3774e+000 -2.4906e+000 +2.2726e+000
652 +2.716876808e+001 +2.716876808e+001 +9.851876808e+001 +9.851876808e+001 -2.0516e+000 +2.7727e+000 -3.0100e+000 -2.5979e+000 +2.6844e+000 +6.4151e+000 -4.0940e+000 +4.9710e+000 +8.1989e-001 -1.5724e+000
1194 +2.339338529e+001 +2.339338529e+001 +9.474338529e+001 +9.474338529e+001 -1.3708e+000 -1.8534e+000 +3.4126e+000 -1.0892e+000 -8.0272e-001 -6.9229e-001 +1.4861e+000 +6.5693e+000 +3.0608e+000 +3.8159e+000
1765 +1.851286253e+001 +1.851286253e+001 +8.986286253e+001 +8.986286253e+001 +2.6559e+000 -1.3682e+000 -1.0734e+000 -4.0821e-001 -5.6718e+000 +3.5215e+000 -1.0966e+000 -5.0181e+000 +4.2089e+000 +1.4968e+000
3141 +1.727768271e+001 +1.727768271e+001 +8.862768271e+001 +8.862768271e+001 -5.0556e-001 +4.4818e+000 +1.6442e-001 +4.7280e-001 -2.9954e+000 +7.9756e-001 +2.3174e+000 +4.3494e-001 +2.3254e+000 +6.4757e-001
4332 +1.173352616e+001 +1.173352616e+001 +8.308352616e+001 +8.308352616e+001 -2.9558e+000 +9.6655e-001 -2.9091e+000 -4.2707e+000 -4.3073e+000 -2.1177e+000 -6.0067e+000 -6.5994e-001 +3.9787e-001 +1.1339e+000
10682 +1.145042785e+001 +1.145042785e+001 +8.280042785e+001 +8.280042785e+001 +1.2168e+000 +2.6632e+000 -2.5981e-001 -3.8572e-001 +2.4391e+000 +3.4706e+000 +1.5100e+000 -1.9231e+000 -4.8746e+000 -5.4693e-001
54215 +8.645110873e+000 +8.645110873e+000 +7.999511087e+001 +7.999511087e+001 -1.8492e+000 +2.2356e+000 -7.0216e-001 +6.1369e-001 -2.7929e+000 +1.2002e-001 -1.2398e+000 +2.1893e+000 +1.6289e+000 +5.2873e-001
464921 +7.904174247e+000 +7.904174247e+000 +7.925417425e+001 +7.925417425e+001 -6.2961e-001 +2.3995e+000 -4.5482e+000 +6.3292e-001 -7.1900e-001 -1.3791e+000 +2.1313e+000 +2.5537e-001 +1.8115e+000 +1.5167e+000
948528 +6.935567411e+000 +6.935567411e+000 +7.828556741e+001 +7.828556741e+001 +3.1237e+000 -3.5418e-001 -4.4535e-002 +9.9486e-001 +6.7145e-001 -2.3724e+000 +1.1735e+000 -1.9249e-001 -9.1803e-001 -3.5833e-001
4094879 +6.359712655e+000 +6.359712655e+000 +7.770971265e+001 +7.770971265e+001 +1.8469e+000 -2.3849e+000 +6.7021e-001 +1.6055e+000 +8.5087e-001 +1.9944e+000 -1.1285e+000 -3.8155e-001 +2.8664e+000 -1.7893e+000
4246058 +4.099705085e+000 +4.099705085e+000 +7.544970508e+001 +7.544970508e+001 +2.1430e+000 -1.2008e-001 +4.5468e+000 -1.1903e+000 -2.1532e+000 +1.1335e+000 +1.0125e+000 -7.2539e-001 +3.7597e+000 -7.3092e-001
7763152 +2.844089899e+000 +2.844089899e+000 +7.419408990e+001 +7.419408990e+001 -1.2376e+000 +8.9638e-001 +3.3906e+000 +1.7753e+000 +3.4623e+000 -1.8845e+000 +1.8923e+000 -1.0972e-001 -1.9792e+000 +2.2879e+000
% function evaluation | noise-free fitness - Fopt (-3.552200000000e+002) | best noise-free fitness - Fopt | measured fitness | best measured fitness | x1 | x2...
1 +1.695810651e+002 +1.695810651e+002 -1.856389349e+002 -1.856389349e+002 +3.6393e+000 -1.4217e+001 -1.9478e+000 +3.1133e-001 -8.6519e+000 -2.4734e+000 -4.7785e+000 +7.1291e-001 +3.7158e+000 +2.8813e+000
2 +6.575982548e+001 +6.575982548e+001 -2.894601745e+002 -2.894601745e+002 +2.0348e+000 -3.4866e+000 -3.6345e-001 -2.6993e+000 -5.1187e-001 +6.6263e+000 +1.5426e+000 +1.3487e+000 +3.3717e+000 -2.2749e+000
3 +6.397097876e+001 +6.397097876e+001 -2.912490212e+002 -2.912490212e+002 +3.4898e+000 -3.4615e+000 +2.7818e+000 +3.6935e+000 +2.9705e+000 -3.0936e+000 -2.5215e+000 -2.6658e+000 +2.5949e+000 +5.0643e-001
23 +6.134789571e+001 +6.134789571e+001 -2.938721043e+002 -2.938721043e+002 +1.0599e+000 -6.8107e+000 +1.9453e+000 +1.7147e+000 +1.5989e+000 -1.4260e+000 +9.2947e-001 +4.3384e+000 +3.9297e+000 -1.6929e+000
24 +5.556525395e+001 +5.556525395e+001 -2.996547461e+002 -2.996547461e+002 +4.6860e+000 -3.2491e+000 +6.0785e+000 +3.3681e+000 +3.5951e+000 -7.7444e+000 -1.2464e+000 +3.4864e+000 +3.0837e+000 -1.2146e+000
27 +4.645373518e+001 +4.645373518e+001 -3.087662648e+002 -3.087662648e+002 +4.8967e+000 -4.4400e+000 +1.7157e+000 +1.7394e+000 +1.2291e+000 -2.1146e+000 +8.8133e-001 +2.1987e+000 +6.4210e+000 +3.3763e+000
88 +3.283502902e+001 +3.283502902e+001 -3.223849710e+002 -3.223849710e+002 +3.5221e+000 -5.0478e+000 +4.4750e+000 +1.2928e+000 +1.6519e-001 +7.2509e-001 +6.6946e-001 +3.9935e+000 +3.2263e+000 -2.4376e+000
127 +2.502578296e+001 +2.502578296e+001 -3.301942170e+002 -3.301942170e+002 +2.8177e+000 -6.1245e+000 +1.0280e+000 +1.1245e+000 +3.8193e+000 -3.8392e+000 +3.1102e+000 -4.4184e-001 +3.3929e+000 +7.7648e-002
435 +2.230101092e+001 +2.230101092e+001 -3.329189891e+002 -3.329189891e+002 +3.4197e+000 -2.2632e+000 +3.8093e+000 +2.8601e+000 +2.1185e+000 +1.8286e+000 -2.3746e+000 +4.5166e-001 +4.2293e+000 -5.7260e+000
2027 +1.832274147e+001 +1.832274147e+001 -3.368972585e+002 -3.368972585e+002 +4.6291e+000 +2.4637e+000 -1.9720e+000 -2.7531e+000 -1.1647e+000 -2.1941e+000 -4.9342e-001 +2.7230e+000 +1.0224e+000 +3.8439e+000
2272 +1.768084760e+001 +1.768084760e+001 -3.375391524e+002 -3.375391524e+002 -2.0039e+000 -1.3120e+000 -3.8655e-001 -1.3980e+000 -1.1751e+000 -1.1495e-001 -9.7974e-001 +1.4080e+000 +2.6456e+000 -1.5589e+000
4398 +1.275857538e+001 +1.275857538e+001 -3.424614246e+002 -3.424614246e+002 +3.0652e-001 -3.9436e+000 +1.1675e-001 +1.1761e+000 -1.8253e+000 -9.6418e-001 +4.1846e+000 -2.0553e+000 +1.3546e+000 -5.0228e+000
4488 +1.193732798e+001 +1.193732798e+001 -3.432826720e+002 -3.432826720e+002 +1.6011e-001 -3.2359e+000 -2.5246e+000 +1.2008e+000 -8.5194e-001 +8.8637e-002 +5.2967e+000 -1.1578e+000 -1.3032e+000 -4.1803e+000
72822 +5.734393708e+000 +5.734393708e+000 -3.494856063e+002 -3.494856063e+002 +4.3588e+000 -4.3688e+000 -1.1341e-001 -4.3016e-001 +1.3077e+000 -1.5843e+000 +1.4447e-001 +5.7283e+000 -5.5924e-001 +3.0878e+000
73046 +5.051853541e+000 +5.051853541e+000 -3.501681465e+002 -3.501681465e+002 -1.6389e-001 -2.2387e+000 +1.5440e-001 +1.8404e+000 -2.4094e+000 -1.6607e+000 +4.3861e-003 +2.3893e+000 -1.1735e+000 +4.5055e+000
2559003 +4.971679091e+000 +4.971679091e+000 -3.502483209e+002 -3.502483209e+002 +1.0137e+000 -7.4065e-001 +1.5797e+000 +2.4830e-001 +2.1845e+000 +1.8357e+000 +6.7975e-001 -3.2412e+000 +2.5083e+000 -1.8948e+000
% function evaluation | noise-free fitness - Fopt (9.917000000000e+001) | best noise-free fitness - Fopt | measured fitness | best measured fitness | x1 | x2...
1 +9.087391919e+001 +9.087391919e+001 +1.900439192e+002 +1.900439192e+002 +6.6100e+000 +2.4604e+000 -3.1076e+000 -1.7793e+000 -4.0898e+000 +1.8242e+000 -6.7732e+000 -1.3587e+000 +3.5150e+000 -1.5045e+000
3 +7.409920193e+001 +7.409920193e+001 +1.732692019e+002 +1.732692019e+002 +2.7394e+000 +2.8482e+000 -6.9421e+000 +2.6184e+000 -2.0602e+000 +1.0373e+000 -3.4889e+000 +2.4628e+000 +1.0489e+000 -3.2461e+000
7 +5.763284266e+001 +5.763284266e+001 +1.568028427e+002 +1.568028427e+002 +2.1879e+000 +6.4170e+000 +1.6495e+000 -2.9984e+000 -3.5896e+000 -6.5959e+000 -2.5552e+000 -7.8907e+000 -4.8765e+000 -8.7184e-001
11 +4.724087649e+001 +4.724087649e+001 +1.464108765e+002 +1.464108765e+002 +7.0060e+000 +6.5594e+000 -2.8917e+000 -3.4174e+000 +2.4593e-001 +6.1480e+000 -8.9966e-001 -4.2319e+000 -9.8732e-001 -2.5496e+000
31 +3.049316283e+001 +3.049316283e+001 +1.296631628e+002 +1.296631628e+002 +4.8706e+000 +3.8518e+000 -2.3800e+000 +2.3557e+000 -3.8890e+000 +2.2882e+000 -6.9921e-001 +1.0721e+000 +1.4679e+000 -1.2036e+000
49 +2.590841492e+001 +2.590841492e+001 +1.250784149e+002 +1.250784149e+002 +4.2774e+000 +5.1161e+000 +1.5506e+000 -3.0202e+000 -1.4272e+000 +3.6001e+000 -1.2611e+000 -2.1602e+000 +4.6478e-001 +2.5694e+000
1179 +2.014107917e+001 +2.014107917e+001 +1.193110792e+002 +1.193110792e+002 -3.3921e-001 +5.6996e+000 -1.9769e+000 +3.2389e+000 -7.1386e-001 +1.5397e+000 -1.0664e+000 -1.6908e+000 -2.5503e-001 -5.2087e-002
1768 +1.718928148e+001 +1.718928148e+001 +1.163592815e+002 +1.163592815e+002 -3.1666e+000 -9.3314e-001 -8.7257e-001 -1.9845e+000 +9.1984e-001 -3.6709e+000 +3.1581e+000 +2.2532e+000 +2.0614e+000 -1.6640e-001
6788 +1.444545797e+001 +1.444545797e+001 +1.136154580e+002 +1.136154580e+002 +4.0495e+000 +9.5853e-001 +1.3187e+000 +2.5292e+000 +2.7426e+000 +1.0083e-001 -1.1882e+000 -2.4696e+000 +2.2686e+000 -4.3927e-002
13904 +1.209045819e+001 +1.209045819e+001 +1.112604582e+002 +1.112604582e+002 -4.9465e+000 -3.1718e+000 +4.9156e+000 +9.9830e-001 +1.8900e-001 +6.3614e-001 -4.7538e+000 -4.9516e+000 +3.1875e-001 -2.8556e-001
82404 +1.057429385e+001 +1.057429385e+001 +1.097442938e+002 +1.097442938e+002 +1.1540e+000 +4.6104e-001 +2.9585e+000 +3.3410e+000 -2.6259e+000 -1.9313e+000 +2.4191e+000 -3.4540e+000 -7.4634e-001 +1.0518e-001
181279 +9.084253851e+000 +9.084253851e+000 +1.082542539e+002 +1.082542539e+002 -3.8970e+000 -2.4855e+000 -3.4524e+000 +3.7852e-001 +1.5763e+000 +2.5619e+000 -1.9534e+000 +6.4898e-001 -2.1350e+000 +1.3425e+000
269308 +8.297344032e+000 +8.297344032e+000 +1.074673440e+002 +1.074673440e+002 -1.8551e+000 +2.6483e+000 +1.8604e+000 -3.9764e+000 +2.8868e+000 -5.1059e+000 -3.2475e+000 +6.3692e-001 -2.6149e+000 +4.3690e+000
567087 +7.462862328e+000 +7.462862328e+000 +1.066328623e+002 +1.066328623e+002 +6.9807e-001 +2.4131e-001 -7.4682e-001 -1.9426e+000 -1.7643e+000 +2.9439e-002 +1.6572e+000 -1.5304e-002 +3.2281e+000 -7.7026e-001
1124315 +6.995314609e+000 +6.995314609e+000 +1.061653146e+002 +1.061653146e+002 -5.2062e+000 +2.8268e+000 -5.7085e-002 +5.1828e-001 +1.2388e+000 -3.9968e-001 +3.3640e+000 -7.9805e-002 -1.0665e+000 -3.9294e+000
2217552 +5.563257218e+000 +5.563257218e+000 +1.047332572e+002 +1.047332572e+002 +1.3529e-001 +2.8530e-001 -4.8991e+000 -1.9347e+000 -3.7245e-001 -8.2945e-001 +8.3454e-001 -1.5112e+000 -1.1157e+000 -3.3519e-001
2603410 +4.074694335e+000 +4.074694335e+000 +1.032446943e+002 +1.032446943e+002 +3.5834e+000 -4.1060e+000 +4.2655e+000 -1.0613e+000 -1.3832e+000 -1.6966e-001 -2.3524e+000 +1.8638e+000 -1.3057e+000 +2.5194e-001
8177816 +3.730245342e+000 +3.730245342e+000 +1.029002453e+002 +1.029002453e+002 +1.7436e+000 +3.1483e+000 -3.2542e+000 +1.3111e+000 +1.2964e+000 +9.7703e-002 -4.4151e-001 +2.4396e+000 -7.6682e-001 -1.4938e+000
% function evaluation | noise-free fitness - Fopt (-5.179100000000e+002) | best noise-free fitness - Fopt | measured fitness | best measured fitness | x1 | x2...
1 +1.264185667e+002 +1.264185667e+002 -3.914914333e+002 -3.914914333e+002 -9.3784e+000 +5.2090e+000 +3.9893e+000 +6.8316e+000 +5.3557e+000 -3.3003e+000 -2.0567e+000 -2.2494e+000 -2.1336e+000 -9.6056e+000
2 +7.273800359e+001 +7.273800359e+001 -4.451719964e+002 -4.451719964e+002 -2.5895e-001 -1.2656e+000 +6.5868e+000 +1.0064e+000 +2.9805e+000 -2.4418e+000 -4.9753e+000 -2.9956e+000 +1.2354e+000 -8.8988e+000
10 +7.097491515e+001 +7.097491515e+001 -4.469350849e+002 -4.469350849e+002 -3.8129e+000 -1.0134e+000 +1.8633e+000 +5.2357e+000 +1.5389e+000 -4.8751e+000 -4.7108e+000 -3.7409e+000 -3.8451e+000 -3.9545e+000
12 +3.534281895e+001 +3.534281895e+001 -4.825671810e+002 -4.825671810e+002 +4.2864e+000 +1.4085e+000 -4.9931e+000 +6.8873e+000 +6.4085e+000 +2.7880e+000 +5.0194e-001 -5.4105e+000 -2.0349e+000 -5.2251e+000
30 +2.624231442e+001 +2.624231442e+001 -4.916676856e+002 -4.916676856e+002 -9.3013e-001 +5.5538e-001 +3.9667e+000 +2.8495e+000 -1.0325e+000 -4.8024e+000 -2.3159e+000 -2.6496e+000 -4.3141e+000 -4.1136e+000
1531 +2.369534223e+001 +2.369534223e+001 -4.942146578e+002 -4.942146578e+002 +1.1827e+000 +6.7203e-001 +7.1778e-001 +1.9774e+000 -1.1736e+000 -3.2005e+000 -2.1994e+000 +3.0966e+000 +1.2694e+000 -5.0173e-001
1532 +2.193821152e+001 +2.193821152e+001 -4.959717885e+002 -4.959717885e+002 +2.1569e+000 +3.0590e+000 -1.1039e+000 +1.5806e+000 -2.5870e+000 -3.0916e+000 +4.5621e-001 +3.4864e+000 +2.9843e+000 -2.2715e+000
1593 +2.041912158e+001 +2.041912158e+001 -4.974908784e+002 -4.974908784e+002 +6.5216e-001 +2.9473e+000 +5.4816e-001 +3.0931e+000 -3.2753e+000 -4.4346e+000 +3.2884e-001 +4.5508e+000 +1.7435e+000 +6.2009e-001
4792 +1.899647244e+001 +1.899647244e+001 -4.989135276e+002 -4.989135276e+002 -7.5391e-002 +2.9078e+000 +5.3874e-001 -3.1714e+000 +1.1878e+000 -1.0156e-001 -1.6059e+000 +4.7893e+000 -1.4126e+000 +2.3832e+000
6710 +1.212322476e+001 +1.212322476e+001 -5.057867752e+002 -5.057867752e+002 -1.3833e+000 +3.0960e+000 +5.3300e+000 +3.4204e+000 +1.8941e+000 +1.7062e+000 +7.9635e-001 +6.1512e+000 +4.7588e+000 +2.3687e+000
7970 +1.116771019e+001 +1.116771019e+001 -5.067422898e+002 -5.067422898e+002 +1.6558e+000 +2.2274e+000 +2.8278e+000 +1.1979e+000 +5.2413e+000 +1.3841e+000 -5.0920e+000 +6.6527e-001 -2.7991e+000 -2.5299e-001
28110 +9.886510658e+000 +9.886510658e+000 -5.080234893e+002 -5.080234893e+002 +1.1253e-001 -3.3160e+000 +3.8636e+000 -9.0952e-001 -3.8861e+000 +3.2547e+000 -4.9959e+000 -1.8620e-001 +3.1946e+000 +9.2645e-001
71573 +9.664915294e+000 +9.664915294e+000 -5.082450847e+002 -5.082450847e+002 -1.3606e+000 -3.8421e+000 -3.6383e+000 +1.8175e+000 -3.9365e+000 -6.6389e+000 -1.7196e+000 +6.1550e-001 -4.1493e-001 +3.9977e+000
92168 +9.176278158e+000 +9.176278158e+000 -5.087337218e+002 -5.087337218e+002 -2.6828e+000 +2.6578e+000 -2.0216e+000 +1.1053e+000 -3.4431e+000 +2.8250e+000 +7.7670e-001 -5.0815e+000 -3.0835e+000 -1.8975e+000
150569 +6.889273097e+000 +6.889273097e+000 -5.110207269e+002 -5.110207269e+002 -1.1535e+000 +6.6255e-001 +1.5405e+000 +1.8074e+000 -4.5156e+000 -3.0704e-001 +2.7115e+000 -8.9261e-001 +5.3650e+000 +3.1510e+000
309499 +4.141491496e+000 +4.141491496e+000 -5.137685085e+002 -5.137685085e+002 -3.8031e+000 +4.6120e+000 +1.0076e+000 +3.3757e+000 -3.9605e+000 +5.3786e+000 +2.3345e+000 +2.2134e-001 -2.8818e+000 +3.6280e+000
5066839 +4.065834144e+000 +4.065834144e+000 -5.138441659e+002 -5.138441659e+002 -7.9719e-001 +3.1356e+000 +3.3959e-001 -1.1917e+000 -4.0942e+000 +2.5809e+000 -2.5640e+000 -5.4725e+000 +8.0559e-001 -4.6550e+000
7716313 +3.875616503e+000 +3.875616503e+000 -5.140343835e+002 -5.140343835e+002 -3.1413e+000 +1.0775e+000 -1.7583e+000 +3.7602e+000 -3.3461e+000 +2.7760e+000 -2.8308e+000 -1.8114e+000 -5.8299e+000 +1.0131e+000
% function evaluation | noise-free fitness - Fopt (-5.721000000000e+001) | best noise-free fitness - Fopt | measured fitness | best measured fitness | x1 | x2...
1 +1.302572838e+002 +1.302572838e+002 +7.304728382e+001 +7.304728382e+001 -1.3994e+000 +2.4948e+000 -2.6134e+000 -1.8451e+000 -4.3341e-001 +2.4045e+000 -6.1394e+000 -5.4220e+000 -1.1097e+000 -2.1524e+000
2 +7.895237983e+001 +7.895237983e+001 +2.174237983e+001 +2.174237983e+001 -8.1330e-001 -4.3734e+000 -2.6795e+000 -1.8266e+000 +8.8817e-001 -2.1314e-001 -5.2840e+000 -4.5044e+000 -1.2742e+000 -1.5411e+000
7 +7.490817532e+001 +7.490817532e+001 +1.769817532e+001 +1.769817532e+001 -1.3027e-001 -4.2547e+000 -1.6384e+000 -5.0517e+000 -1.7680e+000 +1.8354e+000 -5.8325e+000 -4.8798e-001 -3.6114e+000 +6.0737e-001
10 +5.796734912e+001 +5.796734912e+001 +7.573491207e-001 +7.573491207e-001 -3.6814e-001 -5.0584e+000 -8.3335e+000 +4.3785e-001 -2.8285e-001 +2.5903e+000 -8.2615e+000 -1.8404e+000 +1.2895e+000 -2.1317e+000
33 +4.620639678e+001 +4.620639678e+001 -1.100360322e+001 -1.100360322e+001 +7.6815e-001 -3.2417e+000 -2.0110e+000 -2.6304e-001 -1.3659e+000 +7.1409e-001 -4.8100e+000 -2.4700e+000 -1.7432e+000 -4.9861e+000
34 +2.365880913e+001 +2.365880913e+001 -3.355119087e+001 -3.355119087e+001 +1.1826e-001 -5.9194e+000 -1.0679e+000 +1.1326e+000 -5.2440e-002 +3.7325e+000 -2.8757e+000 -3.7337e+000 -4.9850e-001 +4.5277e-001
882 +1.978714394e+001 +1.978714394e+001 -3.742285606e+001 -3.742285606e+001 -5.5240e-001 +5.1380e+000 -3.2013e+000 -4.2276e+000 -1.8177e+000 -1.4067e+000 -3.4124e+000 -2.0602e+000 +2.6207e+000 +9.2483e-001
2169 +1.827508937e+001 +1.827508937e+001 -3.893491063e+001 -3.893491063e+001 +2.7089e+000 -2.8163e+000 +4.3569e+000 +2.8005e+000 +1.0921e+000 +3.0972e+000 +1.4628e+000 -4.1080e+000 -3.6180e+000 -1.2516e+000
3113 +1.441348374e+001 +1.441348374e+001 -4.279651626e+001 -4.279651626e+001 +1.0315e+000 -1.9234e+000 -2.3200e+000 -2.0322e+000 +2.9154e+000 +4.1493e+000 -2.1833e+000 +1.8436e+000 -9.6001e-002 -5.3771e+000
17042 +1.232111643e+001 +1.232111643e+001 -4.488888357e+001 -4.488888357e+001 -1.0135e+000 -1.1165e+000 -3.7899e+000 +2.1123e+000 -2.0045e+000 -2.1183e+000 +1.7017e+000 +9.6729e-001 -9.7346e-001 +5.0827e+000
83474 +1.176817128e+001 +1.176817128e+001 -4.544182872e+001 -4.544182872e+001 -4.0825e+000 -2.3972e+000 +2.5260e+000 +6.9710e-001 +4.0478e-001 -6.3800e+000 +2.1965e+000 +6.3614e-001 -1.2062e+000 +3.4941e+000
160389 +8.447304271e+000 +8.447304271e+000 -4.876269573e+001 -4.876269573e+001 -2.0271e-001 +5.1095e+000 -4.3277e-001 -4.0505e+000 +6.6315e-001 +4.0427e+000 -9.6684e-001 -3.7904e+000 -2.3760e+000 -5.0452e+000
168961 +8.116558004e+000 +8.116558004e+000 -4.909344200e+001 -4.909344200e+001 +1.0405e+000 +1.9394e+000 +2.3590e+000 +1.9988e+000 +5.5923e+000 +3.2468e-001 +1.1208e+000 -1.1265e+000 +4.9945e-001 -4.6441e-002
963077 +7.860637105e+000 +7.860637105e+000 -4.934936290e+001 -4.934936290e+001 -6.0380e+000 -2.5325e+000 -1.7146e+000 +4.4449e+000 -2.9549e+000 -3.0512e+000 -1.5725e+000 -9.4980e-001 -3.2663e+000 +1.1728e+000
1130994 +7.608968937e+000 +7.608968937e+000 -4.960103106e+001 -4.960103106e+001 +5.8645e+000 +2.1529e+000 +3.5412e+000 -2.9776e+000 +4.7337e+000 -3.0179e-001 -4.5269e+000 -4.1782e+000 -2.6720e-002 -1.3645e+000
1710931 +7.392627403e+000 +7.392627403e+000 -4.981737260e+001 -4.981737260e+001 -8.0261e-001 -6.4093e+000 +2.2955e+000 -3.7172e-001 +6.2914e-001 -4.6243e+000 +2.8424e-001 +8.9932e-001 +2.4505e-002 -4.5309e+000
2355584 +3.924769037e+000 +3.924769037e+000 -5.328523096e+001 -5.328523096e+001 +3.0872e+000 -2.9425e+000 +9.4096e-001 +2.5555e+000 +3.2071e+000 -4.3681e+000 +4.5999e+000 -1.8365e+000 -5.1374e+000 -4.9310e+000
% function evaluation | noise-free fitness - Fopt (-1.000000000000e+003) | best noise-free fitness - Fopt | measured fitness | best measured fitness | x1 | x2...
1 +1.386902985e+002 +1.386902985e+002 -8.613097015e+002 -8.613097015e+002 +4.9378e+000 -4.4264e-001 -5.4633e+000 -1.3980e+000 +4.6452e+000 -6.8251e-001 -4.7526e-001 +9.6410e-001 +4.7317e+000 +1.6300e+000
2 +6.492709740e+001 +6.492709740e+001 -9.350729026e+002 -9.350729026e+002 +1.5862e+000 +2.9075e+000 -6.9422e+000 -5.9130e-001 +2.8639e+000 +1.6046e+000 -7.4007e-001 +4.7091e-001 +5.2932e+000 +4.2837e+000
9 +5.591274031e+001 +5.591274031e+001 -9.440872597e+002 -9.440872597e+002 +1.0896e+000 +7.9624e-001 -4.7794e+000 -2.6685e+000 +3.9967e+000 +1.3816e-001 +2.4300e+000 +2.4140e-002 +7.7849e+000 +2.0761e+000
28 +5.106727730e+001 +5.106727730e+001 -9.489327227e+002 -9.489327227e+002 +4.6476e+000 +3.4384e+000 -6.0760e+000 +2.6436e+000 +4.8101e+000 -4.8224e+000 -1.2521e+000 -1.3908e+000 +4.2004e+000 +2.9525e+000
46 +4.363861840e+001 +4.363861840e+001 -9.563613816e+002 -9.563613816e+002 +7.8201e+000 -4.3103e-002 -4.0243e+000 +1.9108e+000 +5.2179e+000 -1.2135e-001 +5.7772e+000 +1.7434e+000 +6.5674e+000 +5.4043e+000
92 +4.219960089e+001 +4.219960089e+001 -9.578003991e+002 -9.578003991e+002 +3.5860e+000 +3.3698e+000 -6.6596e+000 -2.9789e+000 +4.7958e+000 +1.1958e+000 +1.5411e+000 +2.5639e+000 +2.3798e+000 +2.2358e+000
117 +4.017247723e+001 +4.017247723e+001 -9.598275228e+002 -9.598275228e+002 +2.9781e+000 +6.4121e+000 -3.8756e+000 -4.6816e-001 +5.4833e+000 +2.4980e+000 +1.2021e+000 +1.8837e-001 +5.2642e+000 +3.9270e+000
175 +3.529415589e+001 +3.529415589e+001 -9.647058441e+002 -9.647058441e+002 +2.6456e+000 +1.5178e+000 -6.8565e+000 -2.5150e+000 +4.9418e+000 +3.9974e+000 +3.1271e-002 +6.3907e-001 +4.6954e+000 +2.5481e+000
243 +3.145896156e+001 +3.145896156e+001 -9.685410384e+002 -9.685410384e+002 +5.9537e-001 +2.6667e+000 -3.1334e+000 -1.9552e+000 +4.2050e+000 +5.3267e-001 +3.0489e+000 +6.7715e-001 +3.7090e+000 -4.6152e-001
401 +1.309229924e+001 +1.309229924e+001 -9.869077008e+002 -9.869077008e+002 -8.9812e-001 -5.1932e-001 +3.0198e+000 -1.6164e+000 +6.1867e+000 +3.3405e+000 -2.9306e+000 +2.5501e+000 +3.8825e+000 +4.7431e+000
56271 +1.012601811e+001 +1.012601811e+001 -9.898739819e+002 -9.898739819e+002 -1.8025e+000 -2.5880e+000 +1.1140e+000 +3.8655e+000 -1.7765e+000 -1.6911e-001 -1.9144e-001 -2.6769e+000 -4.0121e+000 -1.5327e+000
235525 +7.692077547e+000 +7.692077547e+000 -9.923079225e+002 -9.923079225e+002 -3.1962e-001 +3.4358e+000 +2.4247e+000 +2.3147e+000 -5.9939e-001 +7.1376e-001 -2.6165e+000 +1.8644e+000 +4.7771e-001 -5.2631e+000
1763750 +7.316124119e+000 +7.316124119e+000 -9.926838759e+002 -9.926838759e+002 -5.7651e+000 -1.7268e+000 -2.5444e+000 +5.0224e-001 +5.6210e-001 +3.7204e+000 +5.5721e+000 +2.1470e-002 -1.6118e+000 -4.1676e+000
1864439 +6.606838083e+000 +6.606838083e+000 -9.933931619e+002 -9.933931619e+002 -2.5683e+000 -3.1193e+000 +4.3704e+000 -2.9486e+000 +1.7207e-001 -1.1914e+000 -7.3181e-001 +2.0382e+000 +1.0773e+000 -1.0725e+000
2708657 +6.380641435e+000 +6.380641435e+000 -9.936193586e+002 -9.936193586e+002 -1.7859e+000 +1.2481e+000 -3.0323e+000 -4.0438e-001 +5.4025e+000 +1.0745e+000 -2.8167e+000 -5.0746e+000 -3.2213e+000 -1.1127e+000
3062751 +6.077118552e+000 +6.077118552e+000 -9.939228814e+002 -9.939228814e+002 +5.8958e-001 -3.1007e+000 +1.2689e+000 -8.6898e-001 -2.6967e+000 +2.1743e+000 +1.7176e+000 +4.7882e-001 -2.5896e-001 +3.6628e+000
5498489 +5.884532603e+000 +5.884532603e+000 -9.941154674e+002 -9.941154674e+002 -9.0123e-002 +4.3193e+000 +3.5807e+000 +1.4207e+000 -1.0389e+000 +5.2521e+000 -8.1485e-002 +5.3306e+000 -4.0117e+000 -1.2110e+000
5536057 +3.020185563e+000 +3.020185563e+000 -9.969798144e+002 -9.969798144e+002 -3.8376e+000 +1.4294e-001 -1.5640e+000 +1.9559e+000 +3.3493e+000 +7.2649e-001 -4.8582e-001 -3.7795e+000 +3.1318e+000 +1.2253e+000
% function evaluation | noise-free fitness - Fopt (-6.554000000000e+001) | best noise-free fitness - Fopt | measured fitness | best measured fitness | x1 | x2...
1 +8.560788132e+001 +8.560788132e+001 +2.006788132e+001 +2.006788132e+001 +1.4556e+000 -1.9110e-001 +7.4757e-001 -5.6221e+000 +1.6457e+000 -2.5656e+000 -6.8547e+000 +5.7046e+000 -6.4020e+000 +7.5572e+000
2 +5.499879857e+001 +5.499879857e+001 -1.054120143e+001 -1.054120143e+001 -2.6819e+000 +7.5348e+000 -4.6757e+000 +3.1323e+000 +1.9911e+000 -5.0020e+000 -6.1518e+000 +1.5744e+000 -1.0014e+000 +1.3075e+000
31 +5.383607930e+001 +5.383607930e+001 -1.170392070e+001 -1.170392070e+001 +9.0493e-001 -1.8637e+000 -3.7513e+000 +2.9603e+000 -8.0950e+000 -4.2412e+000 -3.9272e+000 +3.1164e+000 -2.8137e+000 +5.3811e+000
32 +3.711667781e+001 +3.711667781e+001 -2.842332219e+001 -2.842332219e+001 +3.8205e+000 -6.6398e+000 -4.7201e-001 +2.9195e+000 +2.0988e-001 -6.2625e+000 -3.9628e+000 +4.1651e+000 -2.2420e+000 +3.5579e-001
101 +3.524704485e+001 +3.524704485e+001 -3.029295515e+001 -3.029295515e+001 -1.4434e+000 +5.1624e+000 -2.8693e+000 +3.0693e+000 +1.4038e+000 -3.6952e+000 -6.4208e+000 +2.2248e+000 -4.2087e+000 -3.2763e+000
216 +3.421083544e+001 +3.421083544e+001 -3.132916456e+001 -3.132916456e+001 +7.1470e-002 -3.6981e+000 +1.4987e+000 +3.9950e+000 +4.3655e+000 -3.4058e+000 -4.1119e+000 +5.7026e-001 +8.8152e-001 +1.4891e+000
266 +2.871551967e+001 +2.871551967e+001 -3.682448033e+001 -3.682448033e+001 +3.1012e+000 +2.9636e+000 +1.2621e+000 +3.3702e+000 +4.2934e-001 -9.9831e-001 -2.8599e+000 -1.2479e-001 +2.9221e+000 -3.5850e-001
502 +2.234139921e+001 +2.234139921e+001 -4.319860079e+001 -4.319860079e+001 -1.8892e-001 -3.8418e+000 +5.8220e+000 +2.4529e+000 +1.0405e+000 -3.0517e+000 -5.3233e+000 -3.1677e-001 -2.1180e+000 -2.3616e+000
2848 +2.166083122e+001 +2.166083122e+001 -4.387916878e+001 -4.387916878e+001 -2.8602e+000 +1.5397e+000 -4.8371e+000 -1.7145e+000 +8.0630e-001 +2.3266e+000 -2.7090e+000 +7.0558e-001 +1.2427e+000 +5.0629e+000
3111 +2.001056890e+001 +2.001056890e+001 -4.552943110e+001 -4.552943110e+001 -3.0441e+000 +1.3557e+000 -6.3558e-001 +1.9580e+000 +3.2378e-002 +2.2503e+000 +3.3297e+000 +3.4970e+000 -1.0936e+000 +1.8765e+000
3220 +1.867199358e+001 +1.867199358e+001 -4.686800642e+001 -4.686800642e+001 -2.3636e+000 -1.6533e+000 -4.5408e+000 +1.9584e+000 -1.4260e+000 +3.3223e+000 -7.4215e-001 -6.5017e-001 -2.6881e+000 +5.8886e+000
3677 +1.834295300e+001 +1.834295300e+001 -4.719704700e+001 -4.719704700e+001 +2.0472e+000 -2.2301e+000 -6.7997e-001 +1.2368e+000 -2.2348e+000 +2.5374e+000 -2.1842e+000 +2.6429e+000 +3.3667e-001 -3.3245e+000
5544 +1.781871609e+001 +1.781871609e+001 -4.772128391e+001 -4.772128391e+001 +3.2367e+000 +5.1198e-001 +6.3199e+000 +3.9098e+000 +2.0287e+000 +2.2447e+000 -1.1137e+000 +1.2909e+000 -1.0209e+000 -8.9000e-001
5734 +1.644454118e+001 +1.644454118e+001 -4.909545882e+001 -4.909545882e+001 +3.4837e+000 +4.1290e+000 -2.3237e+000 -2.4496e+000 -1.8604e+000 +4.0520e+000 +5.3761e+000 -2.2361e+000 -1.7206e+000 +1.2577e+000
19014 +1.594751336e+001 +1.594751336e+001 -4.959248664e+001 -4.959248664e+001 -1.8262e+000 -5.1604e-001 -1.7112e+000 +1.4997e+000 +3.3621e+000 -1.0168e+000 +2.8043e+000 +1.4322e+000 +6.3592e-001 -4.9947e+000
26801 +1.487525184e+001 +1.487525184e+001 -5.066474816e+001 -5.066474816e+001 -3.7305e+000 +2.5862e+000 +5.1683e-001 +1.9335e+000 +1.2157e+000 -4.3644e+000 +4.2333e-001 -2.1816e-001 -5.5463e-001 +2.8394e-001
32183 +1.404781186e+001 +1.404781186e+001 -5.149218814e+001 -5.149218814e+001 -2.2246e-001 +1.6810e+000 +3.5008e+000 +1.7231e+000 -3.2385e+000 -1.9959e+000 +1.4711e-001 +3.7782e+000 -1.9684e+000 -5.0293e+000
49490 +1.357931798e+001 +1.357931798e+001 -5.196068202e+001 -5.196068202e+001 +4.6236e+000 -5.8355e+000 -2.3229e+000 +1.5157e+000 +3.9189e+000 -2.8349e+000 +1.2777e-001 +5.4828e+000 +7.5985e-001 -2.4359e+000
50136 +8.363067504e+000 +8.363067504e+000 -5.717693250e+001 -5.717693250e+001 +3.4782e+000 -5.2190e-001 -1.3037e+000 -9.0210e-001 +4.5929e+000 -3.5050e+000 +4.4026e+000 +3.1141e+000 +8.9862e-001 -1.2863e+000
150602 +7.340267021e+000 +7.340267021e+000 -5.819973298e+001 -5.819973298e+001 +4.8618e+000 +3.5343e+000 +3.3323e+000 +2.4767e+000 -4.7202e+000 -2.5757e+000 -3.4939e+000 +2.6780e+000 -4.0526e-001 +2.6034e+000
1420554 +5.573897811e+000 +5.573897811e+000 -5.996610219e+001 -5.996610219e+001 -2.6661e+000 -4.4926e+000 +2.0177e+000 -2.4449e+000 -2.5011e+000 -2.0996e+000 -2.4979e+000 -8.8048e-001 -1.5206e+000 +1.3820e+000
5720199 +4.244346413e+000 +4.244346413e+000 -6.129565359e+001 -6.129565359e+001 -1.3348e+000 -1.8039e+000 +6.1170e-001 +2.8055e+000 +4.2090e+000 -4.5233e+000 +1.3212e+000 -1.2899e+000 -4.5519e+000 +1.9109e+000
7903176 +3.743359112e+000 +3.743359112e+000 -6.179664089e+001 -6.179664089e+001 -3.7347e+000 +3.6282e+000 -2.0739e+000 +1.7086e+000 -1.5379e+000 -2.5762e+000 -4.8861e+000 -4.3228e+000 +3.8324e-001 +1.5539e+000
% function evaluation | noise-free fitness - Fopt (-2.375000000000e+001) | best noise-free fitness - Fopt | measured fitness | best measured fitness | x1 | x2...
1 +6.630354924e+001 +6.630354924e+001 +4.255354924e+001 +4.255354924e+001 -2.9403e+000 +1.3476e+000 +1.0975e+000 +2.4846e+000 +7.9441e+000 -3.7560e+000 +3.2419e+000 +1.0493e+000 +2.6098e-001 -1.6493e+000
4 +4.597455259e+001 +4.597455259e+001 +2.222455259e+001 +2.222455259e+001 -3.3418e+000 +2.5762e+000 +5.3522e+000 -2.4653e+000 +4.5695e+000 +8.5201e-001 +4.0381e+000 +3.3725e+000 -1.5193e+000 -1.2906e+000
29 +4.176009871e+001 +4.176009871e+001 +1.801009871e+001 +1.801009871e+001 +1.0951e-001 +2.6161e+000 -1.3439e+000 +9.2083e+000 +6.5019e+000 -2.9010e+000 +3.6835e+000 +9.2075e-002 -2.2872e+000 +4.2242e+000
31 +4.086815353e+001 +4.086815353e+001 +1.711815353e+001 +1.711815353e+001 +5.4986e-001 +4.1686e+000 -5.1885e+000 +2.1349e+000 +3.3064e+000 -4.1182e+000 +3.6594e+000 +1.7807e+000 -2.3654e+000 -3.1896e+000
69 +2.743805302e+001 +2.743805302e+001 +3.688053024e+000 +3.688053024e+000 -6.1125e+000 -1.6215e+000 -6.2155e+000 -2.5947e+000 +5.2256e+000 -9.7609e-001 +2.4318e+000 +3.1529e+000 -5.9749e+000 -9.5128e-001
1459 +2.256974487e+001 +2.256974487e+001 -1.180255127e+000 -1.180255127e+000 +6.6668e-001 +8.8593e-001 -1.8539e+000 +4.2286e+000 +4.8987e+000 -3.4466e+000 -1.8575e+000 -5.0831e+000 -3.6519e+000 +1.8333e+000
3604 +1.563225885e+001 +1.563225885e+001 -8.117741148e+000 -8.117741148e+000 +2.8969e+000 -3.4087e-001 -8.7477e-002 -1.6069e+000 +1.0804e+000 +6.3188e-001 +2.7662e+000 -2.4277e+000 +1.3750e+000 +6.3260e-001
15798 +1.197173891e+001 +1.197173891e+001 -1.177826109e+001 -1.177826109e+001 +1.3641e-001 +7.8505e-001 +2.9169e+000 -2.1569e+000 +5.1093e+000 +1.6072e+000 +2.9901e+000 -2.8929e+000 +3.2681e+000 -1.3693e+000
136486 +9.434605940e+000 +9.434605940e+000 -1.431539406e+001 -1.431539406e+001 +9.3753e-001 +3.1721e+000 +2.9240e-001 -3.2536e+000 +5.6425e-001 +4.4962e+000 -7.1910e-001 -8.2644e-001 -2.4345e+000 -3.0488e+000
158737 +8.251823227e+000 +8.251823227e+000 -1.549817677e+001 -1.549817677e+001 +5.1198e+000 -2.1680e+000 -2.5832e+000 +3.9729e+000 +3.6052e+000 +3.5670e-001 +3.2042e+000 +3.9204e+000 +1.2581e+000 +1.0234e+000
1031564 +6.509929812e+000 +6.509929812e+000 -1.724007019e+001 -1.724007019e+001 -1.4086e+000 +3.6545e+000 +1.7766e+000 +1.9880e+000 -4.6587e-001 -1.2253e+000 +9.5667e-001 +2.6995e+000 +8.7583e-001 +4.6960e-001
1993785 +5.193767815e+000 +5.193767815e+000 -1.855623219e+001 -1.855623219e+001 -2.7491e+000 +1.4140e+000 -2.2252e+000 -4.8685e+000 +1.6432e+000 +3.0290e+000 -9.7744e-001 +2.6674e+000 +6.4482e-001 +2.0978e+000
6536753 +3.527193469e+000 +3.527193469e+000 -2.022280653e+001 -2.022280653e+001 +1.0707e-001 -4.9770e+000 +8.8824e-001 -3.3612e+000 -4.4145e+000 +3.5984e-001 +3.5751e-001 -2.0185e+000 -3.9302e+000 +1.3797e+000
% function evaluation | noise-free fitness - Fopt (3.513000000000e+001) | best noise-free fitness - Fopt | measured fitness | best measured fitness | x1 | x2...
1 +1.147850977e+002 +1.147850977e+002 +1.499150977e+002 +1.499150977e+002 +2.5764e+000 +5.9490e-001 +9.8987e-002 -3.2442e+000 -2.0872e+000 +4.5156e+000 -4.2707e+000 -6.3638e+000 -6.2017e-001 -5.3460e-001
3 +9.758902956e+001 +9.758902956e+001 +1.327190296e+002 +1.327190296e+002 +2.7645e+000 +9.3423e+000 -3.4184e+000 -8.0688e-001 +2.2175e+000 +9.2440e+000 +1.1214e+000 -7.4146e+000 -2.1910e+000 -3.7468e+000
4 +8.657925399e+001 +8.657925399e+001 +1.217092540e+002 +1.217092540e+002 +2.8421e+000 -2.0867e+000 -2.4028e+000 -2.2617e+000 +4.6801e+000 +5.9318e+000 -1.1834e+000 -3.9403e+000 -5.5932e-002 +1.0740e+000
5 +6.446250627e+001 +6.446250627e+001 +9.959250627e+001 +9.959250627e+001 +6.6486e+000 -1.5928e+000 -2.9573e+000 -2.4767e+000 +2.8226e+000 +7.8481e-001 -1.0856e+000 -3.0753e+000 -2.5276e+000 +1.8411e+000
6 +5.555767216e+001 +5.555767216e+001 +9.068767216e+001 +9.068767216e+001 +5.0264e+000 -9.3702e-001 +4.0157e+000 -1.5093e+000 +7.2770e-002 +1.2910e+000 -1.0842e+000 -4.9472e+000 -2.9629e+000 +4.1049e-001
23 +5.444363823e+001 +5.444363823e+001 +8.957363823e+001 +8.957363823e+001 +3.9082e+000 -2.4399e+000 -1.9022e+000 -3.0191e+000 +4.9104e+000 +2.1885e+000 +1.3782e+000 -4.1278e+000 -1.2988e+000 -3.9536e-001
24 +4.636775565e+001 +4.636775565e+001 +8.149775565e+001 +8.149775565e+001 +3.3951e+000 +5.5732e-001 -7.4277e+000 -1.0288e-001 +2.1547e+000 -7.0057e-001 -4.2903e+000 -5.9690e+000 -2.8998e+000 +3.1521e+000
87 +3.567686274e+001 +3.567686274e+001 +7.080686274e+001 +7.080686274e+001 +4.7713e+000 -1.5585e+000 -7.1461e+000 -3.1543e+000 -6.9495e-001 +1.9600e+000 +1.1765e+000 -5.2016e+000 -2.6301e+000 -9.9441e-002
291 +3.268487960e+001 +3.268487960e+001 +6.781487960e+001 +6.781487960e+001 +5.2355e+000 -3.1159e+000 -5.7788e+000 -1.8647e+000 +6.3885e+000 -3.8446e+000 -2.3859e+000 -2.2018e+000 -4.6510e+000 +8.7075e-001
316 +2.845593264e+001 +2.845593264e+001 +6.358593264e+001 +6.358593264e+001 +4.1528e+000 -2.6388e+000 -3.0614e+000 +3.3661e-001 +2.1405e+000 +2.2256e+000 -2.3082e+000 -4.8685e+000 -2.1146e+000 +1.3445e+000
629 +2.173487571e+001 +2.173487571e+001 +5.686487571e+001 +5.686487571e+001 -2.8148e-001 -3.1051e+000 -2.9372e+000 +4.8504e-001 +3.0249e+000 +1.0877e+000 -1.9087e+000 +4.4235e+000 +6.1663e+000 +2.7209e+000
1407 +2.012292052e+001 +2.012292052e+001 +5.525292052e+001 +5.525292052e+001 -9.2116e-001 -1.9311e+000 -2.8452e+000 +5.3311e+000 +1.2721e+000 +1.4780e+000 +6.4630e+000 -3.1379e+000 +3.9209e-001 -6.5099e+000
3930 +1.286017228e+001 +1.286017228e+001 +4.799017228e+001 +4.799017228e+001 +1.5305e+000 -1.5566e+000 +1.7361e+000 -5.5729e+000 +1.4536e-001 +4.1224e-001 +5.9293e-001 -6.6189e-002 +4.5395e-001 +4.0622e+000
16473 +7.933240449e+000 +7.933240449e+000 +4.306324045e+001 +4.306324045e+001 +9.8901e-001 +7.6892e-001 +3.3980e+000 +5.6759e-001 +1.4759e+000 +9.7587e-002 +3.6741e+000 +2.0815e+000 -5.3562e-001 -4.8548e+000
311832 +6.461993742e+000 +6.461993742e+000 +4.159199374e+001 +4.159199374e+001 -4.5962e+000 -5.2826e+000 +1.7432e+000 +3.2334e-001 -3.2595e+000 +1.0484e-001 -4.2873e+000 -1.6004e+000 -1.5877e-001 -5.4663e-001
1330027 +3.869480871e+000 +3.869480871e+000 +3.899948087e+001 +3.899948087e+001 +4.3888e+000 +1.6002e+000 +4.2119e+000 +1.8567e+000 -1.6631e+000 +1.2120e+000 +3.7976e+000 -1.6118e+000 -1.4016e+000 +2.1593e+000
% function evaluation | noise-free fitness - Fopt (-7.982000000000e+001) | best noise-free fitness - Fopt | measured fitness | best measured fitness | x1 | x2...
1 +4.233639727e+001 +4.233639727e+001 -3.748360273e+001 -3.748360273e+001 -2.9999e+000 +5.0798e+000 +4.6586e+000 +3.2708e+000 +1.1207e+000 +7.3363e+000 +1.8094e+000 -1.9301e+000 -4.3311e-002 +2.0358e+000
79 +4.099627883e+001 +4.099627883e+001 -3.882372117e+001 -3.882372117e+001 +9.4670e-001 +3.0233e+000 +4.9323e+000 +5.3716e+000 +3.2745e+000 +2.3211e+000 -4.4241e+000 -3.8170e+000 -1.5387e-001 +1.7846e+000
154 +3.079922216e+001 +3.079922216e+001 -4.902077784e+001 -4.902077784e+001 +4.4784e+000 +5.1572e+000 +4.4464e+000 +4.2021e+000 +1.0961e+000 -6.1356e-001 -3.3323e+000 -6.3287e-001 +7.4628e-001 +5.0685e+000
179 +2.481901872e+001 +2.481901872e+001 -5.500098128e+001 -5.500098128e+001 +7.5898e+000 +5.1658e-001 +4.2921e+000 +5.9486e+000 +3.9739e-001 -1.1264e+000 -4.3452e+000 -1.9673e+000 -1.0848e+000 +2.5067e+000
210 +2.384620173e+001 +2.384620173e+001 -5.597379827e+001 -5.597379827e+001 +1.7162e+000 +3.3235e+000 +1.9771e+000 +6.5981e+000 +1.0270e+000 +1.5405e-001 +5.1585e-001 +1.6071e+000 -3.7190e+000 +2.0516e+000
869 +1.557632983e+001 +1.557632983e+001 -6.424367017e+001 -6.424367017e+001 +1.5128e+000 -1.9658e+000 +3.9490e+000 +4.2975e+000 -2.9287e+000 +1.4242e+000 -4.4613e+000 +2.7241e+000 +4.2862e-001 +2.8646e+000
3459 +1.235918662e+001 +1.235918662e+001 -6.746081338e+001 -6.746081338e+001 -3.9674e+000 +6.3742e-001 -1.5886e-001 -3.1112e+000 -1.5234e+000 +5.4184e-001 +5.7289e-001 -5.6151e+000 -3.0417e+000 +1.9549e+000
14605 +1.162667126e+001 +1.162667126e+001 -6.819332874e+001 -6.819332874e+001 -1.3918e+000 -1.6770e+000 -3.2057e+000 -9.0530e-001 -4.5687e-001 -1.9944e+000 -7.9967e-001 -2.7733e+000 -4.8642e+000 -2.1094e+000
16825 +1.134576035e+001 +1.134576035e+001 -6.847423965e+001 -6.847423965e+001 +5.7067e+000 +3.3811e+000 -6.4007e-001 +2.0802e+000 -3.2500e-001 +1.7567e+000 +3.7015e+000 +4.4187e+000 -4.8132e-001 +1.6342e+000
36598 +7.419725614e+000 +7.419725614e+000 -7.240027439e+001 -7.240027439e+001 +2.4302e+000 +3.1588e+000 +3.1987e+000 +1.1440e+000 +4.5402e-002 +1.3477e+000 -5.4459e-002 -2.0422e+000 -2.7762e+000 -2.5529e+000
146929 +6.690762769e+000 +6.690762769e+000 -7.312923723e+001 -7.312923723e+001 -2.0975e+000 +6.3282e-001 +1.9481e+000 +3.8483e+000 -1.6649e+000 +7.2730e-001 +1.3905e-001 -2.8053e+000 -3.4142e+000 +1.3438e+000
612567 +5.815636672e+000 +5.815636672e+000 -7.400436333e+001 -7.400436333e+001 +1.0250e+000 +1.2527e+000 +3.2254e-001 +1.8197e+000 -5.9887e+000 +1.6232e-001 -2.1838e+000 +1.8346e+000 +3.7156e+000 -4.1599e+000
840340 +5.659682658e+000 +5.659682658e+000 -7.416031734e+001 -7.416031734e+001 -1.3370e+000 +2.0193e-001 -2.5836e+000 -1.2061e+000 -2.5289e+000 -3.1665e+000 -3.4857e+000 +3.4938e+000 +1.8599e+000 -5.8952e-002
5843120 +4.733533932e+000 +4.733533932e+000 -7.508646607e+001 -7.508646607e+001 +3.3783e+000 -1.6535e+000 +1.2408e+000 +7.2232e-001 -4.3795e-001 +6.0716e-001 -9.4357e-001 +4.6421e+000 -2.4517e+000 -5.0895e-002
% function evaluation | noise-free fitness - Fopt (1.925800000000e+002) | best noise-free fitness - Fopt | measured fitness | best measured fitness | x1 | x2...
1 +8.323026827e+001 +8.323026827e+001 +2.758102683e+002 +2.758102683e+002 +1.6902e+000 +2.7611e+000 +9.1090e-001 +1.3789e+000 +5.1647e+000 -2.2401e-001 +3.0354e+000 +7.6555e-001 -2.4859e+000 +7.8463e+000
2 +1.947188830e+001 +1.947188830e+001 +2.120518883e+002 +2.120518883e+002 +4.3765e+000 +4.0127e+000 -9.2937e-001 +9.2706e-001 +3.8145e-001 -2.7043e+000 +1.9909e+000 -4.3759e+000 -1.9982e+000 +2.8996e+000
461 +1.638041133e+001 +1.638041133e+001 +2.089604113e+002 +2.089604113e+002 +4.2093e-001 +1.6705e+000 +2.7286e+000 -1.6640e-001 +2.9590e+000 -2.0529e-001 +2.7734e+000 -1.8750e+000 +2.4641e+000 -1.8061e+000
13774 +1.162270835e+001 +1.162270835e+001 +2.042027084e+002 +2.042027084e+002 +1.2480e+000 -4.7127e+000 +2.8017e+000 -3.7974e+000 +1.8954e+000 +5.3631e-001 -7.8511e-001 -2.3688e+000 -2.6217e+000 -4.0663e+000
29726 +5.647960370e+000 +5.647960370e+000 +1.982279604e+002 +1.982279604e+002 -3.2615e+000 +3.4730e+000 +1.8605e+000 +3.0434e+000 -3.9002e+000 -1.8725e+000 -5.6642e+000 +2.9061e-001 -6.5898e-002 -9.6865e-001
755979 +5.543493320e+000 +5.543493320e+000 +1.981234933e+002 +1.981234933e+002 +4.4824e-001 +4.6105e+000 +1.4798e+000 -5.2880e-001 -5.0545e-001 +1.1900e+000 -2.9113e+000 +6.8453e-001 -4.3029e+000 +4.5884e+000
3079566 +4.609840925e+000 +4.609840925e+000 +1.971898409e+002 +1.971898409e+002 +1.8266e+000 +1.2961e+000 -1.3361e+000 +3.2489e+000 +1.3627e+000 +3.2311e+000 -2.4170e+000 +3.1663e+000 +1.7238e+000 -2.5466e+000
% function evaluation | noise-free fitness - Fopt (-2.684800000000e+002) | best noise-free fitness - Fopt | measured fitness | best measured fitness | x1 | x2...
1 +1.317782758e+002 +1.317782758e+002 -1.367017242e+002 -1.367017242e+002 -4.4546e+000 -2.8678e+000 +3.2530e+000 -6.5155e-001 -1.7595e+000 -2.4648e+000 -1.8796e+000 -2.8933e+000 -2.6502e+000 +3.2040e+000
2 +7.558831819e+001 +7.558831819e+001 -1.928916818e+002 -1.928916818e+002 -1.1404e+000 +8.8867e-002 -1.1911e+000 -5.0473e-001 +2.0765e+000 +1.6309e-002 -1.6149e+000 +6.3097e+000 +2.1769e+000 +2.7299e+000
4 +7.001963370e+001 +7.001963370e+001 -1.984603663e+002 -1.984603663e+002 -1.2777e+000 +3.4657e-001 +2.3084e+000 +7.0872e-002 -4.3231e+000 -1.7919e+000 -1.4899e+000 -5.2867e+000 -1.9839e-001 +2.3948e+000
5 +4.076357450e+001 +4.076357450e+001 -2.277164255e+002 -2.277164255e+002 -9.7765e-002 -2.8542e+000 +2.7485e+000 +9.8969e-001 -5.6491e+000 +5.5369e-001 +6.5039e-002 -3.0335e+000 -1.1447e+000 +7.2934e+000
8 +3.539743777e+001 +3.539743777e+001 -2.330825622e+002 -2.330825622e+002 +2.1403e+000 +1.1594e-001 +3.6354e+000 -1.8635e+000 -4.2377e+000 +6.5676e-001 -6.5483e+000 -5.3658e+000 +1.1929e+000 +4.8865e-001
28 +3.383992296e+001 +3.383992296e+001 -2.346400770e+002 -2.346400770e+002 -5.9958e-001 -3.0209e+000 +6.1213e+000 -4.4480e+000 -7.0187e+000 -4.3436e+000 -2.2703e+000 -3.5178e+000 +2.2823e+000 +7.1351e-001
141 +3.128606952e+001 +3.128606952e+001 -2.371939305e+002 -2.371939305e+002 -6.9860e-001 +1.5835e+000 +2.2144e+000 -1.9337e+000 -3.4711e+000 -5.6404e+000 -1.0105e+000 -3.0420e+000 +4.9401e-001 +2.7324e+000
286 +2.530470961e+001 +2.530470961e+001 -2.431752904e+002 -2.431752904e+002 +1.2588e+000 -1.7461e+000 +2.0666e+000 +4.3890e-001 -3.3288e+000 -5.1400e+000 -3.6218e+000 -3.9965e+000 +1.0595e+000 +2.5956e+000
964 +2.446420396e+001 +2.446420396e+001 -2.440157960e+002 -2.440157960e+002 +9.9072e-001 +3.7114e+000 -5.3240e-001 +3.3729e+000 +1.1297e+000 -1.9773e+000 -2.2981e+000 -2.3700e+000 -3.2048e+000 -1.4082e+000
1729 +2.057775312e+001 +2.057775312e+001 -2.479022469e+002 -2.479022469e+002 +2.1452e+000 -2.6639e+000 +3.0250e+000 -2.3462e+000 -1.9217e+000 +4.2982e+000 -6.3303e+000 -1.9720e+000 -4.8868e-001 -3.8934e+000
3834 +1.482649435e+001 +1.482649435e+001 -2.536535057e+002 -2.536535057e+002 -2.0161e+000 +2.8921e-001 -8.7789e-001 +3.0355e-002 +3.3779e+000 +3.2405e+000 +1.1183e+000 +6.7780e-001 -2.9636e+000 -2.3806e+000
6282 +1.451740678e+001 +1.451740678e+001 -2.539625932e+002 -2.539625932e+002 -3.3241e+000 +2.4998e+000 +2.4050e+000 -4.9005e-001 +6.2551e-001 -2.4239e+000 +1.5001e-001 +1.0585e+000 -6.7938e+000 +5.9600e+000
8409 +1.263388564e+001 +1.263388564e+001 -2.558461144e+002 -2.558461144e+002 +4.2433e+000 +1.4517e+000 -1.6446e+000 -6.9891e-001 -7.4504e-001 -4.2809e+000 -3.4110e+000 +9.0387e-001 +2.4722e+000 -1.8549e+000
26380 +1.224555357e+001 +1.224555357e+001 -2.562344464e+002 -2.562344464e+002 +3.5841e+000 -3.2063e-001 +3.7408e+000 -2.1194e+000 -2.5640e+000 -1.3968e-001 -2.6754e-001 +1.7052e+000 +3.3323e+000 -1.1388e-001
77841 +1.024700230e+001 +1.024700230e+001 -2.582329977e+002 -2.582329977e+002 +2.0446e+000 +8.3317e-001 +6.1030e+000 +1.8903e+000 +9.1059e-002 +2.0429e+000 +1.3970e+000 +2.5838e+000 -3.9893e+000 -2.3363e+000
91423 +9.440380530e+000 +9.440380530e+000 -2.590396195e+002 -2.590396195e+002 +4.1322e+000 +2.2550e+000 -6.3522e+000 +3.9204e+000 -1.0980e+000 +1.1416e+000 +4.6041e-001 -2.1979e+000 +1.6547e+000 -6.2425e+000
185086 +8.684560425e+000 +8.684560425e+000 -2.597954396e+002 -2.597954396e+002 -2.1023e+000 +2.2821e+000 -3.2817e+000 -2.1712e+000 -5.2422e-001 +1.8372e+000 +1.6409e+000 -4.4807e-001 +3.7105e+000 -3.5289e+000
698974 +5.904529463e+000 +5.904529463e+000 -2.625754705e+002 -2.625754705e+002 -6.2067e-001 -1.3698e+000 +2.3973e+000 -4.1398e+000 -4.6694e+000 +1.6165e+000 +5.4608e-001 +3.0445e+000 -4.9203e-001 -2.9656e+000
921444 +4.903263778e+000 +4.903263778e+000 -2.635767362e+002 -2.635767362e+002 -3.1889e-001 -4.8019e-001 +6.0886e-001 -3.6302e+000 -2.6370e+000 +3.0953e+000 -2.4764e+000 +5.7654e-002 +1.8865e+000 -2.1659e+000
9101454 +4.679808552e+000 +4.679808552e+000 -2.638001914e+002 -2.638001914e+002 +3.6767e+000 +1.7702e+000 +5.4901e+000 +3.4695e+000 -4.1926e+000 +2.9939e+000 +9.0057e-001 +2.2995e+000 +9.4959e-001 -2.9256e+000
% function evaluation | noise-free fitness - Fopt (-1.000000000000e+003) | best noise-free fitness - Fopt | measured fitness | best measured fitness | x1 | x2...
1 +8.445172674e+001 +8.445172674e+001 -9.155482733e+002 -9.155482733e+002 -7.2508e+000 +7.5298e+000 -1.5104e+000 +4.8748e-002 -7.4323e+000 +7.9971e+000 -5.3282e+000 +2.3808e+000 -4.9445e+000 +6.6158e+000
6 +4.304513545e+001 +4.304513545e+001 -9.569548645e+002 -9.569548645e+002 -7.5500e+000 +1.1735e+000 -1.0985e-001 +2.3748e+000 -2.9922e+000 -2.2329e+000 -2.8555e+000 +4.9394e-001 -4.0475e+000 +3.6764e+000
64 +2.272162176e+001 +2.272162176e+001 -9.772783782e+002 -9.772783782e+002 -4.6356e+000 +3.0450e+000 -3.5714e+000 +3.8846e+000 -4.3901e+000 +5.4446e+000 -2.3639e+000 +3.8799e+000 -3.4265e+000 +3.8165e+000
102 +1.919366445e+001 +1.919366445e+001 -9.808063356e+002 -9.808063356e+002 -3.5477e+000 +2.4340e+000 -4.8502e+000 +7.6327e-001 -4.1105e+000 +1.8129e+000 -4.1900e+000 -7.5379e-001 -2.9170e+000 +3.2701e+000
1250 +1.839488889e+001 +1.839488889e+001 -9.816051111e+002 -9.816051111e+002 +2.2554e-001 +2.1976e+000 -1.2988e+000 -3.2229e+000 -1.6504e+000 -1.3454e+000 +4.6595e+000 +2.3074e+000 -3.8547e+000 +6.8043e-001
9594 +1.723411627e+001 +1.723411627e+001 -9.827658837e+002 -9.827658837e+002 -4.7490e+000 +5.1418e+000 +5.9574e+000 +6.9050e-001 -2.0200e+000 +6.2323e+000 -2.9886e+000 +1.1153e+000 +3.3978e+000 +2.0171e+000
19649 +1.370617841e+001 +1.370617841e+001 -9.862938216e+002 -9.862938216e+002 +5.4029e-001 -3.4698e+000 -6.0910e-002 +4.7071e-001 -9.8186e-001 -5.3332e-001 -1.3696e+000 +1.9038e+000 +4.0546e+000 +2.6442e+000
31711 +8.965323742e+000 +8.965323742e+000 -9.910346763e+002 -9.910346763e+002 +4.4720e+000 -2.0674e-001 +5.9462e+000 +1.4762e+000 +1.4662e+000 -9.3819e-002 -5.5089e+000 -4.9862e+000 +1.9801e+000 +8.0905e-001
60832 +7.819407847e+000 +7.819407847e+000 -9.921805922e+002 -9.921805922e+002 +1.9329e+000 +2.4930e+000 -1.1857e+000 -4.4057e+000 -5.0595e-001 -4.4946e+000 -6.9634e-002 +2.6373e+000 +1.4656e-001 +2.2517e-001
337212 +7.645349426e+000 +7.645349426e+000 -9.923546506e+002 -9.923546506e+002 +7.7183e-001 +7.2881e-001 +2.6142e+000 -7.8893e-001 -3.4453e+000 +7.0200e-001 -8.7440e-001 -6.3721e+000 +6.8446e-002 -5.7666e+000
1366359 +7.231365918e+000 +7.231365918e+000 -9.927686341e+002 -9.927686341e+002 +1.8361e+000 -4.6092e+000 -9.1477e-001 -2.1141e+000 -5.6519e-001 -2.1289e+000 +3.7019e+000 -3.0534e+000 -4.3250e+000 +4.8180e+000
1673904 +7.058405721e+000 +7.058405721e+000 -9.929415943e+002 -9.929415943e+002 -3.1201e+000 +5.3324e-003 -3.9914e+000 -2.2462e+000 +3.9259e+000 +1.6035e+000 +2.5651e+000 -1.6453e+000 +5.1353e+000 +1.9820e+000
3307568 +5.269120164e+000 +5.269120164e+000 -9.947308798e+002 -9.947308798e+002 -3.7247e+000 -4.3649e+000 +3.3048e+000 -2.0374e+000 +1.7338e+000 +1.4000e+000 -9.4017e-001 -4.4260e+000 +6.5682e-001 -2.5384e+000
% function evaluation | noise-free fitness - Fopt (-1.388000000000e+001) | best noise-free fitness - Fopt | measured fitness | best measured fitness | x1 | x2...
1 +7.314665735e+001 +7.314665735e+001 +5.926665735e+001 +5.926665735e+001 +3.6109e+000 +5.2357e-002 +4.9090e+000 +5.9844e+000 +4.2810e+000 +2.4734e+000 +3.2737e+000 +2.3721e-001 -2.6819e+000 -8.4214e-001
11 +5.319857095e+001 +5.319857095e+001 +3.931857095e+001 +3.931857095e+001 +1.8821e+000 -4.4320e+000 +1.5531e+000 +4.8623e+000 +2.9791e+000 +9.6079e-001 -8.2090e-001 +3.1841e-001 -4.6148e+000 -1.1650e+000
21 +4.958364986e+001 +4.958364986e+001 +3.570364986e+001 +3.570364986e+001 +4.9244e+000 -5.4524e+000 +1.4552e+000 +1.9495e+000 +2.6268e+000 +3.2943e+000 +3.3099e+000 -1.9193e+000 -5.2576e+000 +1.2150e+000
60 +4.418345738e+001 +4.418345738e+001 +3.030345738e+001 +3.030345738e+001 +3.5599e+000 -5.1523e+000 +1.0418e+000 +2.2183e+000 +3.0518e+000 -1.2038e+000 +8.5877e+000 -1.3846e+000 +4.6016e+000 -3.5185e+000
81 +3.856183341e+001 +3.856183341e+001 +2.468183341e+001 +2.468183341e+001 +2.1723e+000 -2.1276e+000 -1.7657e+000 +4.6609e+000 -2.0075e+000 +4.3856e+000 +2.0317e+000 -1.0259e+000 -2.5630e+000 -1.0749e+000
279 +3.304894405e+001 +3.304894405e+001 +1.916894405e+001 +1.916894405e+001 +1.6179e+000 +4.6882e-002 +1.5528e+000 +2.1427e+000 +3.5667e+000 -1.7201e+000 +4.3034e+000 -4.2750e+000 -3.5449e+000 -8.5942e-001
351 +1.805078493e+001 +1.805078493e+001 +4.170784930e+000 +4.170784930e+000 -4.9062e-001 -9.8932e-001 +3.1910e+000 +2.3248e+000 +5.3425e+000 +8.1021e-002 -1.3012e+000 -2.2157e+000 -2.7473e+000 -1.2536e+000
11007 +1.417480972e+001 +1.417480972e+001 +2.948097172e-001 +2.948097172e-001 -2.2942e+000 -5.0516e+000 -6.2597e+000 -3.2129e+000 -1.2834e+000 +3.0209e+000 +3.1411e+000 -4.6544e+000 -1.3798e+000 +1.1883e+000
45004 +1.114172737e+001 +1.114172737e+001 -2.738272626e+000 -2.738272626e+000 -1.2498e+000 +3.0926e+000 -3.1865e+000 -3.1218e+000 -9.7974e-001 +1.3270e+000 +5.2658e+000 +5.7395e+000 -3.9655e+000 +2.4436e+000
116286 +8.680002471e+000 +8.680002471e+000 -5.199997529e+000 -5.199997529e+000 -3.8333e+000 +3.6915e-001 +1.7994e+000 +1.4926e+000 -4.2691e+000 +6.7165e-001 +1.4669e+000 -8.7385e-001 +1.6202e+000 -2.0843e+000
136544 +7.442056535e+000 +7.442056535e+000 -6.437943465e+000 -6.437943465e+000 -4.0960e+000 -3.1553e+000 +3.9677e+000 +6.8079e-001 +3.4407e+000 -6.0682e-001 -1.7588e+000 -1.9042e+000 -1.0875e+000 -2.2864e+000
430292 +6.522344893e+000 +6.522344893e+000 -7.357655107e+000 -7.357655107e+000 -8.6328e-001 -1.4098e+000 -2.6794e+000 -1.0587e+000 -1.0202e+000 -2.7338e-001 +7.7630e-002 +1.5065e+000 +3.7711e+000 +1.2949e+000
1594080 +6.427657779e+000 +6.427657779e+000 -7.452342221e+000 -7.452342221e+000 -2.3187e+000 +4.2069e+000 -8.4248e-001 -3.4357e-001 -2.1269e+000 +3.4316e-001 +1.0286e+000 +1.1214e+000 +2.2947e+000 +2.5023e+000
2057752 +5.491410692e+000 +5.491410692e+000 -8.388589308e+000 -8.388589308e+000 +2.9554e+000 +5.3321e-001 -5.2183e+000 -1.3895e+000 -1.1303e+000 +4.3145e+000 -9.0340e-001 +1.4133e+000 +8.2189e-002 +6.1607e-001
4663053 +4.734226424e+000 +4.734226424e+000 -9.145773576e+000 -9.145773576e+000 -2.2705e+000 +3.7848e+000 -2.6079e+000 -3.0779e+000 +9.5521e-001 +3.0972e-002 -2.6338e+000 -8.6226e-001 +1.4028e-001 +2.7947e+000
% function evaluation | noise-free fitness - Fopt (-1.240400000000e+002) | best noise-free fitness - Fopt | measured fitness | best measured fitness | x1 | x2...
1 +1.287335865e+002 +1.287335865e+002 +4.693586497e+000 +4.693586497e+000 -1.0103e+000 +4.0526e+000 -1.0900e+000 -2.4089e-001 -2.1096e+000 +5.6056e+000 -1.1030e+000 +5.0355e+000 +1.1647e+001 -5.1947e+000
2 +4.703260337e+001 +4.703260337e+001 -7.700739663e+001 -7.700739663e+001 +4.2263e+000 +4.3001e+000 -3.0298e+000 +8.3829e-001 -4.6197e+000 -3.5748e+000 -2.2973e+000 +3.7472e+000 +3.8000e+000 -5.5134e+000
31 +3.335445801e+001 +3.335445801e+001 -9.068554199e+001 -9.068554199e+001 +5.6371e+000 +1.8808e-001 -4.0238e+000 -4.2067e-001 -6.4817e-003 -1.1642e+000 -8.3866e-001 +3.1477e+000 +5.4299e+000 -3.0867e+000
50 +2.646312511e+001 +2.646312511e+001 -9.757687489e+001 -9.757687489e+001 +5.8838e+000 +5.0017e+000 -6.7325e+000 -1.4189e-001 -2.3409e+000 -9.7343e-003 -1.8281e+000 +2.6325e+000 +5.7465e+000 -3.9356e+000
830 +2.569788344e+001 +2.569788344e+001 -9.834211656e+001 -9.834211656e+001 +3.1496e+000 -6.5289e+000 -7.6562e-001 -6.6332e+000 +3.3106e+000 -3.3577e+000 -1.7496e+000 -6.4720e+000 +7.9842e-001 -1.4214e+000
1090 +1.490326895e+001 +1.490326895e+001 -1.091367310e+002 -1.091367310e+002 -4.1714e+000 +2.7031e+000 +1.2024e+000 +8.7107e-001 -2.5416e+000 -3.7170e+000 +2.2718e+000 +5.4173e+000 +3.3608e+000 -2.9738e+000
4087 +1.272077264e+001 +1.272077264e+001 -1.113192274e+002 -1.113192274e+002 -2.6791e+000 +1.4161e+000 -2.0307e+000 -2.1534e+000 -1.5792e+000 -4.1804e+000 -1.9735e+000 +1.7084e+000 -9.4509e-001 -1.4182e+000
11948 +1.094248053e+001 +1.094248053e+001 -1.130975195e+002 -1.130975195e+002 +2.8575e+000 -2.8530e+000 -2.1774e+000 +1.8999e+000 +2.7909e+000 -4.2657e+000 +1.8928e+000 -5.4507e+000 +3.1482e+000 +2.6984e-001
83926 +8.148027768e+000 +8.148027768e+000 -1.158919722e+002 -1.158919722e+002 -3.6081e+000 +1.1731e+000 -3.2185e+000 +4.2069e+000 +3.9080e-001 +1.7630e+000 -2.9454e-002 +2.8256e+000 -6.4732e+000 +7.1905e-003
1322202 +5.973928546e+000 +5.973928546e+000 -1.180660715e+002 -1.180660715e+002 +2.0305e+000 -4.1695e+000 -2.9511e-001 -3.7927e+000 +1.6416e+000 -9.7276e-001 +1.9508e+000 -3.8293e+000 -1.7004e+000 -5.0254e-002
3449582 +5.444857377e+000 +5.444857377e+000 -1.185951426e+002 -1.185951426e+002 -1.8833e+000 +2.1464e+000 +2.0055e+000 +5.5036e+000 +9.4430e-001 -8.0061e-001 -2.0252e+000 +1.7626e+000 -1.6834e+000 +1.8214e+000
8197374 +4.406342295e+000 +4.406342295e+000 -1.196336577e+002 -1.196336577e+002 -2.9593e+000 -2.5957e+000 -2.2904e+000 +1.4206e+000 -4.6325e+000 -1.1552e+000 +6.7273e-001 -3.7032e-001 +5.2999e+000 -4.3895e-001
