% function evaluation | noise-free fitness - Fopt (7.135000000000e+001) | best noise-free fitness - Fopt | measured fitness | best measured fitness | x1 | x2...
1 +1.836721658e+002 +1.836721658e+002 +2.550221658e+002 +2.550221658e+002 +1.1077e+000 +2.9760e+000 +1.7425e+000 -4.3998e+000 +1.0359e+000
2 +6.239942417e+001 +6.239942417e+001 +1.337494242e+002 +1.337494242e+002 +2.5983e-001 +1.1425e+000 +7.4585e-001 -7.3455e+000 +7.0448e+000
10 +4.969481189e+001 +4.969481189e+001 +1.210448119e+002 +1.210448119e+002 +8.0592e-001 +3.3677e+000 +5.7004e+000 -3.4885e+000 +3.5315e+000
24 +4.805145847e+001 +4.805145847e+001 +1.194014585e+002 +1.194014585e+002 +5.5295e+000 +3.8507e+000 +1.0632e+000 -2.8705e+000 +1.6269e+000
28 +2.131415811e+001 +2.131415811e+001 +9.266415811e+001 +9.266415811e+001 +7.0638e-002 +4.1298e+000 +4.3180e+000 -3.6387e+000 +4.3297e+000
86 +1.481072412e+001 +1.481072412e+001 +8.616072412e+001 +8.616072412e+001 -9.1592e-001 +1.8041e+000 +4.9907e+000 -6.0548e+000 +1.1825e+000
187 +1.415463219e+001 +1.415463219e+001 +8.550463219e+001 +8.550463219e+001 +1.1914e+000 -2.9425e+000 -3.7034e+000 -4.9422e-001 +1.3116e+000
303 +2.594619424e+000 +2.594619424e+000 +7.394461942e+001 +7.394461942e+001 +7.4930e-002 +4.4180e+000 -1.6312e+000 -4.5336e-001 +4.9905e+000
95942 +2.407268321e+000 +2.407268321e+000 +7.375726832e+001 +7.375726832e+001 +3.1707e-001 -2.5507e-001 +1.0634e+000 -2.9582e-002 -5.6245e+000
176564 +1.392242520e+000 +1.392242520e+000 +7.274224252e+001 +7.274224252e+001 +2.8376e+000 -4.7539e+000 -5.5282e-001 -1.1416e+000 +4.3935e+000
182849 +1.352994648e+000 +1.352994648e+000 +7.270299465e+001 +7.270299465e+001 +1.8470e-001 -3.1220e-001 -1.3987e+000 -1.4102e+000 +5.4179e+000
198429 +1.279248386e+000 +1.279248386e+000 +7.262924839e+001 +7.262924839e+001 +5.0831e+000 -4.3818e+000 +1.4069e+000 +2.1670e+000 +1.0074e+000
198449 +1.059873702e+000 +1.059873702e+000 +7.240987370e+001 +7.240987370e+001 +5.0392e+000 -4.4558e+000 +1.7449e+000 +1.9403e+000 +1.0276e+000
198488 +7.825884216e-001 +7.825884216e-001 +7.213258842e+001 +7.213258842e+001 +5.1101e+000 -4.4140e+000 +1.5662e+000 +1.9427e+000 +8.4618e-001
198550 +7.028920923e-001 +7.028920923e-001 +7.205289209e+001 +7.205289209e+001 +5.0396e+000 -4.3155e+000 +1.4478e+000 +1.8838e+000 +9.9305e-001
198559 +2.812436861e-001 +2.812436861e-001 +7.163124369e+001 +7.163124369e+001 +5.0646e+000 -4.3935e+000 +1.4753e+000 +1.9847e+000 +9.4407e-001
198608 +2.562923408e-001 +2.562923408e-001 +7.160629234e+001 +7.160629234e+001 +5.1197e+000 -4.3781e+000 +1.3754e+000 +2.0404e+000 +9.0144e-001
198617 +2.177802537e-001 +2.177802537e-001 +7.156778025e+001 +7.156778025e+001 +5.0570e+000 -4.3605e+000 +1.3784e+000 +2.0252e+000 +8.9151e-001
198660 +1.110960106e-001 +1.110960106e-001 +7.146109601e+001 +7.146109601e+001 +5.0471e+000 -4.3685e+000 +1.4487e+000 +1.9405e+000 +9.1054e-001
198851 +8.885610568e-002 +8.885610568e-002 +7.143885611e+001 +7.143885611e+001 +5.0341e+000 -4.3685e+000 +1.3810e+000 +1.8686e+000 +1.0054e+000
198933 +6.277697777e-002 +6.277697777e-002 +7.141277698e+001 +7.141277698e+001 +5.0368e+000 -4.3770e+000 +1.4019e+000 +1.8650e+000 +1.0106e+000
199066 +5.173143756e-002 +5.173143756e-002 +7.140173144e+001 +7.140173144e+001 +5.0163e+000 -4.3642e+000 +1.4266e+000 +1.8350e+000 +1.0017e+000
199097 +3.543928240e-002 +3.543928240e-002 +7.138543928e+001 +7.138543928e+001 +5.0104e+000 -4.3621e+000 +1.4327e+000 +1.8390e+000 +1.0008e+000
199195 +2.822907504e-002 +2.822907504e-002 +7.137822908e+001 +7.137822908e+001 +4.9961e+000 -4.3611e+000 +1.4419e+000 +1.8279e+000 +1.0037e+000
199202 +2.021606098e-002 +2.021606098e-002 +7.137021606e+001 +7.137021606e+001 +5.0016e+000 -4.3671e+000 +1.4472e+000 +1.8338e+000 +1.0134e+000
199288 +1.885347441e-002 +1.885347441e-002 +7.136885347e+001 +7.136885347e+001 +5.0027e+000 -4.3696e+000 +1.4526e+000 +1.8256e+000 +1.0108e+000
199311 +1.523576459e-002 +1.523576459e-002 +7.136523576e+001 +7.136523576e+001 +5.0026e+000 -4.3689e+000 +1.4522e+000 +1.8281e+000 +1.0106e+000
199425 +1.401823146e-002 +1.401823146e-002 +7.136401823e+001 +7.136401823e+001 +5.0023e+000 -4.3667e+000 +1.4475e+000 +1.8279e+000 +1.0125e+000
199468 +1.314234224e-002 +1.314234224e-002 +7.136314234e+001 +7.136314234e+001 +5.0013e+000 -4.3674e+000 +1.4491e+000 +1.8322e+000 +1.0106e+000
199477 +1.047227750e-002 +1.047227750e-002 +7.136047228e+001 +7.136047228e+001 +5.0021e+000 -4.3681e+000 +1.4508e+000 +1.8300e+000 +1.0119e+000
199568 +9.066521783e-003 +9.066521783e-003 +7.135906652e+001 +7.135906652e+001 +5.0027e+000 -4.3687e+000 +1.4507e+000 +1.8321e+000 +1.0114e+000
199606 +8.775193523e-003 +8.775193523e-003 +7.135877519e+001 +7.135877519e+001 +5.0021e+000 -4.3682e+000 +1.4497e+000 +1.8322e+000 +1.0112e+000
199672 +8.376022996e-003 +8.376022996e-003 +7.135837602e+001 +7.135837602e+001 +5.0027e+000 -4.3687e+000 +1.4504e+000 +1.8317e+000 +1.0118e+000
199690 +7.513935305e-003 +7.513935305e-003 +7.135751394e+001 +7.135751394e+001 +5.0020e+000 -4.3685e+000 +1.4510e+000 +1.8322e+000 +1.0115e+000
199851 +7.308195118e-003 +7.308195118e-003 +7.135730820e+001 +7.135730820e+001 +5.0025e+000 -4.3687e+000 +1.4509e+000 +1.8333e+000 +1.0113e+000
199854 +6.764602360e-003 +6.764602360e-003 +7.135676460e+001 +7.135676460e+001 +5.0024e+000 -4.3688e+000 +1.4516e+000 +1.8330e+000 +1.0115e+000
199965 +6.640678358e-003 +6.640678358e-003 +7.135664068e+001 +7.135664068e+001 +5.0025e+000 -4.3686e+000 +1.4511e+000 +1.8330e+000 +1.0112e+000
199998 +6.446183607e-003 +6.446183607e-003 +7.135644618e+001 +7.135644618e+001 +5.0025e+000 -4.3686e+000 +1.4511e+000 +1.8330e+000 +1.0112e+000
200090 +6.267352123e-003 +6.267352123e-003 +7.135626735e+001 +7.135626735e+001 +5.0024e+000 -4.3686e+000 +1.4513e+000 +1.8329e+000 +1.0113e+000
200170 +6.143112658e-003 +6.143112658e-003 +7.135614311e+001 +7.135614311e+001 +5.0024e+000 -4.3687e+000 +1.4512e+000 +1.8331e+000 +1.0112e+000
200267 +5.993351556e-003 +5.993351556e-003 +7.135599335e+001 +7.135599335e+001 +5.0025e+000 -4.3687e+000 +1.4513e+000 +1.8331e+000 +1.0112e+000
200641 +5.886763865e-003 +5.886763865e-003 +7.135588676e+001 +7.135588676e+001 +5.0025e+000 -4.3687e+000 +1.4512e+000 +1.8331e+000 +1.0112e+000
% function evaluation | noise-free fitness - Fopt (-3.552200000000e+002) | best noise-free fitness - Fopt | measured fitness | best measured fitness | x1 | x2...
1 +1.034629072e+002 +1.034629072e+002 -2.517570928e+002 -2.517570928e+002 +1.6420e+000 +7.6654e+000 -4.8103e+000 +8.1045e+000 -2.6607e+000
5 +6.511295005e+001 +6.511295005e+001 -2.901070499e+002 -2.901070499e+002 +5.7645e+000 +6.7698e-001 -2.7646e+000 +4.0865e+000 -5.3491e-001
11 +3.086216796e+001 +3.086216796e+001 -3.243578320e+002 -3.243578320e+002 +1.3587e+000 -4.7177e-001 +3.5196e+000 +6.4413e+000 +3.4745e+000
28 +3.009375219e+001 +3.009375219e+001 -3.251262478e+002 -3.251262478e+002 +1.2817e+000 +3.1055e-001 -4.6943e+000 +3.8402e+000 -2.1802e-002
34 +2.918524570e+001 +2.918524570e+001 -3.260347543e+002 -3.260347543e+002 +1.5293e+000 +2.6205e+000 +3.8747e-001 +4.7214e+000 +2.7287e+000
56 +2.796115997e+001 +2.796115997e+001 -3.272588400e+002 -3.272588400e+002 +3.2856e+000 -2.8262e-001 -4.1431e+000 -7.8214e-001 -1.0533e+000
109 +2.637412165e+001 +2.637412165e+001 -3.288458784e+002 -3.288458784e+002 -2.0764e+000 -5.4468e-002 -2.2535e+000 -1.4205e+000 +1.0834e+000
114 +2.349682568e+001 +2.349682568e+001 -3.317231743e+002 -3.317231743e+002 +1.7415e+000 -2.4294e+000 -4.3217e+000 +3.8849e+000 +1.4101e+000
136 +2.343375995e+001 +2.343375995e+001 -3.317862400e+002 -3.317862400e+002 -5.4105e+000 +9.8268e-001 +2.2887e-001 +3.0224e+000 -1.4921e+000
169 +2.094621211e+001 +2.094621211e+001 -3.342737879e+002 -3.342737879e+002 -2.5026e+000 +2.6617e-002 +3.0500e+000 +1.9080e+000 -1.2834e+000
260 +1.655673035e+001 +1.655673035e+001 -3.386632697e+002 -3.386632697e+002 +5.6628e-001 -5.2138e+000 +1.2147e-001 +5.4932e+000 -6.0078e+000
379 +5.224910720e+000 +5.224910720e+000 -3.499950893e+002 -3.499950893e+002 -5.3259e-001 -5.9077e+000 +1.8120e+000 -3.8156e+000 +2.0920e+000
8595 +3.352025379e+000 +3.352025379e+000 -3.518679746e+002 -3.518679746e+002 -1.2411e+000 +4.2571e+000 +2.5472e+000 +1.9003e+000 +4.1234e+000
12843 +1.982083248e+000 +1.982083248e+000 -3.532379168e+002 -3.532379168e+002 -8.4380e-001 +4.7936e+000 -1.5325e+000 +3.0613e+000 +1.0467e+000
14888 +1.850214027e+000 +1.850214027e+000 -3.533697860e+002 -3.533697860e+002 -4.3118e+000 +1.7694e+000 +5.2634e-001 -1.1910e+000 +1.6848e+000
15116 +1.302311517e+000 +1.302311517e+000 -3.539176885e+002 -3.539176885e+002 -4.3150e+000 +1.7549e+000 +7.1263e-001 -1.7079e+000 +1.5369e+000
15188 +1.216548768e+000 +1.216548768e+000 -3.540034512e+002 -3.540034512e+002 -4.3168e+000 +1.7419e+000 +8.0787e-001 -1.6783e+000 +1.5556e+000
15272 +9.505655808e-001 +9.505655808e-001 -3.542694344e+002 -3.542694344e+002 -4.3064e+000 +1.7449e+000 +7.6223e-001 -1.7181e+000 +1.5445e+000
15327 +8.753858212e-001 +8.753858212e-001 -3.543446142e+002 -3.543446142e+002 -4.3591e+000 +1.7788e+000 +8.5411e-001 -1.6961e+000 +1.5628e+000
15341 +8.514578299e-001 +8.514578299e-001 -3.543685422e+002 -3.543685422e+002 -4.3001e+000 +1.7071e+000 +8.2078e-001 -1.6950e+000 +1.5609e+000
15349 +5.401983433e-001 +5.401983433e-001 -3.546798017e+002 -3.546798017e+002 -4.2967e+000 +1.6850e+000 +8.2372e-001 -1.6840e+000 +1.5777e+000
15488 +4.309104439e-001 +4.309104439e-001 -3.547890896e+002 -3.547890896e+002 -4.3065e+000 +1.7093e+000 +8.4451e-001 -1.7108e+000 +1.5966e+000
15817 +4.247602285e-001 +4.247602285e-001 -3.547952398e+002 -3.547952398e+002 -4.3059e+000 +1.7029e+000 +8.3579e-001 -1.7008e+000 +1.5934e+000
15943 +4.095149309e-001 +4.095149309e-001 -3.548104851e+002 -3.548104851e+002 -4.2949e+000 +1.6933e+000 +8.3978e-001 -1.6952e+000 +1.5974e+000
15965 +3.236838207e-001 +3.236838207e-001 -3.548963162e+002 -3.548963162e+002 -4.2991e+000 +1.6970e+000 +8.4716e-001 -1.6944e+000 +1.5906e+000
16185 +3.108490489e-001 +3.108490489e-001 -3.549091510e+002 -3.549091510e+002 -4.2841e+000 +1.6841e+000 +8.3549e-001 -1.7083e+000 +1.5986e+000
16196 +2.926416132e-001 +2.926416132e-001 -3.549273584e+002 -3.549273584e+002 -4.2802e+000 +1.6739e+000 +8.3000e-001 -1.7134e+000 +1.6025e+000
16258 +2.762739913e-001 +2.762739913e-001 -3.549437260e+002 -3.549437260e+002 -4.2764e+000 +1.6736e+000 +8.3470e-001 -1.7240e+000 +1.6068e+000
16399 +2.538570582e-001 +2.538570582e-001 -3.549661429e+002 -3.549661429e+002 -4.2798e+000 +1.6703e+000 +8.3005e-001 -1.7067e+000 +1.5990e+000
16431 +2.505530658e-001 +2.505530658e-001 -3.549694469e+002 -3.549694469e+002 -4.2799e+000 +1.6704e+000 +8.3000e-001 -1.7064e+000 +1.5986e+000
16492 +2.396498806e-001 +2.396498806e-001 -3.549803501e+002 -3.549803501e+002 -4.2793e+000 +1.6699e+000 +8.3038e-001 -1.7076e+000 +1.5994e+000
16570 +2.333376551e-001 +2.333376551e-001 -3.549866623e+002 -3.549866623e+002 -4.2798e+000 +1.6693e+000 +8.2968e-001 -1.7065e+000 +1.5975e+000
16581 +2.276049616e-001 +2.276049616e-001 -3.549923950e+002 -3.549923950e+002 -4.2798e+000 +1.6695e+000 +8.3008e-001 -1.7062e+000 +1.5979e+000
16657 +2.235059752e-001 +2.235059752e-001 -3.549964940e+002 -3.549964940e+002 -4.2799e+000 +1.6695e+000 +8.3022e-001 -1.7060e+000 +1.5978e+000
16671 +2.128501744e-001 +2.128501744e-001 -3.550071498e+002 -3.550071498e+002 -4.2799e+000 +1.6694e+000 +8.2988e-001 -1.7057e+000 +1.5977e+000
16959 +2.084360408e-001 +2.084360408e-001 -3.550115640e+002 -3.550115640e+002 -4.2799e+000 +1.6694e+000 +8.2996e-001 -1.7055e+000 +1.5977e+000
% function evaluation | noise-free fitness - Fopt (9.917000000000e+001) | best noise-free fitness - Fopt | measured fitness | best measured fitness | x1 | x2...
1 +2.255924878e+002 +2.255924878e+002 +3.247624878e+002 +3.247624878e+002 -6.8296e+000 +6.6557e+000 +5.5837e+000 -4.3423e-001 +1.2005e+001
2 +2.378554459e+001 +2.378554459e+001 +1.229555446e+002 +1.229555446e+002 -3.5558e+000 +5.1253e+000 +3.7424e+000 +9.3373e-001 +3.7583e+000
27 +1.954477952e+001 +1.954477952e+001 +1.187147795e+002 +1.187147795e+002 -3.6843e+000 +4.8153e+000 +2.9696e+000 +1.8265e+000 +4.9102e+000
50 +1.835281203e+001 +1.835281203e+001 +1.175228120e+002 +1.175228120e+002 -4.4475e+000 +2.9869e+000 +5.9755e+000 +4.7362e-001 +4.2936e+000
683 +1.003116110e+001 +1.003116110e+001 +1.092011611e+002 +1.092011611e+002 +7.9431e-001 -3.3234e+000 -2.0907e+000 +4.9403e+000 -4.3582e+000
3261 +6.625662595e+000 +6.625662595e+000 +1.057956626e+002 +1.057956626e+002 -2.0425e+000 +1.3392e+000 +3.2761e-001 +4.7375e+000 +3.3531e+000
6987 +4.670021489e+000 +4.670021489e+000 +1.038400215e+002 +1.038400215e+002 -2.4430e+000 -2.4130e+000 -1.1551e+000 -4.1710e+000 +2.0001e+000
13388 +4.023537199e+000 +4.023537199e+000 +1.031935372e+002 +1.031935372e+002 +3.5186e+000 +4.7671e+000 +3.7585e+000 +9.1756e-001 +2.3692e+000
13658 +3.855501190e+000 +3.855501190e+000 +1.030255012e+002 +1.030255012e+002 -9.6653e-001 +3.5135e+000 -1.2394e+000 -2.3364e+000 +1.9635e+000
29512 +3.140739104e+000 +3.140739104e+000 +1.023107391e+002 +1.023107391e+002 +3.2874e+000 -5.6829e+000 -7.4976e-001 -2.9697e+000 +1.5026e-001
59253 +2.340455171e+000 +2.340455171e+000 +1.015104552e+002 +1.015104552e+002 -7.3939e-001 -3.5648e+000 +8.2728e-001 +3.2995e+000 -8.8331e-001
175842 +1.745328561e+000 +1.745328561e+000 +1.009153286e+002 +1.009153286e+002 +4.8134e-002 +3.1976e+000 -4.0928e-001 +1.6942e+000 +5.5275e+000
284366 +1.151569431e+000 +1.151569431e+000 +1.003215694e+002 +1.003215694e+002 +5.1139e+000 -1.4827e+000 +7.7076e-001 +1.3080e+000 +1.8788e+000
284432 +1.136307896e+000 +1.136307896e+000 +1.003063079e+002 +1.003063079e+002 +5.0820e+000 -1.4873e+000 +7.7926e-001 +1.2820e+000 +1.8949e+000
284437 +1.060520352e+000 +1.060520352e+000 +1.002305204e+002 +1.002305204e+002 +5.0921e+000 -1.4856e+000 +8.0155e-001 +1.3182e+000 +1.8860e+000
284480 +7.716495907e-001 +7.716495907e-001 +9.994164959e+001 +9.994164959e+001 +5.0721e+000 -1.4788e+000 +8.0347e-001 +1.2571e+000 +1.8866e+000
284551 +7.406861619e-001 +7.406861619e-001 +9.991068616e+001 +9.991068616e+001 +5.0817e+000 -1.4625e+000 +7.7288e-001 +1.2932e+000 +1.9024e+000
284559 +6.294159813e-001 +6.294159813e-001 +9.979941598e+001 +9.979941598e+001 +5.0831e+000 -1.4709e+000 +7.8662e-001 +1.2801e+000 +1.8846e+000
284585 +5.181739794e-001 +5.181739794e-001 +9.968817398e+001 +9.968817398e+001 +5.0795e+000 -1.4797e+000 +8.0900e-001 +1.2724e+000 +1.8855e+000
284713 +5.090771069e-001 +5.090771069e-001 +9.967907711e+001 +9.967907711e+001 +5.0740e+000 -1.4723e+000 +7.9710e-001 +1.2778e+000 +1.8901e+000
284744 +4.721568323e-001 +4.721568323e-001 +9.964215683e+001 +9.964215683e+001 +5.0761e+000 -1.4775e+000 +8.1219e-001 +1.2728e+000 +1.8864e+000
284827 +4.404383626e-001 +4.404383626e-001 +9.961043836e+001 +9.961043836e+001 +5.0742e+000 -1.4763e+000 +8.1103e-001 +1.2798e+000 +1.8895e+000
285059 +4.162461976e-001 +4.162461976e-001 +9.958624620e+001 +9.958624620e+001 +5.0771e+000 -1.4818e+000 +8.1682e-001 +1.2737e+000 +1.8828e+000
285204 +3.844286691e-001 +3.844286691e-001 +9.955442867e+001 +9.955442867e+001 +5.0757e+000 -1.4785e+000 +8.1319e-001 +1.2748e+000 +1.8848e+000
285371 +3.616461934e-001 +3.616461934e-001 +9.953164619e+001 +9.953164619e+001 +5.0775e+000 -1.4791e+000 +8.1213e-001 +1.2767e+000 +1.8850e+000
285558 +3.532896439e-001 +3.532896439e-001 +9.952328964e+001 +9.952328964e+001 +5.0795e+000 -1.4796e+000 +8.1171e-001 +1.2785e+000 +1.8850e+000
285633 +3.372037024e-001 +3.372037024e-001 +9.950720370e+001 +9.950720370e+001 +5.0798e+000 -1.4790e+000 +8.1021e-001 +1.2792e+000 +1.8851e+000
285727 +3.310590280e-001 +3.310590280e-001 +9.950105903e+001 +9.950105903e+001 +5.0793e+000 -1.4793e+000 +8.1012e-001 +1.2789e+000 +1.8855e+000
285774 +3.152216631e-001 +3.152216631e-001 +9.948522166e+001 +9.948522166e+001 +5.0795e+000 -1.4792e+000 +8.0969e-001 +1.2789e+000 +1.8855e+000
286208 +3.048405320e-001 +3.048405320e-001 +9.947484053e+001 +9.947484053e+001 +5.0795e+000 -1.4789e+000 +8.0900e-001 +1.2790e+000 +1.8857e+000
% function evaluation | noise-free fitness - Fopt (-5.179100000000e+002) | best noise-free fitness - Fopt | measured fitness | best measured fitness | x1 | x2...
1 +2.335712204e+002 +2.335712204e+002 -2.843387796e+002 -2.843387796e+002 +7.2975e+000 +5.4308e+000 +1.9700e+000 -1.1564e+000 -6.1259e-001
2 +1.150755906e+002 +1.150755906e+002 -4.028344094e+002 -4.028344094e+002 +3.0860e-001 +4.3838e+000 +7.7891e-001 -1.5780e+000 -2.8029e+000
3 +1.146137692e+002 +1.146137692e+002 -4.032962308e+002 -4.032962308e+002 +4.9620e+000 +7.0722e+000 +4.7463e+000 -2.1164e+000 -5.5822e+000
4 +3.013251940e+001 +3.013251940e+001 -4.877774806e+002 -4.877774806e+002 +3.2073e+000 +4.8847e+000 +2.0929e+000 -1.6776e+000 -3.0060e-001
16 +2.861091022e+001 +2.861091022e+001 -4.892990898e+002 -4.892990898e+002 +3.5724e+000 +2.2494e+000 +2.9354e+000 -7.1977e+000 +6.0324e-001
22 +2.737547247e+001 +2.737547247e+001 -4.905345275e+002 -4.905345275e+002 +3.4720e+000 +2.9598e+000 +1.6553e+000 +6.4137e+000 -3.9845e-001
24 +1.741247406e+001 +1.741247406e+001 -5.004975259e+002 -5.004975259e+002 +3.3648e+000 +4.6918e+000 +3.7263e+000 -3.1690e+000 +1.2273e+000
219 +9.641172395e+000 +9.641172395e+000 -5.082688276e+002 -5.082688276e+002 +3.7645e+000 +1.1359e+000 +2.8279e+000 -2.9767e+000 -5.7961e+000
2473 +7.958903003e+000 +7.958903003e+000 -5.099510970e+002 -5.099510970e+002 -1.3214e-001 +6.3223e-001 -2.8632e+000 -1.5228e+000 -2.4318e+000
2499 +6.906858002e+000 +6.906858002e+000 -5.110031420e+002 -5.110031420e+002 +1.9067e+000 -1.6711e+000 +5.0230e+000 -1.8199e+000 +5.2087e+000
4842 +3.174439686e+000 +3.174439686e+000 -5.147355603e+002 -5.147355603e+002 +2.9676e+000 -2.0133e-002 +1.5646e-001 +2.3998e-001 +3.8718e+000
31618 +1.258404039e+000 +1.258404039e+000 -5.166515960e+002 -5.166515960e+002 -1.3056e+000 +3.2365e+000 -5.1019e+000 +1.9281e+000 -3.8955e-001
118650 +1.062277179e+000 +1.062277179e+000 -5.168477228e+002 -5.168477228e+002 +1.2936e+000 +3.8030e+000 -2.1093e+000 -2.4466e+000 -1.8496e+000
384138 +9.745905682e-001 +9.745905682e-001 -5.169354094e+002 -5.169354094e+002 -1.1884e+000 -2.3461e+000 -3.9478e+000 -2.7061e+000 -1.2787e+000
384170 +9.156617211e-001 +9.156617211e-001 -5.169943383e+002 -5.169943383e+002 -1.1855e+000 -2.3401e+000 -3.9325e+000 -2.7212e+000 -1.2771e+000
384359 +8.915562091e-001 +8.915562091e-001 -5.170184438e+002 -5.170184438e+002 -1.1842e+000 -2.3409e+000 -3.9301e+000 -2.7170e+000 -1.2841e+000
384408 +7.751802688e-001 +7.751802688e-001 -5.171348197e+002 -5.171348197e+002 -1.1893e+000 -2.3429e+000 -3.9283e+000 -2.7213e+000 -1.2851e+000
384516 +7.134494947e-001 +7.134494947e-001 -5.171965505e+002 -5.171965505e+002 -1.1854e+000 -2.3403e+000 -3.9354e+000 -2.7157e+000 -1.2828e+000
384752 +6.940014749e-001 +6.940014749e-001 -5.172159985e+002 -5.172159985e+002 -1.1873e+000 -2.3426e+000 -3.9339e+000 -2.7177e+000 -1.2827e+000
384783 +6.792642473e-001 +6.792642473e-001 -5.172307358e+002 -5.172307358e+002 -1.1875e+000 -2.3427e+000 -3.9337e+000 -2.7169e+000 -1.2825e+000
384865 +6.638461247e-001 +6.638461247e-001 -5.172461539e+002 -5.172461539e+002 -1.1874e+000 -2.3434e+000 -3.9332e+000 -2.7169e+000 -1.2825e+000
384912 +6.552513760e-001 +6.552513760e-001 -5.172547486e+002 -5.172547486e+002 -1.1873e+000 -2.3435e+000 -3.9332e+000 -2.7168e+000 -1.2826e+000
384960 +6.410470759e-001 +6.410470759e-001 -5.172689529e+002 -5.172689529e+002 -1.1873e+000 -2.3438e+000 -3.9336e+000 -2.7163e+000 -1.2816e+000
385055 +6.218478236e-001 +6.218478236e-001 -5.172881522e+002 -5.172881522e+002 -1.1873e+000 -2.3433e+000 -3.9336e+000 -2.7163e+000 -1.2825e+000
385220 +6.125375959e-001 +6.125375959e-001 -5.172974624e+002 -5.172974624e+002 -1.1873e+000 -2.3433e+000 -3.9336e+000 -2.7162e+000 -1.2824e+000
% function evaluation | noise-free fitness - Fopt (-5.721000000000e+001) | best noise-free fitness - Fopt | measured fitness | best measured fitness | x1 | x2...
1 +7.237611726e+001 +7.237611726e+001 +1.516611726e+001 +1.516611726e+001 -3.3368e+000 +3.2144e-001 -3.8312e+000 -2.8339e+000 +6.7257e-001
5 +6.129156243e+001 +6.129156243e+001 +4.081562428e+000 +4.081562428e+000 +4.8447e-001 -3.6478e+000 -3.5258e+000 -4.9581e+000 +5.5216e-001
6 +3.568580260e+001 +3.568580260e+001 -2.152419740e+001 -2.152419740e+001 -5.3970e+000 -3.3797e+000 -3.2503e+000 -6.1142e-001 -4.8772e+000
13 +3.511178776e+001 +3.511178776e+001 -2.209821224e+001 -2.209821224e+001 -2.0976e+000 -1.5979e+000 -2.9680e+000 -6.9370e-002 -1.4004e+000
64 +3.200671864e+001 +3.200671864e+001 -2.520328136e+001 -2.520328136e+001 -1.3615e-001 -2.1484e+000 -4.0681e+000 +2.4381e+000 +3.1093e-001
73 +1.846721918e+001 +1.846721918e+001 -3.874278082e+001 -3.874278082e+001 +5.1533e-001 -2.4333e+000 -6.9002e+000 +2.7878e+000 -2.0463e+000
129 +1.080568458e+001 +1.080568458e+001 -4.640431542e+001 -4.640431542e+001 +2.7187e-001 -4.6561e+000 -5.2808e-001 +4.3958e+000 -1.5553e+000
1010 +7.514000942e+000 +7.514000942e+000 -4.969599906e+001 -4.969599906e+001 -1.0123e+000 +4.8571e-001 -6.1893e-001 -3.0482e-001 +3.2266e+000
5556 +5.543494379e+000 +5.543494379e+000 -5.166650562e+001 -5.166650562e+001 +4.0060e+000 -8.2365e-001 +1.2006e+000 +2.1626e+000 +3.5109e+000
6048 +3.237834863e+000 +3.237834863e+000 -5.397216514e+001 -5.397216514e+001 +8.5942e-001 +4.4756e+000 -2.0030e+000 +4.4460e+000 -3.7055e+000
8288 +3.066220344e+000 +3.066220344e+000 -5.414377966e+001 -5.414377966e+001 -2.5564e-001 +1.0284e+000 +2.0706e+000 -4.2840e+000 -2.4291e+000
26206 +2.801501858e+000 +2.801501858e+000 -5.440849814e+001 -5.440849814e+001 -1.2751e+000 +1.3367e+000 -4.9276e-001 +3.6400e+000 +2.0323e-001
36094 +2.378746656e+000 +2.378746656e+000 -5.483125334e+001 -5.483125334e+001 -1.7486e+000 +3.3845e+000 +6.7770e-002 +3.2926e-001 +6.6110e-001
60525 +1.952925594e+000 +1.952925594e+000 -5.525707441e+001 -5.525707441e+001 -1.1835e+000 +3.4546e+000 -3.4584e+000 +5.8486e-001 +3.3274e+000
112939 +1.886717915e+000 +1.886717915e+000 -5.532328209e+001 -5.532328209e+001 -1.1146e+000 +9.7806e-001 +1.7897e+000 +4.1675e+000 -3.2829e+000
204917 +1.572094316e+000 +1.572094316e+000 -5.563790568e+001 -5.563790568e+001 +2.8018e+000 +2.3298e+000 +1.6145e+000 +1.5302e+000 -2.2893e+000
205001 +1.422291680e+000 +1.422291680e+000 -5.578770832e+001 -5.578770832e+001 +2.7815e+000 +2.3326e+000 +1.6291e+000 +1.5339e+000 -2.3147e+000
205021 +1.240355687e+000 +1.240355687e+000 -5.596964431e+001 -5.596964431e+001 +2.7881e+000 +2.3338e+000 +1.6295e+000 +1.5342e+000 -2.3152e+000
205037 +1.156981368e+000 +1.156981368e+000 -5.605301863e+001 -5.605301863e+001 +2.7744e+000 +2.3390e+000 +1.6217e+000 +1.5324e+000 -2.3277e+000
205253 +1.068509872e+000 +1.068509872e+000 -5.614149013e+001 -5.614149013e+001 +2.7975e+000 +2.3252e+000 +1.5880e+000 +1.5351e+000 -2.3153e+000
205376 +1.044515686e+000 +1.044515686e+000 -5.616548431e+001 -5.616548431e+001 +2.7967e+000 +2.3269e+000 +1.6046e+000 +1.5185e+000 -2.3174e+000
205515 +9.933158267e-001 +9.933158267e-001 -5.621668417e+001 -5.621668417e+001 +2.7917e+000 +2.3256e+000 +1.5803e+000 +1.5351e+000 -2.3180e+000
205615 +9.396661583e-001 +9.396661583e-001 -5.627033384e+001 -5.627033384e+001 +2.7950e+000 +2.3250e+000 +1.5860e+000 +1.5218e+000 -2.3197e+000
205726 +9.331318940e-001 +9.331318940e-001 -5.627686811e+001 -5.627686811e+001 +2.7951e+000 +2.3249e+000 +1.5871e+000 +1.5270e+000 -2.3194e+000
205748 +8.996445692e-001 +8.996445692e-001 -5.631035543e+001 -5.631035543e+001 +2.7924e+000 +2.3254e+000 +1.5857e+000 +1.5243e+000 -2.3199e+000
205887 +8.797088718e-001 +8.797088718e-001 -5.633029113e+001 -5.633029113e+001 +2.7952e+000 +2.3243e+000 +1.5863e+000 +1.5227e+000 -2.3192e+000
205906 +8.402881685e-001 +8.402881685e-001 -5.636971183e+001 -5.636971183e+001 +2.7947e+000 +2.3244e+000 +1.5862e+000 +1.5211e+000 -2.3197e+000
206402 +8.316021047e-001 +8.316021047e-001 -5.637839790e+001 -5.637839790e+001 +2.7945e+000 +2.3244e+000 +1.5859e+000 +1.5216e+000 -2.3202e+000
206810 +8.120529333e-001 +8.120529333e-001 -5.639794707e+001 -5.639794707e+001 +2.7945e+000 +2.3244e+000 +1.5859e+000 +1.5210e+000 -2.3201e+000
% function evaluation | noise-free fitness - Fopt (-1.000000000000e+003) | best noise-free fitness - Fopt | measured fitness | best measured fitness | x1 | x2...
1 +1.650609011e+002 +1.650609011e+002 -8.349390989e+002 -8.349390989e+002 +5.4895e+000 -2.2203e-001 -7.9849e+000 +3.4021e+000 +7.2533e+000
2 +1.115884737e+002 +1.115884737e+002 -8.884115263e+002 -8.884115263e+002 +1.5463e+000 +1.5622e-001 +1.8092e+000 -3.4853e+000 +1.3312e+000
3 +7.887520430e+001 +7.887520430e+001 -9.211247957e+002 -9.211247957e+002 +6.2813e+000 +1.3200e-001 -3.0540e+000 +1.3014e+000 +8.8862e+000
11 +6.776345678e+001 +6.776345678e+001 -9.322365432e+002 -9.322365432e+002 +3.9759e+000 +1.0965e+000 -3.0182e+000 +3.7954e+000 +7.7430e+000
12 +2.530670351e+001 +2.530670351e+001 -9.746932965e+002 -9.746932965e+002 +2.1838e+000 -3.8415e+000 -3.3564e+000 +6.2994e-001 +4.0173e+000
13 +1.843228308e+001 +1.843228308e+001 -9.815677169e+002 -9.815677169e+002 +3.5842e+000 -2.1347e+000 -7.0435e-001 +3.5826e+000 +3.8291e+000
195 +1.663277701e+001 +1.663277701e+001 -9.833672230e+002 -9.833672230e+002 +3.0304e+000 +2.2014e-001 -2.5702e+000 -2.7228e+000 +2.2301e+000
296 +1.532501313e+001 +1.532501313e+001 -9.846749869e+002 -9.846749869e+002 +3.5830e+000 -2.0367e-001 -9.3754e-001 -3.5805e+000 +6.1955e+000
630 +1.426020572e+001 +1.426020572e+001 -9.857397943e+002 -9.857397943e+002 +3.3587e+000 +6.4626e+000 +8.5297e-001 -3.2552e+000 +4.0503e+000
648 +7.955066125e+000 +7.955066125e+000 -9.920449339e+002 -9.920449339e+002 +5.5135e+000 +1.7898e+000 -7.7685e-001 +1.4641e+000 -3.7567e-001
1167 +3.798990062e+000 +3.798990062e+000 -9.962010099e+002 -9.962010099e+002 -4.1155e+000 +9.3409e-001 +3.7300e+000 +3.3787e+000 -2.2080e+000
16629 +2.927049275e+000 +2.927049275e+000 -9.970729507e+002 -9.970729507e+002 +2.4221e+000 -5.5195e-001 +2.9307e+000 +7.8924e-001 +5.9633e-002
36870 +1.948209772e+000 +1.948209772e+000 -9.980517902e+002 -9.980517902e+002 -5.3357e+000 -2.7913e-001 -7.5953e-001 +3.9352e+000 -1.6849e+000
85194 +1.135396521e+000 +1.135396521e+000 -9.988646035e+002 -9.988646035e+002 -4.8415e+000 +2.5510e+000 +1.7939e+000 +1.1266e+000 -1.6994e+000
85413 +7.819508548e-001 +7.819508548e-001 -9.992180491e+002 -9.992180491e+002 -5.0705e+000 +2.5769e+000 +1.8902e+000 +1.2775e+000 -1.7978e+000
85511 +6.416728960e-001 +6.416728960e-001 -9.993583271e+002 -9.993583271e+002 -5.1252e+000 +2.6213e+000 +1.8434e+000 +1.4169e+000 -1.8592e+000
85512 +3.846474262e-001 +3.846474262e-001 -9.996153526e+002 -9.996153526e+002 -5.1269e+000 +2.6376e+000 +1.9245e+000 +1.1313e+000 -1.9415e+000
85627 +3.683036855e-001 +3.683036855e-001 -9.996316963e+002 -9.996316963e+002 -5.1584e+000 +2.6295e+000 +1.9468e+000 +1.1509e+000 -1.9327e+000
85665 +2.695902018e-001 +2.695902018e-001 -9.997304098e+002 -9.997304098e+002 -5.1865e+000 +2.6193e+000 +1.9886e+000 +1.3203e+000 -1.7285e+000
85821 +2.349341512e-001 +2.349341512e-001 -9.997650658e+002 -9.997650658e+002 -5.1874e+000 +2.6281e+000 +1.9350e+000 +1.3640e+000 -1.8334e+000
85873 +2.314002874e-001 +2.314002874e-001 -9.997685997e+002 -9.997685997e+002 -5.1931e+000 +2.6157e+000 +1.9595e+000 +1.3524e+000 -1.7939e+000
85912 +2.290130914e-001 +2.290130914e-001 -9.997709869e+002 -9.997709869e+002 -5.1910e+000 +2.6256e+000 +1.9756e+000 +1.2847e+000 -1.8026e+000
85938 +1.633465744e-001 +1.633465744e-001 -9.998366534e+002 -9.998366534e+002 -5.1649e+000 +2.6205e+000 +1.9671e+000 +1.3013e+000 -1.7674e+000
85987 +1.399541984e-001 +1.399541984e-001 -9.998600458e+002 -9.998600458e+002 -5.1564e+000 +2.6194e+000 +1.9595e+000 +1.3062e+000 -1.7560e+000
86104 +1.323606740e-001 +1.323606740e-001 -9.998676393e+002 -9.998676393e+002 -5.1577e+000 +2.6068e+000 +1.9567e+000 +1.3183e+000 -1.7314e+000
86182 +1.233026474e-001 +1.233026474e-001 -9.998766974e+002 -9.998766974e+002 -5.1526e+000 +2.6109e+000 +1.9571e+000 +1.3055e+000 -1.7399e+000
86215 +1.076028834e-001 +1.076028834e-001 -9.998923971e+002 -9.998923971e+002 -5.1508e+000 +2.6131e+000 +1.9608e+000 +1.2963e+000 -1.7435e+000
86277 +1.004283308e-001 +1.004283308e-001 -9.998995717e+002 -9.998995717e+002 -5.1534e+000 +2.6087e+000 +1.9624e+000 +1.3103e+000 -1.7316e+000
86368 +9.757729187e-002 +9.757729187e-002 -9.999024227e+002 -9.999024227e+002 -5.1538e+000 +2.6023e+000 +1.9731e+000 +1.3093e+000 -1.7324e+000
86417 +8.909837376e-002 +8.909837376e-002 -9.999109016e+002 -9.999109016e+002 -5.1521e+000 +2.6030e+000 +1.9756e+000 +1.3188e+000 -1.7288e+000
86455 +8.534860077e-002 +8.534860077e-002 -9.999146514e+002 -9.999146514e+002 -5.1547e+000 +2.6029e+000 +1.9749e+000 +1.3074e+000 -1.7302e+000
86483 +8.100024535e-002 +8.100024535e-002 -9.999189998e+002 -9.999189998e+002 -5.1551e+000 +2.6039e+000 +1.9807e+000 +1.3117e+000 -1.7280e+000
86512 +7.856688863e-002 +7.856688863e-002 -9.999214331e+002 -9.999214331e+002 -5.1545e+000 +2.6038e+000 +1.9812e+000 +1.3087e+000 -1.7281e+000
86527 +7.739665330e-002 +7.739665330e-002 -9.999226033e+002 -9.999226033e+002 -5.1564e+000 +2.6019e+000 +1.9797e+000 +1.3101e+000 -1.7302e+000
86575 +7.569870658e-002 +7.569870658e-002 -9.999243013e+002 -9.999243013e+002 -5.1573e+000 +2.6028e+000 +1.9803e+000 +1.3090e+000 -1.7296e+000
86650 +7.268150852e-002 +7.268150852e-002 -9.999273185e+002 -9.999273185e+002 -5.1561e+000 +2.6021e+000 +1.9817e+000 +1.3082e+000 -1.7281e+000
86679 +7.054559339e-002 +7.054559339e-002 -9.999294544e+002 -9.999294544e+002 -5.1568e+000 +2.6020e+000 +1.9806e+000 +1.3090e+000 -1.7296e+000
86793 +6.842415487e-002 +6.842415487e-002 -9.999315758e+002 -9.999315758e+002 -5.1561e+000 +2.6020e+000 +1.9807e+000 +1.3084e+000 -1.7286e+000
87037 +6.752426350e-002 +6.752426350e-002 -9.999324757e+002 -9.999324757e+002 -5.1567e+000 +2.6018e+000 +1.9820e+000 +1.3091e+000 -1.7275e+000
87635 +6.598859301e-002 +6.598859301e-002 -9.999340114e+002 -9.999340114e+002 -5.1568e+000 +2.6015e+000 +1.9816e+000 +1.3083e+000 -1.7282e+000
89157 +6.455699897e-002 +6.455699897e-002 -9.999354430e+002 -9.999354430e+002 -5.1568e+000 +2.6016e+000 +1.9816e+000 +1.3083e+000 -1.7283e+000
% function evaluation | noise-free fitness - Fopt (-6.554000000000e+001) | best noise-free fitness - Fopt | measured fitness | best measured fitness | x1 | x2...
1 +1.330880485e+002 +1.330880485e+002 +6.754804854e+001 +6.754804854e+001 -4.4258e-001 +4.9626e+000 -7.0911e+000 +2.7597e+000 +1.5677e+000
2 +7.577844635e+001 +7.577844635e+001 +1.023844635e+001 +1.023844635e+001 +1.4856e+000 -2.8441e+000 -3.0728e+000 -3.8343e+000 +6.8749e+000
6 +7.066908495e+001 +7.066908495e+001 +5.129084949e+000 +5.129084949e+000 +9.4385e-001 -6.0070e-001 -5.2655e+000 +1.8545e+000 +4.2475e+000
8 +4.662330984e+001 +4.662330984e+001 -1.891669016e+001 -1.891669016e+001 -1.1334e+000 -2.5856e-001 -4.0462e+000 -1.9651e+000 -1.5782e-001
15 +2.469165497e+001 +2.469165497e+001 -4.084834503e+001 -4.084834503e+001 +3.0686e+000 +3.6300e+000 -3.0542e+000 +4.1708e+000 +1.8299e+000
41 +2.428962972e+001 +2.428962972e+001 -4.125037028e+001 -4.125037028e+001 -2.4526e-002 -8.9234e-001 -1.8730e+000 -1.1933e+000 -1.0280e+000
72 +2.203791073e+001 +2.203791073e+001 -4.350208927e+001 -4.350208927e+001 +3.3392e+000 +1.6958e+000 -4.6320e+000 +2.4602e+000 +2.8827e+000
91 +1.963732693e+001 +1.963732693e+001 -4.590267307e+001 -4.590267307e+001 -6.2986e+000 -1.3030e+000 -4.9476e+000 -5.2737e-001 +2.4637e+000
187 +1.488555656e+001 +1.488555656e+001 -5.065444344e+001 -5.065444344e+001 +2.6699e+000 -9.0935e-002 -2.4047e+000 -3.1149e+000 +1.7341e+000
866 +1.002228646e+001 +1.002228646e+001 -5.551771354e+001 -5.551771354e+001 -5.9141e+000 +3.6892e+000 +4.1896e+000 -4.3543e+000 +2.1058e+000
1000 +7.982923047e+000 +7.982923047e+000 -5.755707695e+001 -5.755707695e+001 +2.0789e+000 +1.4870e+000 +5.5239e+000 +2.2046e+000 -5.0012e-001
6011 +6.210628533e+000 +6.210628533e+000 -5.932937147e+001 -5.932937147e+001 +1.6805e+000 -3.6688e+000 -5.2801e+000 +2.8181e+000 +3.7800e+000
8394 +5.387362683e+000 +5.387362683e+000 -6.015263732e+001 -6.015263732e+001 +4.8533e+000 +4.2788e+000 +7.0501e-001 +2.9794e+000 +2.2423e+000
9886 +4.702116886e+000 +4.702116886e+000 -6.083788311e+001 -6.083788311e+001 -4.0033e-001 +2.4952e+000 -1.9038e+000 +8.1275e-001 +3.5020e+000
27369 +3.173698114e+000 +3.173698114e+000 -6.236630189e+001 -6.236630189e+001 -2.3748e+000 -5.2994e-001 +1.9188e+000 -3.2769e+000 +8.3154e-001
35688 +2.972967397e+000 +2.972967397e+000 -6.256703260e+001 -6.256703260e+001 +1.6857e+000 -2.1745e+000 -1.4363e+000 +1.5768e+000 -3.8459e+000
54608 +2.371260472e+000 +2.371260472e+000 -6.316873953e+001 -6.316873953e+001 +5.4031e+000 -1.5386e+000 -2.6208e+000 -3.1523e+000 -2.0537e+000
54669 +2.074410400e+000 +2.074410400e+000 -6.346558960e+001 -6.346558960e+001 +5.3454e+000 -1.5168e+000 -2.6903e+000 -3.1701e+000 -2.1853e+000
54732 +1.938470017e+000 +1.938470017e+000 -6.360152998e+001 -6.360152998e+001 +5.3626e+000 -1.5671e+000 -2.6894e+000 -3.2630e+000 -2.1308e+000
54759 +1.739109474e+000 +1.739109474e+000 -6.380089053e+001 -6.380089053e+001 +5.3397e+000 -1.5421e+000 -2.6474e+000 -3.1774e+000 -2.1442e+000
54865 +8.820345566e-001 +8.820345566e-001 -6.465796544e+001 -6.465796544e+001 +5.3293e+000 -1.7532e+000 -2.7098e+000 -3.1997e+000 -2.1336e+000
55006 +8.509044529e-001 +8.509044529e-001 -6.468909555e+001 -6.468909555e+001 +5.3381e+000 -1.7357e+000 -2.6979e+000 -3.2170e+000 -2.1212e+000
55040 +7.747906948e-001 +7.747906948e-001 -6.476520931e+001 -6.476520931e+001 +5.3645e+000 -1.7293e+000 -2.6529e+000 -3.2110e+000 -2.1271e+000
55064 +7.139926395e-001 +7.139926395e-001 -6.482600736e+001 -6.482600736e+001 +5.3030e+000 -1.8084e+000 -2.6702e+000 -3.3025e+000 -2.1819e+000
55118 +6.745704191e-001 +6.745704191e-001 -6.486542958e+001 -6.486542958e+001 +5.3126e+000 -1.8245e+000 -2.6853e+000 -3.2314e+000 -2.2058e+000
55142 +6.235915734e-001 +6.235915734e-001 -6.491640843e+001 -6.491640843e+001 +5.3257e+000 -1.8526e+000 -2.6857e+000 -3.2621e+000 -2.1976e+000
55166 +5.747529137e-001 +5.747529137e-001 -6.496524709e+001 -6.496524709e+001 +5.3240e+000 -1.8485e+000 -2.6733e+000 -3.2441e+000 -2.2220e+000
55194 +4.717440600e-001 +4.717440600e-001 -6.506825594e+001 -6.506825594e+001 +5.3128e+000 -1.8383e+000 -2.6742e+000 -3.2770e+000 -2.2234e+000
55288 +3.723658096e-001 +3.723658096e-001 -6.516763419e+001 -6.516763419e+001 +5.3087e+000 -1.8531e+000 -2.6663e+000 -3.2804e+000 -2.2431e+000
55337 +3.697530684e-001 +3.697530684e-001 -6.517024693e+001 -6.517024693e+001 +5.3128e+000 -1.8504e+000 -2.6556e+000 -3.2858e+000 -2.2411e+000
55518 +3.486447821e-001 +3.486447821e-001 -6.519135522e+001 -6.519135522e+001 +5.2968e+000 -1.8474e+000 -2.6856e+000 -3.2769e+000 -2.2388e+000
55582 +3.289565787e-001 +3.289565787e-001 -6.521104342e+001 -6.521104342e+001 +5.2958e+000 -1.8468e+000 -2.6848e+000 -3.2755e+000 -2.2408e+000
55707 +3.228717919e-001 +3.228717919e-001 -6.521712821e+001 -6.521712821e+001 +5.2936e+000 -1.8474e+000 -2.6872e+000 -3.2767e+000 -2.2413e+000
55806 +3.050111960e-001 +3.050111960e-001 -6.523498880e+001 -6.523498880e+001 +5.2912e+000 -1.8609e+000 -2.6892e+000 -3.2782e+000 -2.2486e+000
55816 +2.951256641e-001 +2.951256641e-001 -6.524487434e+001 -6.524487434e+001 +5.2928e+000 -1.8700e+000 -2.6930e+000 -3.2774e+000 -2.2452e+000
55889 +2.782280904e-001 +2.782280904e-001 -6.526177191e+001 -6.526177191e+001 +5.2917e+000 -1.8670e+000 -2.6938e+000 -3.2779e+000 -2.2430e+000
55957 +2.695797677e-001 +2.695797677e-001 -6.527042023e+001 -6.527042023e+001 +5.2927e+000 -1.8669e+000 -2.6943e+000 -3.2790e+000 -2.2404e+000
56148 +2.652172502e-001 +2.652172502e-001 -6.527478275e+001 -6.527478275e+001 +5.2930e+000 -1.8675e+000 -2.6948e+000 -3.2790e+000 -2.2405e+000
56201 +2.622450084e-001 +2.622450084e-001 -6.527775499e+001 -6.527775499e+001 +5.2929e+000 -1.8675e+000 -2.6948e+000 -3.2794e+000 -2.2402e+000
56428 +2.559865847e-001 +2.559865847e-001 -6.528401342e+001 -6.528401342e+001 +5.2928e+000 -1.8677e+000 -2.6950e+000 -3.2791e+000 -2.2404e+000
% function evaluation | noise-free fitness - Fopt (-2.375000000000e+001) | best noise-free fitness - Fopt | measured fitness | best measured fitness | x1 | x2...
1 +3.521423160e+002 +3.521423160e+002 +3.283923160e+002 +3.283923160e+002 +3.6727e-001 -1.5993e+001 -8.5105e+000 -6.9041e+000 -9.5085e-001
2 +5.678428098e+001 +5.678428098e+001 +3.303428098e+001 +3.303428098e+001 +1.2832e+000 -4.3868e+000 +1.2519e+000 +5.2969e+000 -3.0775e-001
11 +5.185083920e+001 +5.185083920e+001 +2.810083920e+001 +2.810083920e+001 -9.2366e-001 -3.7690e+000 +8.7883e-002 -2.8094e+000 +4.2227e+000
16 +3.400698565e+001 +3.400698565e+001 +1.025698565e+001 +1.025698565e+001 -1.4711e+000 -4.0733e+000 +3.8664e+000 -1.9365e+000 +3.4389e+000
18 +3.313841978e+001 +3.313841978e+001 +9.388419780e+000 +9.388419780e+000 -3.3702e-001 -4.1099e+000 +2.8082e+000 -2.1192e+000 +3.3263e+000
72 +2.964384633e+001 +2.964384633e+001 +5.893846333e+000 +5.893846333e+000 -1.1405e+000 -5.0971e+000 +3.0958e+000 -1.9359e+000 +2.3049e+000
79 +2.874317723e+001 +2.874317723e+001 +4.993177227e+000 +4.993177227e+000 -3.3260e+000 -2.3476e+000 +3.5239e+000 -8.2745e-001 -1.8401e+000
127 +1.033056124e+001 +1.033056124e+001 -1.341943876e+001 -1.341943876e+001 +9.9452e-002 -3.8602e+000 +4.3527e+000 +2.4027e-001 -4.8112e+000
1538 +6.167260668e+000 +6.167260668e+000 -1.758273933e+001 -1.758273933e+001 -2.3970e+000 +2.8577e+000 -5.6438e+000 -9.4381e-001 -1.3755e+000
3647 +4.451059969e+000 +4.451059969e+000 -1.929894003e+001 -1.929894003e+001 -1.4672e+000 -1.7266e+000 +2.7663e+000 +2.7348e+000 -4.9243e+000
10419 +3.748556294e+000 +3.748556294e+000 -2.000144371e+001 -2.000144371e+001 +1.9862e+000 +2.9142e-001 -1.6211e+000 +8.6715e-001 -1.1700e+000
17605 +3.313645812e+000 +3.313645812e+000 -2.043635419e+001 -2.043635419e+001 +3.3474e+000 +4.2185e+000 -1.1111e+000 -3.2066e+000 -2.5457e+000
30103 +2.633194973e+000 +2.633194973e+000 -2.111680503e+001 -2.111680503e+001 +2.5746e+000 -1.8244e+000 +4.1273e+000 +1.9185e+000 +1.4876e+000
31376 +2.538223445e+000 +2.538223445e+000 -2.121177656e+001 -2.121177656e+001 -1.3335e+000 -5.4494e+000 -3.5255e+000 +1.6464e+000 +1.5787e-001
61393 +2.043677407e+000 +2.043677407e+000 -2.170632259e+001 -2.170632259e+001 -1.6077e-001 +5.8501e+000 +3.0531e-001 +3.2007e-001 +7.8892e-001
61667 +1.180557701e+000 +1.180557701e+000 -2.256944230e+001 -2.256944230e+001 +4.1003e-001 +3.1406e+000 -1.3345e-001 +6.8789e-001 +3.1158e-002
61698 +1.017185575e+000 +1.017185575e+000 -2.273281442e+001 -2.273281442e+001 +7.2367e-001 +3.0965e+000 -1.2999e-001 +5.8828e-001 +1.1315e-001
61718 +8.751807460e-001 +8.751807460e-001 -2.287481925e+001 -2.287481925e+001 +8.5708e-001 +3.1033e+000 -2.3171e-001 +8.1069e-001 +2.1215e-001
61745 +6.579902984e-001 +6.579902984e-001 -2.309200970e+001 -2.309200970e+001 +7.0129e-001 +3.0674e+000 -1.6901e-001 +7.2196e-001 +1.0888e-001
61756 +3.966831170e-001 +3.966831170e-001 -2.335331688e+001 -2.335331688e+001 +7.5076e-001 +3.1555e+000 -1.5508e-001 +6.9443e-001 +1.0513e-001
61812 +6.540838192e-002 +6.540838192e-002 -2.368459162e+001 -2.368459162e+001 +6.1228e-001 +3.1069e+000 -1.6247e-001 +6.7945e-001 +8.0334e-002
62007 +2.115482123e-002 +2.115482123e-002 -2.372884518e+001 -2.372884518e+001 +6.1679e-001 +3.0823e+000 -2.0509e-001 +6.6407e-001 +6.7740e-002
62065 +1.498042019e-002 +1.498042019e-002 -2.373501958e+001 -2.373501958e+001 +6.3395e-001 +3.0914e+000 -1.8563e-001 +6.8455e-001 +9.3550e-002
62068 +4.283715996e-003 +4.283715996e-003 -2.374571628e+001 -2.374571628e+001 +6.1654e-001 +3.0887e+000 -1.8600e-001 +6.8733e-001 +8.1695e-002
62108 +2.770878030e-003 +2.770878030e-003 -2.374722912e+001 -2.374722912e+001 +6.0661e-001 +3.0912e+000 -1.9463e-001 +6.8554e-001 +7.2929e-002
62183 +2.312016216e-003 +2.312016216e-003 -2.374768798e+001 -2.374768798e+001 +6.0968e-001 +3.0929e+000 -1.9392e-001 +6.8593e-001 +7.4331e-002
62210 +1.541642869e-003 +1.541642869e-003 -2.374845836e+001 -2.374845836e+001 +6.1614e-001 +3.0956e+000 -1.9453e-001 +6.8653e-001 +7.3340e-002
62236 +9.989776344e-004 +9.989776344e-004 -2.374900102e+001 -2.374900102e+001 +6.1140e-001 +3.0914e+000 -1.9792e-001 +6.8390e-001 +7.1493e-002
62258 +1.813112098e-004 +1.813112098e-004 -2.374981869e+001 -2.374981869e+001 +6.1613e-001 +3.0918e+000 -1.9713e-001 +6.8566e-001 +7.4726e-002
62516 +1.749613351e-004 +1.749613351e-004 -2.374982504e+001 -2.374982504e+001 +6.1429e-001 +3.0915e+000 -1.9743e-001 +6.8532e-001 +7.4447e-002
62523 +1.144282110e-004 +1.144282110e-004 -2.374988557e+001 -2.374988557e+001 +6.1816e-001 +3.0912e+000 -1.9710e-001 +6.8574e-001 +7.4703e-002
62652 +1.042909894e-004 +1.042909894e-004 -2.374989571e+001 -2.374989571e+001 +6.1797e-001 +3.0922e+000 -1.9748e-001 +6.8556e-001 +7.4767e-002
62654 +9.261403436e-005 +9.261403436e-005 -2.374990739e+001 -2.374990739e+001 +6.1709e-001 +3.0914e+000 -1.9719e-001 +6.8558e-001 +7.4998e-002
62678 +8.016317314e-005 +8.016317314e-005 -2.374991984e+001 -2.374991984e+001 +6.1727e-001 +3.0918e+000 -1.9730e-001 +6.8536e-001 +7.5028e-002
62690 +4.022012577e-005 +4.022012577e-005 -2.374995978e+001 -2.374995978e+001 +6.1714e-001 +3.0920e+000 -1.9736e-001 +6.8519e-001 +7.5009e-002
62714 +3.786764312e-005 +3.786764312e-005 -2.374996213e+001 -2.374996213e+001 +6.1728e-001 +3.0920e+000 -1.9721e-001 +6.8520e-001 +7.5117e-002
62738 +3.018967399e-005 +3.018967399e-005 -2.374996981e+001 -2.374996981e+001 +6.1785e-001 +3.0921e+000 -1.9736e-001 +6.8539e-001 +7.5114e-002
62838 +2.239892717e-005 +2.239892717e-005 -2.374997760e+001 -2.374997760e+001 +6.1759e-001 +3.0923e+000 -1.9694e-001 +6.8539e-001 +7.5268e-002
62891 +2.114756878e-005 +2.114756878e-005 -2.374997885e+001 -2.374997885e+001 +6.1762e-001 +3.0923e+000 -1.9720e-001 +6.8538e-001 +7.5223e-002
62929 +1.619393320e-005 +1.619393320e-005 -2.374998381e+001 -2.374998381e+001 +6.1761e-001 +3.0923e+000 -1.9708e-001 +6.8536e-001 +7.5266e-002
63311 +1.530054776e-005 +1.530054776e-005 -2.374998470e+001 -2.374998470e+001 +6.1766e-001 +3.0923e+000 -1.9712e-001 +6.8547e-001 +7.5246e-002
63613 +1.512900548e-005 +1.512900548e-005 -2.374998487e+001 -2.374998487e+001 +6.1761e-001 +3.0923e+000 -1.9712e-001 +6.8541e-001 +7.5265e-002
63641 +1.442771685e-005 +1.442771685e-005 -2.374998557e+001 -2.374998557e+001 +6.1777e-001 +3.0923e+000 -1.9712e-001 +6.8541e-001 +7.5248e-002
63721 +1.405049205e-005 +1.405049205e-005 -2.374998595e+001 -2.374998595e+001 +6.1771e-001 +3.0923e+000 -1.9710e-001 +6.8540e-001 +7.5262e-002
63760 +1.352688786e-005 +1.352688786e-005 -2.374998647e+001 -2.374998647e+001 +6.1765e-001 +3.0923e+000 -1.9711e-001 +6.8540e-001 +7.5259e-002
63776 +1.236729311e-005 +1.236729311e-005 -2.374998763e+001 -2.374998763e+001 +6.1759e-001 +3.0923e+000 -1.9710e-001 +6.8541e-001 +7.5267e-002
63886 +1.155389384e-005 +1.155389384e-005 -2.374998845e+001 -2.374998845e+001 +6.1759e-001 +3.0923e+000 -1.9709e-001 +6.8540e-001 +7.5270e-002
64002 +1.050038870e-005 +1.050038870e-005 -2.374998950e+001 -2.374998950e+001 +6.1758e-001 +3.0923e+000 -1.9708e-001 +6.8539e-001 +7.5274e-002
64310 +1.044892793e-005 +1.044892793e-005 -2.374998955e+001 -2.374998955e+001 +6.1759e-001 +3.0923e+000 -1.9708e-001 +6.8540e-001 +7.5277e-002
64369 +9.725600432e-006 +9.725600432e-006 -2.374999027e+001 -2.374999027e+001 +6.1759e-001 +3.0923e+000 -1.9708e-001 +6.8540e-001 +7.5275e-002
% function evaluation | noise-free fitness - Fopt (3.513000000000e+001) | best noise-free fitness - Fopt | measured fitness | best measured fitness | x1 | x2...
1 +3.798305765e+002 +3.798305765e+002 +4.149605765e+002 +4.149605765e+002 -1.2578e+000 -6.1489e+000 -2.0097e+000 +5.8970e+000 +1.7944e+001
2 +3.127678629e+002 +3.127678629e+002 +3.478978629e+002 +3.478978629e+002 +1.1254e+000 -1.2578e+001 -2.5903e+000 +1.1393e+001 +4.3193e+000
3 +1.478044684e+002 +1.478044684e+002 +1.829344684e+002 +1.829344684e+002 -1.1669e+000 -6.3712e+000 -7.7057e+000 +3.9041e+000 +7.5546e-001
4 +9.382687621e+001 +9.382687621e+001 +1.289568762e+002 +1.289568762e+002 +2.7118e+000 -2.6646e-001 -1.1729e+000 +2.1214e-001 +3.0105e+000
8 +6.894923975e+001 +6.894923975e+001 +1.040792397e+002 +1.040792397e+002 +4.0341e+000 -2.9603e+000 -2.9572e-001 +2.7760e+000 +3.4937e+000
11 +4.351394631e+001 +4.351394631e+001 +7.864394631e+001 +7.864394631e+001 -8.3869e-001 -4.2129e+000 -2.2315e+000 +4.1052e+000 +3.3907e+000
16 +3.553958171e+001 +3.553958171e+001 +7.066958171e+001 +7.066958171e+001 +1.2104e+000 -4.5380e+000 -1.1546e+000 +5.1491e+000 +1.8928e-001
52 +2.344069076e+001 +2.344069076e+001 +5.857069076e+001 +5.857069076e+001 -7.2668e+000 -3.5933e+000 -1.2574e+000 +5.0407e+000 -5.8605e-001
116 +1.968449446e+001 +1.968449446e+001 +5.481449446e+001 +5.481449446e+001 +2.2479e-001 -4.0646e+000 -2.5613e+000 +4.4338e+000 +5.8204e-001
133 +1.532021431e+001 +1.532021431e+001 +5.045021431e+001 +5.045021431e+001 +6.8618e-001 -1.8074e+000 -3.0986e+000 +3.4234e+000 -3.7242e+000
200 +1.173385631e+001 +1.173385631e+001 +4.686385631e+001 +4.686385631e+001 +6.8575e-001 -5.1081e-001 -3.5347e+000 +3.9716e+000 -4.8733e+000
239 +6.091010676e+000 +6.091010676e+000 +4.122101068e+001 +4.122101068e+001 +8.9206e-001 -3.6179e+000 -2.3087e+000 +3.1165e+000 -4.2889e+000
10835 +5.304094721e+000 +5.304094721e+000 +4.043409472e+001 +4.043409472e+001 -3.7364e+000 -1.5956e+000 -5.7635e+000 +4.6547e+000 +8.5389e-001
13250 +1.457573900e+000 +1.457573900e+000 +3.658757390e+001 +3.658757390e+001 -8.8041e-001 -4.4868e+000 +1.9678e+000 -4.8575e-001 -1.4464e+000
21817 +8.748649209e-001 +8.748649209e-001 +3.600486492e+001 +3.600486492e+001 -2.4793e+000 -2.8567e+000 +1.1977e+000 +1.0870e+000 -2.3048e+000
22041 +8.285236060e-001 +8.285236060e-001 +3.595852361e+001 +3.595852361e+001 -2.4988e+000 -2.8659e+000 +1.1706e+000 +1.1424e+000 -2.2803e+000
22053 +6.975451081e-001 +6.975451081e-001 +3.582754511e+001 +3.582754511e+001 -2.5029e+000 -2.8732e+000 +1.1708e+000 +1.1432e+000 -2.2738e+000
22110 +5.022023615e-001 +5.022023615e-001 +3.563220236e+001 +3.563220236e+001 -2.5033e+000 -2.8491e+000 +1.1817e+000 +1.1297e+000 -2.2580e+000
22111 +3.765424867e-001 +3.765424867e-001 +3.550654249e+001 +3.550654249e+001 -2.5025e+000 -2.8578e+000 +1.1864e+000 +1.1342e+000 -2.2804e+000
22153 +3.368962140e-001 +3.368962140e-001 +3.546689621e+001 +3.546689621e+001 -2.5014e+000 -2.8503e+000 +1.1843e+000 +1.1260e+000 -2.2623e+000
22281 +3.103958743e-001 +3.103958743e-001 +3.544039587e+001 +3.544039587e+001 -2.5018e+000 -2.8615e+000 +1.1822e+000 +1.1265e+000 -2.2617e+000
22297 +2.998743853e-001 +2.998743853e-001 +3.542987439e+001 +3.542987439e+001 -2.5032e+000 -2.8535e+000 +1.1861e+000 +1.1244e+000 -2.2554e+000
22347 +2.856416705e-001 +2.856416705e-001 +3.541564167e+001 +3.541564167e+001 -2.5030e+000 -2.8554e+000 +1.1850e+000 +1.1256e+000 -2.2562e+000
22395 +2.801317196e-001 +2.801317196e-001 +3.541013172e+001 +3.541013172e+001 -2.5040e+000 -2.8548e+000 +1.1831e+000 +1.1240e+000 -2.2611e+000
22402 +2.743759370e-001 +2.743759370e-001 +3.540437594e+001 +3.540437594e+001 -2.4995e+000 -2.8526e+000 +1.1858e+000 +1.1273e+000 -2.2585e+000
22405 +2.525685301e-001 +2.525685301e-001 +3.538256853e+001 +3.538256853e+001 -2.4986e+000 -2.8554e+000 +1.1868e+000 +1.1275e+000 -2.2575e+000
22408 +2.434612096e-001 +2.434612096e-001 +3.537346121e+001 +3.537346121e+001 -2.4971e+000 -2.8557e+000 +1.1863e+000 +1.1255e+000 -2.2628e+000
22474 +2.286080126e-001 +2.286080126e-001 +3.535860801e+001 +3.535860801e+001 -2.4992e+000 -2.8527e+000 +1.1870e+000 +1.1249e+000 -2.2602e+000
22482 +2.227360605e-001 +2.227360605e-001 +3.535273606e+001 +3.535273606e+001 -2.4984e+000 -2.8532e+000 +1.1873e+000 +1.1254e+000 -2.2638e+000
22510 +2.165991794e-001 +2.165991794e-001 +3.534659918e+001 +3.534659918e+001 -2.4974e+000 -2.8537e+000 +1.1872e+000 +1.1256e+000 -2.2617e+000
22556 +2.121071983e-001 +2.121071983e-001 +3.534210720e+001 +3.534210720e+001 -2.4972e+000 -2.8531e+000 +1.1870e+000 +1.1255e+000 -2.2646e+000
22577 +2.034123699e-001 +2.034123699e-001 +3.533341237e+001 +3.533341237e+001 -2.4962e+000 -2.8539e+000 +1.1871e+000 +1.1262e+000 -2.2637e+000
22591 +1.978193862e-001 +1.978193862e-001 +3.532781939e+001 +3.532781939e+001 -2.4969e+000 -2.8528e+000 +1.1870e+000 +1.1254e+000 -2.2636e+000
22660 +1.903610077e-001 +1.903610077e-001 +3.532036101e+001 +3.532036101e+001 -2.4960e+000 -2.8537e+000 +1.1869e+000 +1.1258e+000 -2.2644e+000
22834 +1.843032751e-001 +1.843032751e-001 +3.531430328e+001 +3.531430328e+001 -2.4960e+000 -2.8535e+000 +1.1870e+000 +1.1258e+000 -2.2645e+000
23048 +1.815430010e-001 +1.815430010e-001 +3.531154300e+001 +3.531154300e+001 -2.4960e+000 -2.8536e+000 +1.1869e+000 +1.1258e+000 -2.2647e+000
% function evaluation | noise-free fitness - Fopt (-7.982000000000e+001) | best noise-free fitness - Fopt | measured fitness | best measured fitness | x1 | x2...
1 +3.647926874e+002 +3.647926874e+002 +2.849726874e+002 +2.849726874e+002 +5.2328e+000 -4.2748e+000 +8.3586e+000 +1.6851e+001 -6.8744e+000
2 +2.043932059e+002 +2.043932059e+002 +1.245732059e+002 +1.245732059e+002 +4.2224e+000 -4.1964e+000 -7.9691e-001 +1.3760e+001 +1.7639e+000
3 +1.290384112e+002 +1.290384112e+002 +4.921841121e+001 +4.921841121e+001 +1.6856e+000 -2.2818e+000 +1.3535e-001 +6.1958e+000 -1.5673e+000
4 +1.277883389e+002 +1.277883389e+002 +4.796833889e+001 +4.796833889e+001 -6.8728e+000 -2.4217e+000 -1.6742e+000 +6.7805e+000 -4.2806e+000
7 +1.037923992e+002 +1.037923992e+002 +2.397239925e+001 +2.397239925e+001 +1.8956e+000 -2.4973e+000 +5.1578e+000 +4.9591e+000 -4.4866e+000
9 +8.041409554e+001 +8.041409554e+001 +5.940955351e-001 +5.940955351e-001 -3.4125e-001 -6.5218e+000 +7.5431e+000 +2.3384e+000 +7.7633e+000
10 +7.296753471e+001 +7.296753471e+001 -6.852465291e+000 -6.852465291e+000 +2.5479e+000 -4.0267e+000 -3.7409e+000 +4.0290e+000 -4.2901e+000
13 +3.206710000e+001 +3.206710000e+001 -4.775290000e+001 -4.775290000e+001 +1.5707e+000 -5.1448e+000 -9.2999e-001 -3.2721e+000 -5.3071e+000
40 +3.067298537e+001 +3.067298537e+001 -4.914701463e+001 -4.914701463e+001 +2.5211e+000 -3.9250e+000 -5.3072e+000 +1.9549e+000 -2.1755e+000
53 +1.847713651e+001 +1.847713651e+001 -6.134286349e+001 -6.134286349e+001 -1.7762e+000 -2.5876e+000 -2.3862e+000 +4.1708e+000 -3.2958e+000
609 +1.103381937e+001 +1.103381937e+001 -6.878618063e+001 -6.878618063e+001 +3.5209e-001 -1.2789e+000 -3.1760e+000 -2.4508e+000 -7.1217e-002
1322 +6.004513338e+000 +6.004513338e+000 -7.381548666e+001 -7.381548666e+001 -1.2324e+000 -6.6804e-001 +1.8531e+000 +2.1164e+000 -5.2378e-002
5706 +5.750427692e+000 +5.750427692e+000 -7.406957231e+001 -7.406957231e+001 -1.4543e+000 -3.9735e+000 +1.9401e+000 +5.2420e+000 -2.4516e+000
11576 +4.226122015e+000 +4.226122015e+000 -7.559387798e+001 -7.559387798e+001 -1.5791e+000 -8.8308e-001 -5.6891e+000 +1.0291e+000 -2.6204e+000
35538 +2.050536538e+000 +2.050536538e+000 -7.776946346e+001 -7.776946346e+001 +1.4220e+000 -2.2739e+000 +2.8675e+000 -3.9808e+000 +3.8519e+000
254349 +1.669892638e+000 +1.669892638e+000 -7.815010736e+001 -7.815010736e+001 -2.5869e+000 +1.9815e+000 -2.8289e+000 +4.8854e+000 -3.9157e+000
287088 +1.575565639e+000 +1.575565639e+000 -7.824443436e+001 -7.824443436e+001 +2.3657e+000 -4.8775e+000 -4.2771e+000 +9.2935e-001 +1.2224e+000
% function evaluation | noise-free fitness - Fopt (1.925800000000e+002) | best noise-free fitness - Fopt | measured fitness | best measured fitness | x1 | x2...
1 +3.808122818e+001 +3.808122818e+001 +2.306612282e+002 +2.306612282e+002 +3.8929e+000 -3.1464e+000 +2.6943e+000 +1.5122e+000 -5.8723e+000
7 +3.205052071e+001 +3.205052071e+001 +2.246305207e+002 +2.246305207e+002 +2.4432e+000 -3.9895e+000 +1.4951e+000 +8.7640e-002 -3.6175e+000
22 +2.857006747e+001 +2.857006747e+001 +2.211500675e+002 +2.211500675e+002 +3.2030e+000 -2.0022e+000 +7.7309e-001 +1.2160e+000 -5.3502e+000
47 +2.743820824e+001 +2.743820824e+001 +2.200182082e+002 +2.200182082e+002 +9.2175e-001 +6.7660e-001 +1.8321e+000 +1.4739e+000 -4.3736e+000
106 +7.265146682e+000 +7.265146682e+000 +1.998451467e+002 +1.998451467e+002 -3.4455e+000 -8.5961e-001 +1.8347e+000 -8.1722e-001 -4.1272e+000
716 +3.125389535e+000 +3.125389535e+000 +1.957053895e+002 +1.957053895e+002 +7.2313e-002 -3.8614e+000 -4.2498e+000 -7.7717e-001 -3.5114e+000
15001 +3.032835103e+000 +3.032835103e+000 +1.956128351e+002 +1.956128351e+002 +6.3430e-001 +2.3041e+000 -2.3727e+000 +2.6106e+000 -4.2509e+000
85301 +1.500179487e+000 +1.500179487e+000 +1.940801795e+002 +1.940801795e+002 -5.3185e+000 -3.3621e+000 +3.0695e+000 -3.0134e+000 -3.4935e+000
108196 +1.237883283e+000 +1.237883283e+000 +1.938178833e+002 +1.938178833e+002 +1.1428e+000 -2.3593e+000 +2.1794e+000 -1.4040e+000 +1.2840e+000
121684 +3.318215665e-001 +3.318215665e-001 +1.929118216e+002 +1.929118216e+002 +1.0104e+000 -2.6868e+000 +2.2853e+000 -1.1122e+000 +1.4104e+000
% function evaluation | noise-free fitness - Fopt (-2.684800000000e+002) | best noise-free fitness - Fopt | measured fitness | best measured fitness | x1 | x2...
1 +5.821928379e+001 +5.821928379e+001 -2.102607162e+002 -2.102607162e+002 -4.0603e+000 +1.5838e+000 -4.6032e+000 +5.0427e+000 +1.9289e+000
5 +2.669201767e+001 +2.669201767e+001 -2.417879823e+002 -2.417879823e+002 -4.7371e+000 +2.0316e+000 -3.6884e+000 +2.0034e+000 +2.6432e+000
50 +2.072229280e+001 +2.072229280e+001 -2.477577072e+002 -2.477577072e+002 -4.9262e+000 +2.0822e+000 -2.3450e+000 +3.0958e+000 +1.6216e+000
459 +2.019740651e+001 +2.019740651e+001 -2.482825935e+002 -2.482825935e+002 +2.9198e+000 -1.4226e+000 -1.4992e+000 +8.9465e-001 +4.3911e+000
508 +1.106301875e+001 +1.106301875e+001 -2.574169812e+002 -2.574169812e+002 +2.2319e+000 -2.9374e+000 +5.2080e-001 -2.8881e+000 +1.7452e+000
786 +7.084347709e+000 +7.084347709e+000 -2.613956523e+002 -2.613956523e+002 +2.0067e+000 +8.1572e-001 -3.9389e+000 +5.0256e+000 +4.6722e+000
2314 +6.222086007e+000 +6.222086007e+000 -2.622579140e+002 -2.622579140e+002 +3.7039e+000 -1.5586e-001 +8.6422e-001 -3.3561e+000 +3.7610e+000
7495 +2.956748002e+000 +2.956748002e+000 -2.655232520e+002 -2.655232520e+002 +1.8892e-001 +4.3464e+000 +3.6884e+000 +2.8694e+000 +3.7762e+000
84634 +1.751453773e+000 +1.751453773e+000 -2.667285462e+002 -2.667285462e+002 -1.5248e+000 -1.1640e+000 -1.3814e+000 +2.8703e+000 +2.2388e-002
262609 +7.027677683e-001 +7.027677683e-001 -2.677772322e+002 -2.677772322e+002 -6.1668e-001 +3.3675e+000 -2.0499e+000 -1.6719e+000 +2.7338e-001
572640 +6.714546070e-001 +6.714546070e-001 -2.678085454e+002 -2.678085454e+002 +2.4231e+000 +1.9212e+000 +3.5724e+000 +6.1108e-001 -1.8972e+000
572739 +6.513108567e-001 +6.513108567e-001 -2.678286891e+002 -2.678286891e+002 +2.4233e+000 +1.9205e+000 +3.5720e+000 +6.1037e-001 -1.8966e+000
573065 +6.418940848e-001 +6.418940848e-001 -2.678381059e+002 -2.678381059e+002 +2.4233e+000 +1.9216e+000 +3.5729e+000 +6.1051e-001 -1.8969e+000
573780 +6.300008871e-001 +6.300008871e-001 -2.678499991e+002 -2.678499991e+002 +2.4232e+000 +1.9216e+000 +3.5728e+000 +6.1063e-001 -1.8971e+000
% function evaluation | noise-free fitness - Fopt (-1.000000000000e+003) | best noise-free fitness - Fopt | measured fitness | best measured fitness | x1 | x2...
1 +4.510503117e+001 +4.510503117e+001 -9.548949688e+002 -9.548949688e+002 -1.3816e+000 -2.4568e+000 -2.9208e+000 -2.0215e+000 -2.2945e+000
3 +3.231376598e+001 +3.231376598e+001 -9.676862340e+002 -9.676862340e+002 -6.1687e+000 +5.9168e-001 -5.8650e+000 -2.9418e+000 +3.8428e+000
80 +1.892333285e+001 +1.892333285e+001 -9.810766671e+002 -9.810766671e+002 -7.2058e-001 +7.7351e-001 -5.3591e+000 +3.0605e+000 -2.5015e+000
189 +1.485250072e+001 +1.485250072e+001 -9.851474993e+002 -9.851474993e+002 -6.2575e-002 -5.3434e-001 -1.3800e+000 +1.2611e+000 -3.7779e+000
261 +9.694655421e+000 +9.694655421e+000 -9.903053446e+002 -9.903053446e+002 +1.0644e+000 +2.5059e+000 -8.3894e-001 -3.0560e-001 -5.0762e-001
1569 +8.274393116e+000 +8.274393116e+000 -9.917256069e+002 -9.917256069e+002 +9.1046e-001 +2.5046e+000 -2.4140e+000 +1.3817e+000 +2.7122e+000
2952 +7.026168255e+000 +7.026168255e+000 -9.929738317e+002 -9.929738317e+002 -4.4762e+000 -1.9838e+000 -5.5164e+000 +3.1180e+000 -6.6336e-001
4449 +6.525962399e+000 +6.525962399e+000 -9.934740376e+002 -9.934740376e+002 +9.6335e-001 -8.4976e-001 -9.9670e-001 -3.9780e+000 -1.5493e+000
4581 +4.871520802e+000 +4.871520802e+000 -9.951284792e+002 -9.951284792e+002 +1.3430e+000 +5.0656e-001 -9.3520e-001 -3.9551e+000 -2.1495e+000
4634 +4.579167147e+000 +4.579167147e+000 -9.954208329e+002 -9.954208329e+002 +9.3750e-001 +8.5752e-001 -7.2745e-001 -3.9642e+000 -2.0831e+000
4685 +3.660679346e+000 +3.660679346e+000 -9.963393207e+002 -9.963393207e+002 +9.6585e-001 +7.4611e-001 -8.2542e-001 -3.9770e+000 -2.1943e+000
4690 +3.491552721e+000 +3.491552721e+000 -9.965084473e+002 -9.965084473e+002 +1.2661e+000 +7.7620e-001 -6.7917e-001 -3.8303e+000 -2.2052e+000
4715 +1.884395455e+000 +1.884395455e+000 -9.981156045e+002 -9.981156045e+002 +1.1644e+000 +6.5188e-001 -8.4515e-001 -3.9847e+000 -2.2487e+000
4860 +1.714797220e+000 +1.714797220e+000 -9.982852028e+002 -9.982852028e+002 +9.8866e-001 +7.3066e-001 -8.9189e-001 -4.0549e+000 -2.4131e+000
4885 +1.438414545e+000 +1.438414545e+000 -9.985615855e+002 -9.985615855e+002 +9.6963e-001 +7.6149e-001 -8.5506e-001 -4.0541e+000 -2.3903e+000
4924 +1.052687895e+000 +1.052687895e+000 -9.989473121e+002 -9.989473121e+002 +9.8735e-001 +7.7719e-001 -7.6621e-001 -3.9978e+000 -2.3723e+000
5085 +9.920211870e-001 +9.920211870e-001 -9.990079788e+002 -9.990079788e+002 +9.9887e-001 +7.5792e-001 -8.4359e-001 -4.0384e+000 -2.3984e+000
5160 +9.763339258e-001 +9.763339258e-001 -9.990236661e+002 -9.990236661e+002 +1.0011e+000 +7.5459e-001 -8.4902e-001 -4.0372e+000 -2.3904e+000
5269 +9.483001326e-001 +9.483001326e-001 -9.990516999e+002 -9.990516999e+002 +1.0065e+000 +7.5469e-001 -8.4283e-001 -4.0349e+000 -2.3976e+000
5352 +8.633978151e-001 +8.633978151e-001 -9.991366022e+002 -9.991366022e+002 +1.0116e+000 +7.5014e-001 -8.4866e-001 -4.0358e+000 -2.3940e+000
5439 +8.385985146e-001 +8.385985146e-001 -9.991614015e+002 -9.991614015e+002 +1.0123e+000 +7.5032e-001 -8.4123e-001 -4.0320e+000 -2.3927e+000
5687 +8.222787232e-001 +8.222787232e-001 -9.991777213e+002 -9.991777213e+002 +1.0141e+000 +7.4793e-001 -8.4822e-001 -4.0353e+000 -2.3946e+000
5712 +7.961731986e-001 +7.961731986e-001 -9.992038268e+002 -9.992038268e+002 +1.0137e+000 +7.4832e-001 -8.4759e-001 -4.0334e+000 -2.3929e+000
5877 +7.939304038e-001 +7.939304038e-001 -9.992060696e+002 -9.992060696e+002 +1.0132e+000 +7.4825e-001 -8.4770e-001 -4.0339e+000 -2.3938e+000
5975 +7.742016599e-001 +7.742016599e-001 -9.992257983e+002 -9.992257983e+002 +1.0124e+000 +7.4855e-001 -8.5007e-001 -4.0341e+000 -2.3935e+000
6083 +7.548330971e-001 +7.548330971e-001 -9.992451669e+002 -9.992451669e+002 +1.0127e+000 +7.4804e-001 -8.5045e-001 -4.0342e+000 -2.3935e+000
6271 +7.377397126e-001 +7.377397126e-001 -9.992622603e+002 -9.992622603e+002 +1.0134e+000 +7.4754e-001 -8.5069e-001 -4.0343e+000 -2.3935e+000
6656 +7.227976080e-001 +7.227976080e-001 -9.992772024e+002 -9.992772024e+002 +1.0145e+000 +7.4720e-001 -8.5056e-001 -4.0347e+000 -2.3934e+000
6835 +7.055444026e-001 +7.055444026e-001 -9.992944556e+002 -9.992944556e+002 +1.0148e+000 +7.4697e-001 -8.5094e-001 -4.0347e+000 -2.3935e+000
7542 +6.905959669e-001 +6.905959669e-001 -9.993094040e+002 -9.993094040e+002 +1.0149e+000 +7.4686e-001 -8.5105e-001 -4.0347e+000 -2.3935e+000
% function evaluation | noise-free fitness - Fopt (-1.388000000000e+001) | best noise-free fitness - Fopt | measured fitness | best measured fitness | x1 | x2...
1 +1.454563110e+002 +1.454563110e+002 +1.315763110e+002 +1.315763110e+002 +6.4752e+000 -5.2160e+000 +1.6429e+000 -3.2887e-001 +1.2987e+000
2 +9.608147504e+001 +9.608147504e+001 +8.220147504e+001 +8.220147504e+001 +1.1799e+000 +1.6349e+000 +4.7441e+000 -1.1940e+000 +2.5330e+000
3 +6.674848555e+001 +6.674848555e+001 +5.286848555e+001 +5.286848555e+001 +3.6144e+000 -6.0183e+000 +2.0877e+000 -1.8343e+000 +2.8327e-001
13 +4.343480443e+001 +4.343480443e+001 +2.955480443e+001 +2.955480443e+001 +5.6339e+000 -3.7754e+000 +2.9486e+000 +1.9219e-001 -2.5037e+000
21 +3.726343998e+001 +3.726343998e+001 +2.338343998e+001 +2.338343998e+001 +1.2834e+000 +4.8028e+000 +2.6536e+000 +1.2657e+000 +1.7098e+000
25 +2.891693820e+001 +2.891693820e+001 +1.503693820e+001 +1.503693820e+001 +4.3788e+000 -2.8614e+000 -1.1148e+000 -1.8483e+000 +4.0737e+000
45 +1.456864959e+001 +1.456864959e+001 +6.886495900e-001 +6.886495900e-001 +1.8391e+000 -2.1159e+000 -1.4296e+000 -1.2379e+000 +2.0305e+000
702 +1.314278031e+001 +1.314278031e+001 -7.372196914e-001 -7.372196914e-001 +3.2883e+000 -5.1748e-001 -3.9894e+000 -1.2895e+000 -8.6258e-001
829 +1.014257784e+001 +1.014257784e+001 -3.737422159e+000 -3.737422159e+000 -1.5987e+000 -2.0573e+000 +1.3002e+000 -7.4513e-001 +1.3056e-001
867 +6.312130235e+000 +6.312130235e+000 -7.567869765e+000 -7.567869765e+000 -1.4488e+000 +2.9307e+000 +1.3659e+000 +3.6732e-001 -2.5312e-001
5090 +3.811467498e+000 +3.811467498e+000 -1.006853250e+001 -1.006853250e+001 +5.2103e+000 +2.6825e+000 -1.5571e-001 -2.6117e+000 +1.9667e+000
11888 +3.667675842e+000 +3.667675842e+000 -1.021232416e+001 -1.021232416e+001 -5.6984e+000 -1.8312e+000 +1.4094e+000 -5.5079e+000 -8.0948e-001
11891 +1.417083180e+000 +1.417083180e+000 -1.246291682e+001 -1.246291682e+001 +3.4396e+000 +1.8694e+000 +3.0895e+000 -5.2127e+000 -2.5695e+000
21107 +7.636457747e-001 +7.636457747e-001 -1.311635423e+001 -1.311635423e+001 -1.1470e+000 +4.0609e+000 -1.7219e+000 +3.2490e+000 +1.3316e+000
21248 +6.673717031e-001 +6.673717031e-001 -1.321262830e+001 -1.321262830e+001 -9.9572e-001 +4.1953e+000 -1.5851e+000 +3.1487e+000 +1.3274e+000
21256 +1.166378036e-001 +1.166378036e-001 -1.376336220e+001 -1.376336220e+001 -8.7139e-001 +4.3050e+000 -1.5251e+000 +2.9979e+000 +1.3255e+000
21724 +8.550173485e-002 +8.550173485e-002 -1.379449827e+001 -1.379449827e+001 -9.7979e-001 +4.2789e+000 -1.5710e+000 +3.0677e+000 +1.3187e+000
21792 +7.011851080e-002 +7.011851080e-002 -1.380988149e+001 -1.380988149e+001 -9.5034e-001 +4.3017e+000 -1.5693e+000 +3.0282e+000 +1.3185e+000
21869 +6.688316027e-002 +6.688316027e-002 -1.381311684e+001 -1.381311684e+001 -9.5210e-001 +4.3000e+000 -1.5637e+000 +3.0333e+000 +1.3215e+000
21873 +5.464510378e-002 +5.464510378e-002 -1.382535490e+001 -1.382535490e+001 -9.3258e-001 +4.3066e+000 -1.5494e+000 +3.0179e+000 +1.3214e+000
21877 +4.076144087e-002 +4.076144087e-002 -1.383923856e+001 -1.383923856e+001 -9.2480e-001 +4.2983e+000 -1.5573e+000 +3.0185e+000 +1.3165e+000
21915 +2.293635938e-002 +2.293635938e-002 -1.385706364e+001 -1.385706364e+001 -9.4788e-001 +4.3156e+000 -1.5464e+000 +3.0294e+000 +1.3173e+000
21940 +2.097005113e-002 +2.097005113e-002 -1.385902995e+001 -1.385902995e+001 -9.5007e-001 +4.3328e+000 -1.5317e+000 +3.0208e+000 +1.3184e+000
22039 +1.796405649e-002 +1.796405649e-002 -1.386203594e+001 -1.386203594e+001 -9.3616e-001 +4.3355e+000 -1.5271e+000 +3.0253e+000 +1.3200e+000
22059 +1.502520933e-002 +1.502520933e-002 -1.386497479e+001 -1.386497479e+001 -9.4068e-001 +4.3236e+000 -1.5426e+000 +3.0213e+000 +1.3184e+000
22158 +1.245382194e-002 +1.245382194e-002 -1.386754618e+001 -1.386754618e+001 -9.4071e-001 +4.3254e+000 -1.5392e+000 +3.0209e+000 +1.3187e+000
22167 +1.193554613e-002 +1.193554613e-002 -1.386806445e+001 -1.386806445e+001 -9.3850e-001 +4.3255e+000 -1.5401e+000 +3.0217e+000 +1.3189e+000
22178 +1.160422461e-002 +1.160422461e-002 -1.386839578e+001 -1.386839578e+001 -9.3886e-001 +4.3266e+000 -1.5376e+000 +3.0206e+000 +1.3195e+000
22208 +1.147546716e-002 +1.147546716e-002 -1.386852453e+001 -1.386852453e+001 -9.3935e-001 +4.3260e+000 -1.5406e+000 +3.0203e+000 +1.3188e+000
22230 +9.456661606e-003 +9.456661606e-003 -1.387054334e+001 -1.387054334e+001 -9.3969e-001 +4.3256e+000 -1.5388e+000 +3.0200e+000 +1.3187e+000
22241 +8.485607145e-003 +8.485607145e-003 -1.387151439e+001 -1.387151439e+001 -9.3866e-001 +4.3255e+000 -1.5398e+000 +3.0188e+000 +1.3187e+000
22426 +8.233274307e-003 +8.233274307e-003 -1.387176673e+001 -1.387176673e+001 -9.3810e-001 +4.3257e+000 -1.5385e+000 +3.0194e+000 +1.3192e+000
22469 +7.593542524e-003 +7.593542524e-003 -1.387240646e+001 -1.387240646e+001 -9.3845e-001 +4.3258e+000 -1.5381e+000 +3.0192e+000 +1.3187e+000
22628 +7.563878678e-003 +7.563878678e-003 -1.387243612e+001 -1.387243612e+001 -9.3807e-001 +4.3255e+000 -1.5390e+000 +3.0191e+000 +1.3189e+000
22657 +7.262400284e-003 +7.262400284e-003 -1.387273760e+001 -1.387273760e+001 -9.3788e-001 +4.3255e+000 -1.5390e+000 +3.0191e+000 +1.3189e+000
22662 +7.030076824e-003 +7.030076824e-003 -1.387296992e+001 -1.387296992e+001 -9.3777e-001 +4.3256e+000 -1.5387e+000 +3.0191e+000 +1.3191e+000
22668 +6.872888727e-003 +6.872888727e-003 -1.387312711e+001 -1.387312711e+001 -9.3782e-001 +4.3254e+000 -1.5390e+000 +3.0193e+000 +1.3194e+000
22876 +6.670380938e-003 +6.670380938e-003 -1.387332962e+001 -1.387332962e+001 -9.3764e-001 +4.3255e+000 -1.5390e+000 +3.0190e+000 +1.3189e+000
22943 +6.508674042e-003 +6.508674042e-003 -1.387349133e+001 -1.387349133e+001 -9.3755e-001 +4.3254e+000 -1.5390e+000 +3.0190e+000 +1.3189e+000
23014 +6.347259159e-003 +6.347259159e-003 -1.387365274e+001 -1.387365274e+001 -9.3758e-001 +4.3254e+000 -1.5391e+000 +3.0189e+000 +1.3189e+000
23263 +6.299255741e-003 +6.299255741e-003 -1.387370074e+001 -1.387370074e+001 -9.3745e-001 +4.3254e+000 -1.5393e+000 +3.0190e+000 +1.3189e+000
23308 +6.142064486e-003 +6.142064486e-003 -1.387385794e+001 -1.387385794e+001 -9.3749e-001 +4.3254e+000 -1.5392e+000 +3.0189e+000 +1.3189e+000
23430 +6.022474665e-003 +6.022474665e-003 -1.387397753e+001 -1.387397753e+001 -9.3748e-001 +4.3254e+000 -1.5393e+000 +3.0189e+000 +1.3189e+000
23621 +5.816835796e-003 +5.816835796e-003 -1.387418316e+001 -1.387418316e+001 -9.3743e-001 +4.3253e+000 -1.5393e+000 +3.0189e+000 +1.3189e+000
23700 +5.747067053e-003 +5.747067053e-003 -1.387425293e+001 -1.387425293e+001 -9.3742e-001 +4.3253e+000 -1.5393e+000 +3.0189e+000 +1.3189e+000
23833 +5.594860055e-003 +5.594860055e-003 -1.387440514e+001 -1.387440514e+001 -9.3741e-001 +4.3253e+000 -1.5393e+000 +3.0189e+000 +1.3189e+000
% function evaluation | noise-free fitness - Fopt (-1.240400000000e+002) | best noise-free fitness - Fopt | measured fitness | best measured fitness | x1 | x2...
1 +1.076700174e+002 +1.076700174e+002 -1.636998256e+001 -1.636998256e+001 +1.0416e+000 -3.3564e+000 +2.4672e+000 -2.4563e-001 +2.4462e+000
2 +9.561259496e+001 +9.561259496e+001 -2.842740504e+001 -2.842740504e+001 +2.2841e+000 -2.4777e+000 -3.3211e+000 +1.2392e+000 -1.6020e+000
4 +6.329125049e+001 +6.329125049e+001 -6.074874951e+001 -6.074874951e+001 +6.4987e-001 -3.3020e+000 -4.7118e+000 +2.3420e+000 +2.0271e+000
11 +5.185003095e+001 +5.185003095e+001 -7.218996905e+001 -7.218996905e+001 +5.6700e-001 -4.7924e+000 -3.8364e+000 -2.9833e+000 +4.6922e+000
12 +3.755131619e+001 +3.755131619e+001 -8.648868381e+001 -8.648868381e+001 +3.5245e-001 -3.1431e+000 -1.3910e+000 +2.7699e+000 +4.5053e-001
14 +2.168136978e+001 +2.168136978e+001 -1.023586302e+002 -1.023586302e+002 -8.7748e-001 -2.1594e+000 -2.8502e+000 +3.8099e+000 -1.8607e+000
42 +1.324936979e+001 +1.324936979e+001 -1.107906302e+002 -1.107906302e+002 +1.2914e+000 -5.0027e+000 -2.9020e+000 +2.1188e+000 -2.8436e+000
52 +1.255096521e+001 +1.255096521e+001 -1.114890348e+002 -1.114890348e+002 +3.6092e+000 -3.6893e+000 -1.2005e-001 +1.0571e+000 +4.3622e+000
257 +5.859012156e+000 +5.859012156e+000 -1.181809878e+002 -1.181809878e+002 -1.8604e+000 +4.4215e+000 +1.9759e+000 +1.2492e+000 +4.7392e+000
2199 +1.927090406e+000 +1.927090406e+000 -1.221129096e+002 -1.221129096e+002 -5.8772e+000 -3.2091e+000 +2.4211e+000 -4.8205e+000 -4.5255e+000
38583 +1.843275763e+000 +1.843275763e+000 -1.221967242e+002 -1.221967242e+002 +4.1397e+000 -3.9302e+000 +4.8941e+000 -9.7275e-001 -4.4190e+000
180124 +1.191524128e+000 +1.191524128e+000 -1.228484759e+002 -1.228484759e+002 -1.4839e-001 -4.4469e-002 +3.8918e-001 +3.0215e+000 -3.9949e+000
309911 +9.511518142e-001 +9.511518142e-001 -1.230888482e+002 -1.230888482e+002 +1.4603e+000 +3.6633e+000 +3.0211e-001 +4.6174e-001 -1.3117e-001
309972 +6.519119075e-001 +6.519119075e-001 -1.233880881e+002 -1.233880881e+002 +1.5412e+000 +3.9036e+000 +5.0343e-002 +5.4236e-001 +2.9866e-001
310177 +5.640150491e-001 +5.640150491e-001 -1.234759850e+002 -1.234759850e+002 +1.5161e+000 +3.4802e+000 -3.6744e-002 +5.3784e-001 -1.4686e-001
310312 +3.487324822e-001 +3.487324822e-001 -1.236912675e+002 -1.236912675e+002 +1.4864e+000 +3.6649e+000 -6.3899e-002 +5.9929e-001 -1.2188e-002
310519 +3.098493578e-001 +3.098493578e-001 -1.237301506e+002 -1.237301506e+002 +1.4791e+000 +3.6497e+000 -2.3431e-002 +5.8333e-001 -2.4797e-002
310537 +2.819905120e-001 +2.819905120e-001 -1.237580095e+002 -1.237580095e+002 +1.4736e+000 +3.6384e+000 -5.6761e-002 +5.8991e-001 -3.5029e-002
310581 +2.742140350e-001 +2.742140350e-001 -1.237657860e+002 -1.237657860e+002 +1.4778e+000 +3.6564e+000 -4.3405e-002 +5.8881e-001 -1.8079e-002
310596 +2.599033082e-001 +2.599033082e-001 -1.237800967e+002 -1.237800967e+002 +1.4801e+000 +3.6455e+000 -2.9924e-002 +5.8253e-001 -1.9046e-002
310623 +1.884184135e-001 +1.884184135e-001 -1.238515816e+002 -1.238515816e+002 +1.4816e+000 +3.6565e+000 -3.9781e-002 +5.8528e-001 -1.4795e-002
310637 +1.667314643e-001 +1.667314643e-001 -1.238732685e+002 -1.238732685e+002 +1.4863e+000 +3.6548e+000 -5.8333e-002 +5.8643e-001 -8.5148e-003
310798 +1.543442697e-001 +1.543442697e-001 -1.238856557e+002 -1.238856557e+002 +1.4825e+000 +3.6575e+000 -5.4525e-002 +5.8876e-001 -1.0604e-002
310819 +1.444614940e-001 +1.444614940e-001 -1.238955385e+002 -1.238955385e+002 +1.4847e+000 +3.6514e+000 -5.5543e-002 +5.8779e-001 -1.2791e-002
310841 +1.333969139e-001 +1.333969139e-001 -1.239066031e+002 -1.239066031e+002 +1.4839e+000 +3.6485e+000 -5.7245e-002 +5.8656e-001 -1.4633e-002
310854 +1.282096380e-001 +1.282096380e-001 -1.239117904e+002 -1.239117904e+002 +1.4825e+000 +3.6482e+000 -5.9526e-002 +5.8879e-001 -1.1949e-002
310869 +1.070844972e-001 +1.070844972e-001 -1.239329155e+002 -1.239329155e+002 +1.4847e+000 +3.6491e+000 -6.1514e-002 +5.8858e-001 -6.9502e-003
311057 +1.003289584e-001 +1.003289584e-001 -1.239396710e+002 -1.239396710e+002 +1.4854e+000 +3.6502e+000 -6.2650e-002 +5.8797e-001 -3.4552e-003
311074 +9.325515566e-002 +9.325515566e-002 -1.239467448e+002 -1.239467448e+002 +1.4849e+000 +3.6510e+000 -6.1053e-002 +5.8765e-001 -5.5894e-003
311180 +8.974513191e-002 +8.974513191e-002 -1.239502549e+002 -1.239502549e+002 +1.4864e+000 +3.6517e+000 -6.1647e-002 +5.8550e-001 -4.8352e-003
311197 +8.868576130e-002 +8.868576130e-002 -1.239513142e+002 -1.239513142e+002 +1.4856e+000 +3.6553e+000 -5.7470e-002 +5.8647e-001 -3.4637e-003
311238 +8.608682512e-002 +8.608682512e-002 -1.239539132e+002 -1.239539132e+002 +1.4858e+000 +3.6522e+000 -6.0302e-002 +5.8597e-001 -5.3684e-003
311256 +8.272564125e-002 +8.272564125e-002 -1.239572744e+002 -1.239572744e+002 +1.4863e+000 +3.6525e+000 -6.2580e-002 +5.8601e-001 -3.4780e-003
311463 +7.918396104e-002 +7.918396104e-002 -1.239608160e+002 -1.239608160e+002 +1.4863e+000 +3.6526e+000 -6.2120e-002 +5.8611e-001 -3.8255e-003
311739 +7.601986240e-002 +7.601986240e-002 -1.239639801e+002 -1.239639801e+002 +1.4864e+000 +3.6527e+000 -6.2340e-002 +5.8579e-001 -3.5345e-003
311851 +7.548208294e-002 +7.548208294e-002 -1.239645179e+002 -1.239645179e+002 +1.4864e+000 +3.6527e+000 -6.2266e-002 +5.8580e-001 -3.5777e-003
312333 +7.408966609e-002 +7.408966609e-002 -1.239659103e+002 -1.239659103e+002 +1.4864e+000 +3.6528e+000 -6.2255e-002 +5.8579e-001 -3.5126e-003
