% function evaluation | noise-free fitness - Fopt (-1.694000000000e+001) | best noise-free fitness - Fopt | measured fitness | best measured fitness | x1 | x2...
1 +1.232431391e+001 +1.232431391e+001 -4.615686088e+000 -4.615686088e+000 +8.3454e-001 +1.2852e+000 +2.2564e-001 +5.0032e+000 -2.7450e+000
2 +7.976852280e+000 +7.976852280e+000 -8.963147720e+000 -8.963147720e+000 +2.9737e+000 +2.5701e+000 +1.3794e+000 +3.3159e+000 -2.4779e+000
39 +6.559017545e+000 +6.559017545e+000 -1.038098245e+001 -1.038098245e+001 +1.9144e+000 +2.5179e+000 +1.3413e+000 +4.3596e+000 -2.1172e+000
54 +5.248321245e+000 +5.248321245e+000 -1.169167875e+001 -1.169167875e+001 +2.9915e+000 +1.7958e+000 -1.8129e-001 +2.9552e+000 +7.9699e-001
131 +3.566656900e+000 +3.566656900e+000 -1.337334310e+001 -1.337334310e+001 +3.1095e+000 +1.9043e+000 -8.7554e-001 +6.1485e-001 -8.5664e-001
209 +2.875247739e+000 +2.875247739e+000 -1.406475226e+001 -1.406475226e+001 +2.6159e+000 +2.2861e+000 -6.2492e-001 +2.8026e+000 -1.1275e+000
279 +2.592801704e+000 +2.592801704e+000 -1.434719830e+001 -1.434719830e+001 +3.7297e+000 +2.1047e+000 -1.1912e+000 +1.5737e+000 +3.6307e-001
311 +2.418440649e+000 +2.418440649e+000 -1.452155935e+001 -1.452155935e+001 +3.3170e+000 +1.8282e+000 -1.0680e+000 -2.2850e-003 +1.6160e+000
341 +1.784488090e+000 +1.784488090e+000 -1.515551191e+001 -1.515551191e+001 +3.3485e+000 +1.6169e+000 -1.5582e+000 +2.4706e-001 +6.5548e-001
385 +1.415958342e+000 +1.415958342e+000 -1.552404166e+001 -1.552404166e+001 +3.4617e+000 +1.9056e+000 -1.0642e+000 +4.3317e-001 +3.9905e-001
395 +1.203328404e+000 +1.203328404e+000 -1.573667160e+001 -1.573667160e+001 +3.5132e+000 +1.8512e+000 -1.2569e+000 +5.1655e-001 +1.0945e+000
404 +1.155422624e+000 +1.155422624e+000 -1.578457738e+001 -1.578457738e+001 +3.9667e+000 +2.0296e+000 -1.3471e+000 +6.7226e-001 +1.0430e+000
409 +8.929138817e-001 +8.929138817e-001 -1.604708612e+001 -1.604708612e+001 +3.5264e+000 +1.9273e+000 -1.3195e+000 +4.8799e-001 +9.1974e-001
534 +6.607667085e-001 +6.607667085e-001 -1.627923329e+001 -1.627923329e+001 +3.8574e+000 +2.0421e+000 -1.4006e+000 +1.7154e+000 +1.5969e+000
662 +3.032524363e-001 +3.032524363e-001 -1.663674756e+001 -1.663674756e+001 +3.6474e+000 +2.3326e+000 -1.5872e+000 +1.3355e+000 +1.3136e+000
790 +9.840520823e-002 +9.840520823e-002 -1.684159479e+001 -1.684159479e+001 +3.6421e+000 +2.4683e+000 -1.5562e+000 +1.4988e+000 +1.3819e+000
898 +8.021037639e-002 +8.021037639e-002 -1.685978962e+001 -1.685978962e+001 +3.6051e+000 +2.5797e+000 -1.5078e+000 +1.4486e+000 +1.4319e+000
991 +7.374608974e-002 +7.374608974e-002 -1.686625391e+001 -1.686625391e+001 +3.6233e+000 +2.4795e+000 -1.5552e+000 +1.5253e+000 +1.3793e+000
1106 +5.884794191e-002 +5.884794191e-002 -1.688115206e+001 -1.688115206e+001 +3.6681e+000 +2.5120e+000 -1.5226e+000 +1.5082e+000 +1.3926e+000
1164 +2.672220957e-002 +2.672220957e-002 -1.691327779e+001 -1.691327779e+001 +3.6378e+000 +2.5286e+000 -1.5447e+000 +1.4696e+000 +1.3793e+000
1253 +2.311961063e-002 +2.311961063e-002 -1.691688039e+001 -1.691688039e+001 +3.6475e+000 +2.5269e+000 -1.5316e+000 +1.4856e+000 +1.3948e+000
1271 +2.024928344e-002 +2.024928344e-002 -1.691975072e+001 -1.691975072e+001 +3.6499e+000 +2.5290e+000 -1.5339e+000 +1.4849e+000 +1.3923e+000
1314 +1.555461099e-002 +1.555461099e-002 -1.692444539e+001 -1.692444539e+001 +3.6525e+000 +2.5454e+000 -1.5331e+000 +1.4694e+000 +1.3921e+000
1356 +1.462499267e-002 +1.462499267e-002 -1.692537501e+001 -1.692537501e+001 +3.6460e+000 +2.5363e+000 -1.5382e+000 +1.4730e+000 +1.3950e+000
1388 +1.150503239e-002 +1.150503239e-002 -1.692849497e+001 -1.692849497e+001 +3.6517e+000 +2.5364e+000 -1.5343e+000 +1.4739e+000 +1.3911e+000
1441 +1.049316720e-002 +1.049316720e-002 -1.692950683e+001 -1.692950683e+001 +3.6522e+000 +2.5390e+000 -1.5336e+000 +1.4767e+000 +1.3920e+000
1450 +7.009919129e-003 +7.009919129e-003 -1.693299008e+001 -1.693299008e+001 +3.6519e+000 +2.5380e+000 -1.5348e+000 +1.4792e+000 +1.3945e+000
1552 +4.022527056e-003 +4.022527056e-003 -1.693597747e+001 -1.693597747e+001 +3.6508e+000 +2.5457e+000 -1.5334e+000 +1.4743e+000 +1.3953e+000
1791 +3.672501856e-003 +3.672501856e-003 -1.693632750e+001 -1.693632750e+001 +3.6511e+000 +2.5456e+000 -1.5332e+000 +1.4747e+000 +1.3947e+000
1836 +3.192238771e-003 +3.192238771e-003 -1.693680776e+001 -1.693680776e+001 +3.6506e+000 +2.5463e+000 -1.5330e+000 +1.4742e+000 +1.3951e+000
1907 +3.086009025e-003 +3.086009025e-003 -1.693691399e+001 -1.693691399e+001 +3.6502e+000 +2.5461e+000 -1.5335e+000 +1.4729e+000 +1.3948e+000
1924 +2.700308814e-003 +2.700308814e-003 -1.693729969e+001 -1.693729969e+001 +3.6519e+000 +2.5466e+000 -1.5327e+000 +1.4727e+000 +1.3949e+000
1929 +2.482607386e-003 +2.482607386e-003 -1.693751739e+001 -1.693751739e+001 +3.6513e+000 +2.5451e+000 -1.5332e+000 +1.4738e+000 +1.3948e+000
1972 +2.093516657e-003 +2.093516657e-003 -1.693790648e+001 -1.693790648e+001 +3.6514e+000 +2.5463e+000 -1.5332e+000 +1.4739e+000 +1.3949e+000
2012 +1.812841966e-003 +1.812841966e-003 -1.693818716e+001 -1.693818716e+001 +3.6512e+000 +2.5458e+000 -1.5331e+000 +1.4731e+000 +1.3943e+000
2088 +1.656859487e-003 +1.656859487e-003 -1.693834314e+001 -1.693834314e+001 +3.6509e+000 +2.5458e+000 -1.5329e+000 +1.4734e+000 +1.3950e+000
2119 +1.473853328e-003 +1.473853328e-003 -1.693852615e+001 -1.693852615e+001 +3.6512e+000 +2.5457e+000 -1.5328e+000 +1.4730e+000 +1.3949e+000
2141 +1.217339554e-003 +1.217339554e-003 -1.693878266e+001 -1.693878266e+001 +3.6513e+000 +2.5457e+000 -1.5327e+000 +1.4730e+000 +1.3949e+000
2230 +1.036777817e-003 +1.036777817e-003 -1.693896322e+001 -1.693896322e+001 +3.6513e+000 +2.5459e+000 -1.5327e+000 +1.4730e+000 +1.3948e+000
2403 +9.816089697e-004 +9.816089697e-004 -1.693901839e+001 -1.693901839e+001 +3.6512e+000 +2.5458e+000 -1.5326e+000 +1.4731e+000 +1.3948e+000
2513 +9.666100694e-004 +9.666100694e-004 -1.693903339e+001 -1.693903339e+001 +3.6512e+000 +2.5458e+000 -1.5327e+000 +1.4730e+000 +1.3948e+000
2560 +8.428715207e-004 +8.428715207e-004 -1.693915713e+001 -1.693915713e+001 +3.6515e+000 +2.5458e+000 -1.5326e+000 +1.4730e+000 +1.3948e+000
3106 +8.025400556e-004 +8.025400556e-004 -1.693919746e+001 -1.693919746e+001 +3.6512e+000 +2.5457e+000 -1.5328e+000 +1.4731e+000 +1.3948e+000
3117 +7.638375654e-004 +7.638375654e-004 -1.693923616e+001 -1.693923616e+001 +3.6512e+000 +2.5457e+000 -1.5327e+000 +1.4731e+000 +1.3948e+000
3132 +7.294580975e-004 +7.294580975e-004 -1.693927054e+001 -1.693927054e+001 +3.6512e+000 +2.5457e+000 -1.5328e+000 +1.4731e+000 +1.3948e+000
3136 +7.146773237e-004 +7.146773237e-004 -1.693928532e+001 -1.693928532e+001 +3.6512e+000 +2.5458e+000 -1.5327e+000 +1.4731e+000 +1.3948e+000
3165 +6.836697713e-004 +6.836697713e-004 -1.693931633e+001 -1.693931633e+001 +3.6512e+000 +2.5458e+000 -1.5327e+000 +1.4730e+000 +1.3948e+000
3180 +6.760248022e-004 +6.760248022e-004 -1.693932398e+001 -1.693932398e+001 +3.6512e+000 +2.5457e+000 -1.5327e+000 +1.4730e+000 +1.3948e+000
3251 +6.447898070e-004 +6.447898070e-004 -1.693935521e+001 -1.693935521e+001 +3.6512e+000 +2.5458e+000 -1.5327e+000 +1.4731e+000 +1.3948e+000
3350 +6.137170182e-004 +6.137170182e-004 -1.693938628e+001 -1.693938628e+001 +3.6512e+000 +2.5458e+000 -1.5327e+000 +1.4731e+000 +1.3947e+000
3453 +5.903805236e-004 +5.903805236e-004 -1.693940962e+001 -1.693940962e+001 +3.6512e+000 +2.5458e+000 -1.5327e+000 +1.4731e+000 +1.3947e+000
3519 +5.853150344e-004 +5.853150344e-004 -1.693941468e+001 -1.693941468e+001 +3.6512e+000 +2.5458e+000 -1.5327e+000 +1.4731e+000 +1.3947e+000
3528 +5.488752955e-004 +5.488752955e-004 -1.693945112e+001 -1.693945112e+001 +3.6512e+000 +2.5458e+000 -1.5327e+000 +1.4731e+000 +1.3947e+000
3606 +5.225667118e-004 +5.225667118e-004 -1.693947743e+001 -1.693947743e+001 +3.6512e+000 +2.5458e+000 -1.5327e+000 +1.4731e+000 +1.3947e+000
3617 +5.101754807e-004 +5.101754807e-004 -1.693948982e+001 -1.693948982e+001 +3.6512e+000 +2.5458e+000 -1.5327e+000 +1.4731e+000 +1.3947e+000
3716 +4.892460837e-004 +4.892460837e-004 -1.693951075e+001 -1.693951075e+001 +3.6512e+000 +2.5458e+000 -1.5327e+000 +1.4731e+000 +1.3947e+000
% function evaluation | noise-free fitness - Fopt (1.881000000000e+001) | best noise-free fitness - Fopt | measured fitness | best measured fitness | x1 | x2...
1 +5.880627082e+001 +5.880627082e+001 +7.761627082e+001 +7.761627082e+001 -4.3085e+000 +3.9564e+000 +2.9186e+000 -8.1529e-001 +2.5455e+000
3 +5.663875320e+001 +5.663875320e+001 +7.544875320e+001 +7.544875320e+001 -7.0106e-003 -4.8476e-001 +6.2961e+000 -2.6057e+000 +3.7987e+000
4 +1.870958691e+001 +1.870958691e+001 +3.751958691e+001 +3.751958691e+001 -1.8930e+000 +4.4525e+000 -4.7544e+000 -9.4460e-001 +1.6404e+000
5 +1.080986601e+001 +1.080986601e+001 +2.961986601e+001 +2.961986601e+001 +2.8213e-001 +8.1319e-001 +1.0970e+000 -2.2976e+000 -3.7612e-001
22 +8.285249214e+000 +8.285249214e+000 +2.709524921e+001 +2.709524921e+001 +9.8884e-002 +2.9593e+000 +5.7052e-001 -2.1569e+000 +2.5285e+000
36 +4.700458857e+000 +4.700458857e+000 +2.351045886e+001 +2.351045886e+001 -7.7192e-001 +3.1507e+000 -7.0680e-001 -1.2712e+000 +2.6069e-001
73 +4.648785388e+000 +4.648785388e+000 +2.345878539e+001 +2.345878539e+001 -7.6685e-002 +3.0380e+000 -5.9010e-001 +1.0513e-001 -1.3533e+000
112 +4.445502163e+000 +4.445502163e+000 +2.325550216e+001 +2.325550216e+001 -3.9165e-001 +1.2630e+000 -1.7505e-001 +1.7490e+000 +6.9831e-001
118 +3.046755004e+000 +3.046755004e+000 +2.185675500e+001 +2.185675500e+001 -2.4064e-001 +2.5954e+000 -7.6907e-001 +2.7026e-001 -9.6205e-002
120 +2.087402789e+000 +2.087402789e+000 +2.089740279e+001 +2.089740279e+001 -1.7979e-001 +1.3666e+000 -5.1966e-001 +5.3658e-001 +2.8625e+000
198 +1.817745667e+000 +1.817745667e+000 +2.062774567e+001 +2.062774567e+001 -2.8409e-001 +3.0334e+000 -1.2786e+000 +9.3794e-001 +1.1341e+000
276 +1.389760717e+000 +1.389760717e+000 +2.019976072e+001 +2.019976072e+001 -5.6245e-001 +1.3697e+000 -1.0405e+000 +6.1293e-001 +1.4782e+000
317 +1.243178177e+000 +1.243178177e+000 +2.005317818e+001 +2.005317818e+001 -2.3886e-001 +2.0877e+000 -7.0841e-001 +4.5416e-001 +1.9142e+000
318 +9.711197459e-001 +9.711197459e-001 +1.978111975e+001 +1.978111975e+001 -2.8846e-001 +1.7887e+000 -8.7984e-001 +5.2863e-001 +2.3256e+000
409 +8.419842599e-001 +8.419842599e-001 +1.965198426e+001 +1.965198426e+001 -4.1161e-001 +2.0736e+000 -1.1598e+000 +6.2731e-001 +1.0574e+000
411 +7.347308958e-001 +7.347308958e-001 +1.954473090e+001 +1.954473090e+001 +9.3396e-003 +2.1221e+000 -1.1595e+000 +5.0655e-001 +1.1896e+000
448 +7.168544364e-001 +7.168544364e-001 +1.952685444e+001 +1.952685444e+001 -4.1618e-001 +2.4044e+000 -1.1582e+000 +5.5588e-001 +1.1188e+000
469 +7.074110274e-001 +7.074110274e-001 +1.951741103e+001 +1.951741103e+001 -4.3750e-001 +1.8457e+000 -1.1360e+000 +5.8834e-001 +1.0717e+000
519 +6.668450045e-001 +6.668450045e-001 +1.947684500e+001 +1.947684500e+001 -4.0735e-001 +2.1883e+000 -1.0771e+000 +2.0548e-001 +1.2169e+000
532 +5.836280555e-001 +5.836280555e-001 +1.939362806e+001 +1.939362806e+001 -3.0904e-001 +2.1769e+000 -1.0643e+000 +3.7712e-001 +1.2900e+000
553 +4.735285056e-001 +4.735285056e-001 +1.928352851e+001 +1.928352851e+001 -3.8574e-001 +2.0451e+000 -1.1231e+000 +1.2762e-001 +1.2915e+000
632 +3.625677840e-001 +3.625677840e-001 +1.917256778e+001 +1.917256778e+001 -3.5826e-001 +2.0410e+000 -8.8454e-001 +3.5546e-001 +1.3680e+000
659 +2.689340941e-001 +2.689340941e-001 +1.907893409e+001 +1.907893409e+001 -3.9764e-001 +2.0586e+000 -9.5022e-001 +3.7965e-001 +1.1854e+000
712 +2.418138497e-001 +2.418138497e-001 +1.905181385e+001 +1.905181385e+001 -3.8832e-001 +2.1621e+000 -9.4698e-001 +4.1169e-001 +1.2063e+000
806 +2.305864057e-001 +2.305864057e-001 +1.904058641e+001 +1.904058641e+001 -3.1729e-001 +2.1974e+000 -8.9856e-001 +3.7198e-001 +1.2180e+000
816 +1.578691546e-001 +1.578691546e-001 +1.896786915e+001 +1.896786915e+001 -3.4034e-001 +2.2050e+000 -9.4522e-001 +3.8722e-001 +1.2333e+000
896 +1.501157373e-001 +1.501157373e-001 +1.896011574e+001 +1.896011574e+001 -3.6044e-001 +2.2000e+000 -9.7326e-001 +3.7524e-001 +1.2153e+000
929 +1.355627159e-001 +1.355627159e-001 +1.894556272e+001 +1.894556272e+001 -3.5382e-001 +2.2062e+000 -9.3609e-001 +4.0045e-001 +1.2392e+000
953 +1.344397744e-001 +1.344397744e-001 +1.894443977e+001 +1.894443977e+001 -3.5026e-001 +2.2124e+000 -9.4134e-001 +3.9963e-001 +1.2272e+000
976 +1.021166677e-001 +1.021166677e-001 +1.891211667e+001 +1.891211667e+001 -3.5049e-001 +2.1994e+000 -9.3302e-001 +4.0087e-001 +1.2416e+000
1022 +9.790407835e-002 +9.790407835e-002 +1.890790408e+001 +1.890790408e+001 -3.4647e-001 +2.1782e+000 -9.2684e-001 +3.8799e-001 +1.2341e+000
1036 +9.118755417e-002 +9.118755417e-002 +1.890118755e+001 +1.890118755e+001 -3.5130e-001 +2.1825e+000 -9.2800e-001 +3.8998e-001 +1.2345e+000
1143 +8.742871265e-002 +8.742871265e-002 +1.889742871e+001 +1.889742871e+001 -3.5166e-001 +2.1784e+000 -9.3112e-001 +3.9043e-001 +1.2379e+000
1203 +8.376794529e-002 +8.376794529e-002 +1.889376795e+001 +1.889376795e+001 -3.5118e-001 +2.1773e+000 -9.2880e-001 +3.9090e-001 +1.2344e+000
1286 +8.224481596e-002 +8.224481596e-002 +1.889224482e+001 +1.889224482e+001 -3.5136e-001 +2.1776e+000 -9.2840e-001 +3.8962e-001 +1.2381e+000
1358 +7.934302989e-002 +7.934302989e-002 +1.888934303e+001 +1.888934303e+001 -3.5091e-001 +2.1757e+000 -9.2846e-001 +3.8815e-001 +1.2413e+000
1401 +7.747500697e-002 +7.747500697e-002 +1.888747501e+001 +1.888747501e+001 -3.5147e-001 +2.1697e+000 -9.2987e-001 +3.8850e-001 +1.2401e+000
1413 +7.291296403e-002 +7.291296403e-002 +1.888291296e+001 +1.888291296e+001 -3.5148e-001 +2.1759e+000 -9.2911e-001 +3.8808e-001 +1.2386e+000
1497 +7.103483687e-002 +7.103483687e-002 +1.888103484e+001 +1.888103484e+001 -3.5130e-001 +2.1751e+000 -9.2941e-001 +3.8758e-001 +1.2408e+000
1549 +6.912716859e-002 +6.912716859e-002 +1.887912717e+001 +1.887912717e+001 -3.5136e-001 +2.1757e+000 -9.2903e-001 +3.8783e-001 +1.2415e+000
1627 +6.573868300e-002 +6.573868300e-002 +1.887573868e+001 +1.887573868e+001 -3.5138e-001 +2.1747e+000 -9.2899e-001 +3.8750e-001 +1.2417e+000
65410 +6.456470589e-002 +6.456470589e-002 +1.887456471e+001 +1.887456471e+001 -3.5194e-001 +2.1757e+000 -9.2929e-001 +3.8870e-001 +1.2403e+000
163922 +6.309522964e-002 +6.309522964e-002 +1.887309523e+001 +1.887309523e+001 -3.5259e-001 +2.1771e+000 -9.2969e-001 +3.9039e-001 +1.2386e+000
319923 +6.165912934e-002 +6.165912934e-002 +1.887165913e+001 +1.887165913e+001 -3.5339e-001 +2.1789e+000 -9.3019e-001 +3.9248e-001 +1.2365e+000
725898 +6.025591769e-002 +6.025591769e-002 +1.887025592e+001 +1.887025592e+001 -3.5468e-001 +2.1818e+000 -9.3098e-001 +3.9578e-001 +1.2332e+000
% function evaluation | noise-free fitness - Fopt (2.731500000000e+002) | best noise-free fitness - Fopt | measured fitness | best measured fitness | x1 | x2...
1 +2.176991062e+001 +2.176991062e+001 +2.949199106e+002 +2.949199106e+002 +2.1992e+000 +1.3763e+000 -5.1958e-002 -4.5217e+000 +7.7227e-001
14 +1.963114578e+001 +1.963114578e+001 +2.927811458e+002 +2.927811458e+002 +2.4045e+000 +1.8735e+000 +7.1434e-001 -3.7740e+000 -8.9449e-001
32 +1.414864313e+001 +1.414864313e+001 +2.872986431e+002 +2.872986431e+002 -3.6423e+000 +3.2829e+000 -1.2277e-001 -8.8844e-001 +4.5310e+000
55 +9.199912120e+000 +9.199912120e+000 +2.823499121e+002 +2.823499121e+002 +1.9267e+000 +1.9272e+000 -7.2138e-001 -1.3170e-001 +8.6576e-001
61 +8.934691342e+000 +8.934691342e+000 +2.820846913e+002 +2.820846913e+002 -1.2131e+000 +4.9738e+000 -3.4076e-001 +4.4795e-001 +7.2879e-001
94 +7.894431735e+000 +7.894431735e+000 +2.810444317e+002 +2.810444317e+002 +9.1706e-001 +4.2744e+000 -1.0389e+000 -6.2752e-001 -9.0009e-001
137 +3.531474373e+000 +3.531474373e+000 +2.766814744e+002 +2.766814744e+002 +1.2715e+000 +4.5093e+000 -1.2160e+000 +1.7064e+000 +1.3307e+000
159 +2.941583191e+000 +2.941583191e+000 +2.760915832e+002 +2.760915832e+002 -2.4066e+000 +3.6065e+000 -9.7866e-001 +4.3187e+000 +9.5946e-001
184 +2.334224340e+000 +2.334224340e+000 +2.754842243e+002 +2.754842243e+002 +1.1588e-001 +4.1564e+000 -4.7936e-001 +1.4684e+000 +1.3367e+000
213 +2.282278244e+000 +2.282278244e+000 +2.754322782e+002 +2.754322782e+002 -2.7814e+000 +3.0360e+000 -1.6003e-001 +2.9141e+000 +1.9814e+000
233 +1.979815113e+000 +1.979815113e+000 +2.751298151e+002 +2.751298151e+002 -2.4653e+000 +3.1482e+000 -6.0964e-001 +2.3671e+000 +2.8045e+000
251 +1.932891545e+000 +1.932891545e+000 +2.750828915e+002 +2.750828915e+002 -1.4313e+000 +3.5576e+000 +4.3682e-002 +2.0314e+000 +1.6993e+000
254 +1.490834596e+000 +1.490834596e+000 +2.746408346e+002 +2.746408346e+002 -1.2912e+000 +3.8814e+000 -8.6534e-001 +1.8874e+000 +1.3998e+000
268 +1.223551744e+000 +1.223551744e+000 +2.743735517e+002 +2.743735517e+002 -1.2896e+000 +3.9944e+000 -8.5251e-001 +1.9007e+000 +1.6108e+000
277 +9.032165703e-001 +9.032165703e-001 +2.740532166e+002 +2.740532166e+002 -1.2776e+000 +4.0533e+000 -6.4907e-001 +1.9635e+000 +1.5233e+000
435 +5.633011365e-001 +5.633011365e-001 +2.737133011e+002 +2.737133011e+002 -2.9574e+000 +3.9860e+000 -4.6676e-001 +2.3007e+000 +1.6408e+000
606 +5.307428354e-001 +5.307428354e-001 +2.736807428e+002 +2.736807428e+002 -3.0762e+000 +3.8722e+000 -7.3931e-001 +2.1624e+000 +1.9151e+000
652 +3.749043691e-001 +3.749043691e-001 +2.735249044e+002 +2.735249044e+002 -3.2817e+000 +3.8754e+000 -7.0144e-001 +2.3232e+000 +1.9285e+000
748 +3.639096106e-001 +3.639096106e-001 +2.735139096e+002 +2.735139096e+002 -3.0415e+000 +3.8643e+000 -7.9355e-001 +2.2933e+000 +1.8307e+000
1083 +2.301026246e-001 +2.301026246e-001 +2.733801026e+002 +2.733801026e+002 -3.5867e+000 +3.7103e+000 -5.2880e-001 +2.5164e+000 +1.8245e+000
1112 +2.225181062e-001 +2.225181062e-001 +2.733725181e+002 +2.733725181e+002 -3.7337e+000 +3.6979e+000 -4.5713e-001 +2.5357e+000 +1.8897e+000
1151 +1.903680023e-001 +1.903680023e-001 +2.733403680e+002 +2.733403680e+002 -3.6168e+000 +3.7173e+000 -4.9040e-001 +2.5572e+000 +1.8591e+000
1166 +1.618470086e-001 +1.618470086e-001 +2.733118470e+002 +2.733118470e+002 -3.5575e+000 +3.7019e+000 -4.6543e-001 +2.5587e+000 +1.8936e+000
1182 +1.139684008e-001 +1.139684008e-001 +2.732639684e+002 +2.732639684e+002 -3.5015e+000 +3.7119e+000 -4.5838e-001 +2.5388e+000 +1.9231e+000
1226 +6.850602709e-002 +6.850602709e-002 +2.732185060e+002 +2.732185060e+002 -3.6029e+000 +3.7055e+000 -4.7087e-001 +2.5593e+000 +1.8883e+000
1409 +6.401854875e-002 +6.401854875e-002 +2.732140185e+002 +2.732140185e+002 -3.6374e+000 +3.7058e+000 -4.8247e-001 +2.5695e+000 +1.8876e+000
1536 +5.508937180e-002 +5.508937180e-002 +2.732050894e+002 +2.732050894e+002 -3.6075e+000 +3.7026e+000 -4.7751e-001 +2.5652e+000 +1.8890e+000
1603 +4.970631969e-002 +4.970631969e-002 +2.731997063e+002 +2.731997063e+002 -3.5969e+000 +3.7059e+000 -4.7956e-001 +2.5678e+000 +1.8862e+000
1606 +4.820731773e-002 +4.820731773e-002 +2.731982073e+002 +2.731982073e+002 -3.5979e+000 +3.7047e+000 -4.8730e-001 +2.5665e+000 +1.8843e+000
1636 +4.379755632e-002 +4.379755632e-002 +2.731937976e+002 +2.731937976e+002 -3.6068e+000 +3.7043e+000 -4.8369e-001 +2.5732e+000 +1.8852e+000
1643 +4.330408289e-002 +4.330408289e-002 +2.731933041e+002 +2.731933041e+002 -3.5982e+000 +3.7056e+000 -4.7790e-001 +2.5730e+000 +1.8858e+000
1674 +4.235331327e-002 +4.235331327e-002 +2.731923533e+002 +2.731923533e+002 -3.6000e+000 +3.7051e+000 -4.8476e-001 +2.5684e+000 +1.8811e+000
1685 +3.720963623e-002 +3.720963623e-002 +2.731872096e+002 +2.731872096e+002 -3.5972e+000 +3.7071e+000 -4.8416e-001 +2.5706e+000 +1.8839e+000
1765 +3.471885622e-002 +3.471885622e-002 +2.731847189e+002 +2.731847189e+002 -3.6009e+000 +3.7059e+000 -4.8366e-001 +2.5710e+000 +1.8849e+000
1839 +3.132576521e-002 +3.132576521e-002 +2.731813258e+002 +2.731813258e+002 -3.5995e+000 +3.7067e+000 -4.8340e-001 +2.5716e+000 +1.8837e+000
1913 +3.019429069e-002 +3.019429069e-002 +2.731801943e+002 +2.731801943e+002 -3.5989e+000 +3.7066e+000 -4.8303e-001 +2.5706e+000 +1.8844e+000
1966 +2.665424840e-002 +2.665424840e-002 +2.731766542e+002 +2.731766542e+002 -3.5996e+000 +3.7065e+000 -4.8329e-001 +2.5712e+000 +1.8845e+000
2140 +2.628612105e-002 +2.628612105e-002 +2.731762861e+002 +2.731762861e+002 -3.5997e+000 +3.7064e+000 -4.8349e-001 +2.5709e+000 +1.8840e+000
2193 +2.551009157e-002 +2.551009157e-002 +2.731755101e+002 +2.731755101e+002 -3.5997e+000 +3.7065e+000 -4.8352e-001 +2.5710e+000 +1.8839e+000
2341 +2.503700602e-002 +2.503700602e-002 +2.731750370e+002 +2.731750370e+002 -3.5999e+000 +3.7064e+000 -4.8341e-001 +2.5710e+000 +1.8839e+000
2378 +2.404819091e-002 +2.404819091e-002 +2.731740482e+002 +2.731740482e+002 -3.5997e+000 +3.7064e+000 -4.8338e-001 +2.5711e+000 +1.8840e+000
2519 +2.395316936e-002 +2.395316936e-002 +2.731739532e+002 +2.731739532e+002 -3.5997e+000 +3.7065e+000 -4.8338e-001 +2.5710e+000 +1.8840e+000
2559 +2.334833329e-002 +2.334833329e-002 +2.731733483e+002 +2.731733483e+002 -3.5997e+000 +3.7064e+000 -4.8337e-001 +2.5710e+000 +1.8839e+000
% function evaluation | noise-free fitness - Fopt (3.718000000000e+001) | best noise-free fitness - Fopt | measured fitness | best measured fitness | x1 | x2...
1 +1.379656855e+003 +1.379656855e+003 +1.416836855e+003 +1.416836855e+003 -1.4012e+001 -5.4984e+000 -2.3748e+000 +3.6523e-002 +4.0685e+000
2 +4.311133462e+001 +4.311133462e+001 +8.029133462e+001 +8.029133462e+001 +1.8385e+000 -4.3073e+000 +6.3005e+000 +4.4254e+000 -4.1563e+000
13 +4.212928611e+001 +4.212928611e+001 +7.930928611e+001 +7.930928611e+001 +1.6054e+000 -8.5042e-001 -2.1402e+000 +4.9726e+000 -3.1978e+000
20 +2.684385313e+001 +2.684385313e+001 +6.402385313e+001 +6.402385313e+001 -2.8262e+000 -2.8414e+000 -4.1116e-001 +3.3316e+000 +6.5749e-001
31 +1.667622388e+001 +1.667622388e+001 +5.385622388e+001 +5.385622388e+001 -3.9472e-001 -2.1702e+000 +2.0359e+000 +2.5709e+000 -7.0138e-001
37 +1.523175092e+001 +1.523175092e+001 +5.241175092e+001 +5.241175092e+001 -1.3304e+000 -2.2994e+000 -1.9028e-001 +3.2064e+000 -1.8386e+000
49 +1.296109530e+001 +1.296109530e+001 +5.014109530e+001 +5.014109530e+001 +1.0959e+000 -3.8596e+000 +4.3352e+000 +3.5299e+000 -1.9551e+000
50 +1.068745052e+001 +1.068745052e+001 +4.786745052e+001 +4.786745052e+001 -2.3538e+000 -2.8459e+000 -1.9153e-001 +4.3419e+000 -2.7727e+000
53 +8.278869908e+000 +8.278869908e+000 +4.545886991e+001 +4.545886991e+001 +4.2828e-001 -2.6725e+000 +3.4243e+000 +1.8121e+000 -2.9019e+000
54 +6.949312644e+000 +6.949312644e+000 +4.412931264e+001 +4.412931264e+001 -1.6694e+000 -7.8911e-001 +4.9162e+000 +3.6526e+000 -2.9170e+000
101 +5.128345404e+000 +5.128345404e+000 +4.230834540e+001 +4.230834540e+001 -4.1742e+000 +1.0066e+000 +3.1102e+000 +2.6059e+000 -2.5010e+000
140 +3.671705936e+000 +3.671705936e+000 +4.085170594e+001 +4.085170594e+001 -3.4401e+000 +6.8589e-001 +3.6913e+000 +1.4663e+000 -2.3514e+000
154 +2.962159831e+000 +2.962159831e+000 +4.014215983e+001 +4.014215983e+001 -3.4120e+000 +1.6641e+000 +3.8833e+000 +1.5384e+000 -2.5897e+000
192 +2.306849911e+000 +2.306849911e+000 +3.948684991e+001 +3.948684991e+001 -2.4010e+000 +2.4455e+000 +3.8205e+000 +9.3062e-001 -3.2835e+000
216 +2.126492289e+000 +2.126492289e+000 +3.930649229e+001 +3.930649229e+001 -3.1215e+000 +2.7071e+000 +3.4884e+000 +1.1463e+000 -2.7242e+000
223 +1.852717543e+000 +1.852717543e+000 +3.903271754e+001 +3.903271754e+001 -3.0454e+000 +2.8022e+000 +3.5043e+000 +1.2933e+000 -3.0395e+000
245 +1.789239599e+000 +1.789239599e+000 +3.896923960e+001 +3.896923960e+001 -2.4791e+000 +2.1829e+000 +3.9198e+000 +1.3651e+000 -3.3360e+000
278 +8.427207640e-001 +8.427207640e-001 +3.802272076e+001 +3.802272076e+001 -3.0734e+000 +2.2779e+000 +3.6305e+000 +1.3196e+000 -3.1481e+000
468 +6.892633575e-001 +6.892633575e-001 +3.786926336e+001 +3.786926336e+001 -3.0546e+000 +1.6056e+000 +2.9144e+000 +1.3511e+000 -3.2265e+000
479 +4.966829985e-001 +4.966829985e-001 +3.767668300e+001 +3.767668300e+001 -3.1799e+000 +1.9713e+000 +3.1513e+000 +1.1983e+000 -3.1770e+000
522 +3.565773530e-001 +3.565773530e-001 +3.753657735e+001 +3.753657735e+001 -2.8583e+000 +1.9240e+000 +3.4059e+000 +1.1998e+000 -3.0088e+000
795 +3.444977550e-001 +3.444977550e-001 +3.752449776e+001 +3.752449776e+001 -2.9184e+000 +1.9488e+000 +3.4458e+000 +1.1846e+000 -3.0928e+000
903 +3.351873847e-001 +3.351873847e-001 +3.751518738e+001 +3.751518738e+001 -2.8859e+000 +1.9409e+000 +3.4786e+000 +1.1709e+000 -3.0626e+000
910 +3.048607804e-001 +3.048607804e-001 +3.748486078e+001 +3.748486078e+001 -2.9135e+000 +1.9549e+000 +3.4817e+000 +1.1459e+000 -3.0698e+000
942 +2.876718404e-001 +2.876718404e-001 +3.746767184e+001 +3.746767184e+001 -2.8799e+000 +1.9380e+000 +3.4763e+000 +1.1586e+000 -3.0535e+000
983 +2.745897499e-001 +2.745897499e-001 +3.745458975e+001 +3.745458975e+001 -2.8903e+000 +1.9442e+000 +3.4787e+000 +1.1489e+000 -3.0049e+000
1005 +2.571116548e-001 +2.571116548e-001 +3.743711165e+001 +3.743711165e+001 -2.8859e+000 +1.9367e+000 +3.4746e+000 +1.1584e+000 -3.0390e+000
1013 +2.412713827e-001 +2.412713827e-001 +3.742127138e+001 +3.742127138e+001 -2.8838e+000 +1.9384e+000 +3.4757e+000 +1.1629e+000 -3.0229e+000
1028 +2.162197572e-001 +2.162197572e-001 +3.739621976e+001 +3.739621976e+001 -2.8860e+000 +1.9394e+000 +3.4760e+000 +1.1609e+000 -3.0322e+000
1100 +1.951420769e-001 +1.951420769e-001 +3.737514208e+001 +3.737514208e+001 -2.8851e+000 +1.9259e+000 +3.4727e+000 +1.1547e+000 -3.0297e+000
1124 +1.926970083e-001 +1.926970083e-001 +3.737269701e+001 +3.737269701e+001 -2.8871e+000 +1.9281e+000 +3.4699e+000 +1.1591e+000 -3.0230e+000
1133 +1.788795343e-001 +1.788795343e-001 +3.735887953e+001 +3.735887953e+001 -2.8848e+000 +1.9284e+000 +3.4692e+000 +1.1570e+000 -3.0248e+000
1145 +1.757266377e-001 +1.757266377e-001 +3.735572664e+001 +3.735572664e+001 -2.8856e+000 +1.9293e+000 +3.4675e+000 +1.1591e+000 -3.0280e+000
1183 +1.714762072e-001 +1.714762072e-001 +3.735147621e+001 +3.735147621e+001 -2.8855e+000 +1.9295e+000 +3.4675e+000 +1.1581e+000 -3.0276e+000
1211 +1.695509868e-001 +1.695509868e-001 +3.734955099e+001 +3.734955099e+001 -2.8872e+000 +1.9263e+000 +3.4674e+000 +1.1582e+000 -3.0288e+000
1252 +1.614411065e-001 +1.614411065e-001 +3.734144111e+001 +3.734144111e+001 -2.8867e+000 +1.9282e+000 +3.4668e+000 +1.1592e+000 -3.0252e+000
1276 +1.542102562e-001 +1.542102562e-001 +3.733421026e+001 +3.733421026e+001 -2.8871e+000 +1.9280e+000 +3.4657e+000 +1.1601e+000 -3.0271e+000
1412 +1.501199570e-001 +1.501199570e-001 +3.733011996e+001 +3.733011996e+001 -2.8868e+000 +1.9286e+000 +3.4665e+000 +1.1599e+000 -3.0280e+000
1438 +1.466456597e-001 +1.466456597e-001 +3.732664566e+001 +3.732664566e+001 -2.8865e+000 +1.9282e+000 +3.4663e+000 +1.1598e+000 -3.0272e+000
1728 +1.432478698e-001 +1.432478698e-001 +3.732324787e+001 +3.732324787e+001 -2.8869e+000 +1.9280e+000 +3.4656e+000 +1.1601e+000 -3.0275e+000
2194 +1.408440698e-001 +1.408440698e-001 +3.732084407e+001 +3.732084407e+001 -2.8869e+000 +1.9280e+000 +3.4656e+000 +1.1601e+000 -3.0275e+000
% function evaluation | noise-free fitness - Fopt (-1.479000000000e+002) | best noise-free fitness - Fopt | measured fitness | best measured fitness | x1 | x2...
1 +1.415319631e+002 +1.415319631e+002 -6.368036859e+000 -6.368036859e+000 -2.9637e+000 -2.6766e-002 +8.1527e+000 +7.8677e-002 -2.3431e+000
2 +1.376561198e+001 +1.376561198e+001 -1.341343880e+002 -1.341343880e+002 -1.6600e+000 +5.4500e-001 +2.9671e+000 +8.5344e-001 +1.6983e-001
3 +1.266042897e+001 +1.266042897e+001 -1.352395710e+002 -1.352395710e+002 -3.0784e+000 +5.0343e+000 +3.4242e+000 +5.5102e-001 -3.0613e+000
4 +1.240513527e+001 +1.240513527e+001 -1.354948647e+002 -1.354948647e+002 -1.7269e+000 +9.2586e-001 +3.7218e+000 +1.6923e+000 -3.3818e+000
13 +2.858650190e+000 +2.858650190e+000 -1.450413498e+002 -1.450413498e+002 -1.9270e+000 +1.0565e+000 +1.0634e+000 -3.3722e+000 -2.4100e+000
81 +2.358343141e+000 +2.358343141e+000 -1.455416569e+002 -1.455416569e+002 -1.6466e+000 -6.5724e-001 +2.9431e+000 -1.8596e+000 -1.8466e+000
82 +1.800233621e+000 +1.800233621e+000 -1.460997664e+002 -1.460997664e+002 -2.7282e+000 +4.0586e-001 +1.0337e+000 -1.8756e+000 -1.9916e+000
127 +1.588298716e+000 +1.588298716e+000 -1.463117013e+002 -1.463117013e+002 -2.2983e+000 -5.6535e-002 +1.5917e+000 -2.2089e+000 -2.5626e+000
169 +1.399350517e+000 +1.399350517e+000 -1.465006495e+002 -1.465006495e+002 -2.2046e+000 -1.8015e-001 +1.1618e+000 -1.4344e+000 -2.2392e+000
229 +1.174004120e+000 +1.174004120e+000 -1.467259959e+002 -1.467259959e+002 -2.0204e+000 +1.1331e-001 +1.8775e+000 -1.7483e+000 -2.3642e+000
253 +1.107845809e+000 +1.107845809e+000 -1.467921542e+002 -1.467921542e+002 -1.6936e+000 -3.4089e-001 +2.3604e+000 -1.5168e+000 -2.2421e+000
297 +1.091477647e+000 +1.091477647e+000 -1.468085224e+002 -1.468085224e+002 -1.7521e+000 +2.5661e-001 +1.9419e+000 -1.6983e+000 -2.2795e+000
299 +9.811581616e-001 +9.811581616e-001 -1.469188418e+002 -1.469188418e+002 -1.6873e+000 +1.6224e-001 +1.9936e+000 -1.7448e+000 -2.2920e+000
302 +8.349876963e-001 +8.349876963e-001 -1.470650123e+002 -1.470650123e+002 -1.5896e+000 -1.0587e-001 +2.4352e+000 -1.8274e+000 -2.2332e+000
400 +8.274697399e-001 +8.274697399e-001 -1.470725303e+002 -1.470725303e+002 -1.5543e+000 -3.6366e-001 +2.1204e+000 -1.6266e+000 -2.3833e+000
435 +6.411897382e-001 +6.411897382e-001 -1.472588103e+002 -1.472588103e+002 -1.7639e+000 -2.0434e-001 +2.2935e+000 -1.7037e+000 -2.3544e+000
582 +4.957288799e-001 +4.957288799e-001 -1.474042711e+002 -1.474042711e+002 -1.7585e+000 -2.3222e-001 +2.1769e+000 -1.6277e+000 -2.3541e+000
716 +4.633257072e-001 +4.633257072e-001 -1.474366743e+002 -1.474366743e+002 -1.7194e+000 -2.3748e-001 +2.2282e+000 -1.6435e+000 -2.4054e+000
906 +4.231665981e-001 +4.231665981e-001 -1.474768334e+002 -1.474768334e+002 -1.6863e+000 -2.4886e-001 +2.2674e+000 -1.7052e+000 -2.4710e+000
975 +3.833045127e-001 +3.833045127e-001 -1.475166955e+002 -1.475166955e+002 -1.6798e+000 -2.5649e-001 +2.2860e+000 -1.6713e+000 -2.4411e+000
1469 +2.579085741e-001 +2.579085741e-001 -1.476420914e+002 -1.476420914e+002 -1.6794e+000 -3.7928e-001 +2.2502e+000 -1.6117e+000 -2.5951e+000
1728 +2.359928563e-001 +2.359928563e-001 -1.476640071e+002 -1.476640071e+002 -1.6792e+000 -3.6555e-001 +2.2538e+000 -1.6324e+000 -2.5448e+000
1822 +2.302441122e-001 +2.302441122e-001 -1.476697559e+002 -1.476697559e+002 -1.6834e+000 -3.6686e-001 +2.2571e+000 -1.6342e+000 -2.5502e+000
1873 +2.276206238e-001 +2.276206238e-001 -1.476723794e+002 -1.476723794e+002 -1.6783e+000 -3.6830e-001 +2.2685e+000 -1.6298e+000 -2.5477e+000
1888 +2.148046252e-001 +2.148046252e-001 -1.476851954e+002 -1.476851954e+002 -1.6821e+000 -3.6662e-001 +2.2696e+000 -1.6275e+000 -2.5469e+000
1969 +2.093027761e-001 +2.093027761e-001 -1.476906972e+002 -1.476906972e+002 -1.6785e+000 -3.6552e-001 +2.2675e+000 -1.6306e+000 -2.5464e+000
1982 +2.045651167e-001 +2.045651167e-001 -1.476954349e+002 -1.476954349e+002 -1.6795e+000 -3.6517e-001 +2.2658e+000 -1.6317e+000 -2.5460e+000
1985 +2.025789811e-001 +2.025789811e-001 -1.476974210e+002 -1.476974210e+002 -1.6798e+000 -3.6669e-001 +2.2698e+000 -1.6292e+000 -2.5466e+000
2023 +1.957532868e-001 +1.957532868e-001 -1.477042467e+002 -1.477042467e+002 -1.6817e+000 -3.6495e-001 +2.2647e+000 -1.6292e+000 -2.5461e+000
2116 +1.924914724e-001 +1.924914724e-001 -1.477075085e+002 -1.477075085e+002 -1.6815e+000 -3.6480e-001 +2.2650e+000 -1.6301e+000 -2.5476e+000
2463 +1.903603219e-001 +1.903603219e-001 -1.477096397e+002 -1.477096397e+002 -1.6813e+000 -3.6403e-001 +2.2655e+000 -1.6309e+000 -2.5460e+000
2540 +1.853852362e-001 +1.853852362e-001 -1.477146148e+002 -1.477146148e+002 -1.6815e+000 -3.6504e-001 +2.2660e+000 -1.6298e+000 -2.5461e+000
2688 +1.819624516e-001 +1.819624516e-001 -1.477180375e+002 -1.477180375e+002 -1.6814e+000 -3.6509e-001 +2.2661e+000 -1.6297e+000 -2.5462e+000
4850 +1.778119884e-001 +1.778119884e-001 -1.477221880e+002 -1.477221880e+002 -1.6813e+000 -3.6487e-001 +2.2657e+000 -1.6300e+000 -2.5463e+000
% function evaluation | noise-free fitness - Fopt (-6.080000000000e+000) | best noise-free fitness - Fopt | measured fitness | best measured fitness | x1 | x2...
1 +1.591899808e+002 +1.591899808e+002 +1.531099808e+002 +1.531099808e+002 -1.1120e+000 +1.5883e-001 +3.7675e+000 -7.2604e+000 +3.4727e+000
2 +6.692376791e+001 +6.692376791e+001 +6.084376791e+001 +6.084376791e+001 -1.9917e+000 -3.8528e-002 +3.0387e+000 -3.9241e+000 +4.4048e+000
6 +3.456477140e+001 +3.456477140e+001 +2.848477140e+001 +2.848477140e+001 -1.2334e+000 -5.5299e-001 +1.4817e+000 -3.8553e+000 -1.4053e+000
9 +2.341144130e+001 +2.341144130e+001 +1.733144130e+001 +1.733144130e+001 +4.4398e-001 +2.7803e+000 +2.2254e+000 -1.0599e+000 +4.8138e+000
16 +1.171386065e+001 +1.171386065e+001 +5.633860654e+000 +5.633860654e+000 +2.0713e+000 +3.9197e-001 +5.8268e-001 -3.0605e+000 +3.1185e+000
24 +1.075373114e+001 +1.075373114e+001 +4.673731139e+000 +4.673731139e+000 -2.1471e+000 +1.0519e+000 -2.7473e+000 +1.0327e+000 +1.7051e+000
35 +9.454643824e+000 +9.454643824e+000 +3.374643824e+000 +3.374643824e+000 +1.4560e+000 +1.4277e+000 -9.9700e-001 -2.1973e+000 +3.3602e+000
103 +5.428829444e+000 +5.428829444e+000 -6.511705560e-001 -6.511705560e-001 +1.6616e+000 +5.6128e-002 -2.4885e+000 -7.4012e-001 +2.7533e+000
279 +4.692737585e+000 +4.692737585e+000 -1.387262415e+000 -1.387262415e+000 +3.8666e+000 +7.0515e-001 -1.0211e+000 +1.9633e+000 +1.9504e+000
347 +4.667559674e+000 +4.667559674e+000 -1.412440326e+000 -1.412440326e+000 +3.7639e+000 +2.2719e+000 -1.4060e+000 -4.5687e-001 +1.9923e+000
351 +4.046485258e+000 +4.046485258e+000 -2.033514742e+000 -2.033514742e+000 +1.9144e+000 +6.4523e-001 -1.1489e+000 +2.3648e+000 +1.9404e+000
352 +3.524750867e+000 +3.524750867e+000 -2.555249133e+000 -2.555249133e+000 +8.1660e-001 +1.4091e+000 -1.5947e+000 -1.2047e+000 +1.2651e+000
356 +3.036383479e+000 +3.036383479e+000 -3.043616521e+000 -3.043616521e+000 +2.7968e+000 +1.7573e+000 -1.6165e+000 +9.2122e-001 +1.7000e+000
362 +2.698276102e+000 +2.698276102e+000 -3.381723898e+000 -3.381723898e+000 +1.4757e+000 +1.0444e+000 -1.8060e+000 -1.0381e+000 +1.9580e+000
397 +2.603017951e+000 +2.603017951e+000 -3.476982049e+000 -3.476982049e+000 +1.5557e+000 +1.1739e+000 -2.2075e+000 -1.3073e+000 +1.7849e+000
403 +2.398838248e+000 +2.398838248e+000 -3.681161752e+000 -3.681161752e+000 +2.6196e+000 +2.0363e+000 -1.9726e+000 -3.1138e-001 +1.8719e+000
433 +2.393886329e+000 +2.393886329e+000 -3.686113671e+000 -3.686113671e+000 +1.5036e+000 +2.3449e+000 -1.7962e+000 -2.2743e-001 +1.3108e+000
444 +1.653138957e+000 +1.653138957e+000 -4.426861043e+000 -4.426861043e+000 +1.9979e+000 +1.6626e+000 -1.7394e+000 +4.5037e-001 +1.5082e+000
477 +1.309477867e+000 +1.309477867e+000 -4.770522133e+000 -4.770522133e+000 +5.3808e-001 +1.3384e+000 -2.7198e+000 +3.7853e-001 +1.4192e+000
493 +1.035017411e+000 +1.035017411e+000 -5.044982589e+000 -5.044982589e+000 +1.7271e+000 +1.5793e+000 -2.0255e+000 +4.8463e-002 +1.2170e+000
561 +8.743480997e-001 +8.743480997e-001 -5.205651900e+000 -5.205651900e+000 +1.3872e+000 +1.7072e+000 -2.9696e+000 +1.4250e-001 +1.2781e+000
590 +7.486091847e-001 +7.486091847e-001 -5.331390815e+000 -5.331390815e+000 +1.4719e+000 +1.7030e+000 -2.5173e+000 +1.2751e-001 +1.0182e+000
629 +6.387074349e-001 +6.387074349e-001 -5.441292565e+000 -5.441292565e+000 +1.2259e+000 +2.0747e+000 -2.5270e+000 -9.7551e-002 +9.6830e-001
669 +6.049130930e-001 +6.049130930e-001 -5.475086907e+000 -5.475086907e+000 +9.7387e-001 +2.0389e+000 -2.9356e+000 -2.8804e-001 +1.1400e+000
682 +5.625200526e-001 +5.625200526e-001 -5.517479947e+000 -5.517479947e+000 +1.2164e+000 +2.0149e+000 -2.7043e+000 -3.0439e-001 +1.1711e+000
692 +4.264547849e-001 +4.264547849e-001 -5.653545215e+000 -5.653545215e+000 +1.1557e+000 +1.8859e+000 -2.6415e+000 -4.4834e-001 +1.0931e+000
772 +2.929791746e-001 +2.929791746e-001 -5.787020825e+000 -5.787020825e+000 +1.1668e+000 +1.9159e+000 -2.7060e+000 -3.0607e-001 +1.0887e+000
883 +2.732817315e-001 +2.732817315e-001 -5.806718269e+000 -5.806718269e+000 +1.1413e+000 +1.9207e+000 -2.7124e+000 -3.1960e-001 +1.0991e+000
894 +2.631766310e-001 +2.631766310e-001 -5.816823369e+000 -5.816823369e+000 +1.1442e+000 +1.9102e+000 -2.7378e+000 -3.6814e-001 +1.1027e+000
898 +2.359818220e-001 +2.359818220e-001 -5.844018178e+000 -5.844018178e+000 +1.1377e+000 +1.9242e+000 -2.6787e+000 -3.1704e-001 +1.1177e+000
920 +1.964683897e-001 +1.964683897e-001 -5.883531610e+000 -5.883531610e+000 +1.1514e+000 +1.8578e+000 -2.7591e+000 -3.4582e-001 +1.1017e+000
945 +1.948428635e-001 +1.948428635e-001 -5.885157136e+000 -5.885157136e+000 +1.1621e+000 +1.9025e+000 -2.7261e+000 -3.3168e-001 +1.1012e+000
979 +1.678084743e-001 +1.678084743e-001 -5.912191526e+000 -5.912191526e+000 +1.1425e+000 +1.8994e+000 -2.7256e+000 -3.5811e-001 +1.1119e+000
1007 +1.547446100e-001 +1.547446100e-001 -5.925255390e+000 -5.925255390e+000 +1.1435e+000 +1.8841e+000 -2.6998e+000 -3.3387e-001 +1.1032e+000
1036 +1.273573936e-001 +1.273573936e-001 -5.952642606e+000 -5.952642606e+000 +1.1700e+000 +1.8944e+000 -2.7018e+000 -3.2597e-001 +1.0776e+000
1051 +1.080725653e-001 +1.080725653e-001 -5.971927435e+000 -5.971927435e+000 +1.1451e+000 +1.8966e+000 -2.7152e+000 -3.3265e-001 +1.0929e+000
1208 +9.201941033e-002 +9.201941033e-002 -5.987980590e+000 -5.987980590e+000 +1.1522e+000 +1.9010e+000 -2.7287e+000 -3.3326e-001 +1.0722e+000
1220 +9.057785473e-002 +9.057785473e-002 -5.989422145e+000 -5.989422145e+000 +1.1563e+000 +1.8952e+000 -2.7217e+000 -3.3175e-001 +1.0816e+000
1274 +7.803645869e-002 +7.803645869e-002 -6.001963541e+000 -6.001963541e+000 +1.1516e+000 +1.8987e+000 -2.7252e+000 -3.3542e-001 +1.0795e+000
1805 +7.192451021e-002 +7.192451021e-002 -6.008075490e+000 -6.008075490e+000 +1.1480e+000 +1.8975e+000 -2.7325e+000 -3.3372e-001 +1.0787e+000
1925 +7.011551909e-002 +7.011551909e-002 -6.009884481e+000 -6.009884481e+000 +1.1447e+000 +1.8993e+000 -2.7375e+000 -3.3431e-001 +1.0791e+000
1958 +6.717814595e-002 +6.717814595e-002 -6.012821854e+000 -6.012821854e+000 +1.1436e+000 +1.9009e+000 -2.7374e+000 -3.3460e-001 +1.0791e+000
1974 +6.401594201e-002 +6.401594201e-002 -6.015984058e+000 -6.015984058e+000 +1.1438e+000 +1.9002e+000 -2.7397e+000 -3.3226e-001 +1.0784e+000
2021 +6.222979625e-002 +6.222979625e-002 -6.017770204e+000 -6.017770204e+000 +1.1464e+000 +1.8997e+000 -2.7355e+000 -3.3226e-001 +1.0782e+000
2106 +6.052576038e-002 +6.052576038e-002 -6.019474240e+000 -6.019474240e+000 +1.1448e+000 +1.8998e+000 -2.7385e+000 -3.3317e-001 +1.0780e+000
2108 +5.982418676e-002 +5.982418676e-002 -6.020175813e+000 -6.020175813e+000 +1.1444e+000 +1.8996e+000 -2.7383e+000 -3.3311e-001 +1.0778e+000
2185 +5.727284410e-002 +5.727284410e-002 -6.022727156e+000 -6.022727156e+000 +1.1449e+000 +1.8994e+000 -2.7394e+000 -3.3243e-001 +1.0773e+000
2241 +5.419910627e-002 +5.419910627e-002 -6.025800894e+000 -6.025800894e+000 +1.1458e+000 +1.8993e+000 -2.7380e+000 -3.3234e-001 +1.0775e+000
2289 +5.350618718e-002 +5.350618718e-002 -6.026493813e+000 -6.026493813e+000 +1.1455e+000 +1.8993e+000 -2.7382e+000 -3.3258e-001 +1.0776e+000
2531 +5.246082801e-002 +5.246082801e-002 -6.027539172e+000 -6.027539172e+000 +1.1458e+000 +1.8993e+000 -2.7380e+000 -3.3239e-001 +1.0774e+000
2630 +5.098928350e-002 +5.098928350e-002 -6.029010717e+000 -6.029010717e+000 +1.1458e+000 +1.8993e+000 -2.7379e+000 -3.3240e-001 +1.0775e+000
% function evaluation | noise-free fitness - Fopt (2.431100000000e+002) | best noise-free fitness - Fopt | measured fitness | best measured fitness | x1 | x2...
1 +2.380720953e+002 +2.380720953e+002 +4.811820953e+002 +4.811820953e+002 +7.5263e+000 -8.9936e+000 +3.9513e+000 +2.3150e+000 +4.0154e+000
3 +6.071501887e+001 +6.071501887e+001 +3.038250189e+002 +3.038250189e+002 +3.9043e+000 -4.3392e+000 +2.4159e+000 -6.8759e+000 +3.9985e+000
7 +2.667483882e+001 +2.667483882e+001 +2.697848388e+002 +2.697848388e+002 +3.7157e+000 -2.0363e+000 +5.0032e+000 +3.3090e-001 +2.1089e+000
12 +2.541058456e+001 +2.541058456e+001 +2.685205846e+002 +2.685205846e+002 +1.4971e+000 -2.7134e+000 +5.2141e+000 -2.1978e+000 +2.8737e+000
26 +1.376612039e+001 +1.376612039e+001 +2.568761204e+002 +2.568761204e+002 +6.5900e-001 -1.0514e+000 +1.6399e+000 -1.5728e+000 +2.4090e+000
30 +8.611772263e+000 +8.611772263e+000 +2.517217723e+002 +2.517217723e+002 +1.6337e+000 -9.4001e-001 +2.9963e+000 -2.2739e+000 +1.0888e+000
81 +6.240451674e+000 +6.240451674e+000 +2.493504517e+002 +2.493504517e+002 +1.5151e+000 -1.5409e+000 +2.9593e+000 -1.3098e+000 +1.4365e+000
122 +3.385972562e+000 +3.385972562e+000 +2.464959726e+002 +2.464959726e+002 -2.0562e+000 -1.4246e+000 +5.6495e-001 -1.3895e+000 +4.6528e-001
184 +1.740240179e+000 +1.740240179e+000 +2.448502402e+002 +2.448502402e+002 +3.8750e-001 -1.9398e+000 +1.8013e+000 -5.5507e-001 +1.2208e+000
376 +1.622286135e+000 +1.622286135e+000 +2.447322861e+002 +2.447322861e+002 -3.7956e-001 -2.1539e+000 +3.6471e-001 -1.1915e+000 -3.1331e-001
522 +1.395765849e+000 +1.395765849e+000 +2.445057658e+002 +2.445057658e+002 -6.6017e-001 -2.1199e+000 +7.6328e-001 -8.7400e-001 -4.2604e-001
603 +1.055886056e+000 +1.055886056e+000 +2.441658861e+002 +2.441658861e+002 -1.3156e+000 -1.8165e+000 +6.3101e-001 -6.9183e-001 -4.5806e-001
622 +9.496025353e-001 +9.496025353e-001 +2.440596025e+002 +2.440596025e+002 -1.1376e+000 -1.9947e+000 +5.9497e-001 -8.5384e-001 -5.3347e-001
635 +9.041353303e-001 +9.041353303e-001 +2.440141353e+002 +2.440141353e+002 -1.1905e+000 -2.0886e+000 +7.2871e-001 -8.4899e-001 -7.6663e-001
887 +7.606505627e-001 +7.606505627e-001 +2.438706506e+002 +2.438706506e+002 -2.4162e+000 -1.5691e+000 +3.6916e-001 -8.6633e-001 -1.0581e+000
951 +4.887955666e-001 +4.887955666e-001 +2.435987956e+002 +2.435987956e+002 -1.7831e+000 -1.7468e+000 +3.8010e-001 -9.2431e-001 -9.3516e-001
1137 +4.621924763e-001 +4.621924763e-001 +2.435721925e+002 +2.435721925e+002 -2.2207e+000 -1.6992e+000 +2.0374e-001 -9.3099e-001 -1.0929e+000
1157 +4.349156729e-001 +4.349156729e-001 +2.435449157e+002 +2.435449157e+002 -2.2262e+000 -1.6826e+000 +1.9789e-001 -9.2020e-001 -1.0841e+000
1164 +4.199609933e-001 +4.199609933e-001 +2.435299610e+002 +2.435299610e+002 -2.2902e+000 -1.6531e+000 +2.4533e-001 -9.2433e-001 -1.0972e+000
1171 +3.990788459e-001 +3.990788459e-001 +2.435090788e+002 +2.435090788e+002 -2.2704e+000 -1.6824e+000 +2.4359e-001 -9.2261e-001 -1.0926e+000
1182 +3.290197441e-001 +3.290197441e-001 +2.434390197e+002 +2.434390197e+002 -2.2205e+000 -1.6695e+000 +2.1632e-001 -9.4068e-001 -1.0910e+000
1462 +3.134160026e-001 +3.134160026e-001 +2.434234160e+002 +2.434234160e+002 -2.2495e+000 -1.6589e+000 +2.1051e-001 -9.4708e-001 -1.0962e+000
1627 +2.980243337e-001 +2.980243337e-001 +2.434080243e+002 +2.434080243e+002 -2.2420e+000 -1.6628e+000 +2.0933e-001 -9.4905e-001 -1.0977e+000
1743 +2.893058430e-001 +2.893058430e-001 +2.433993058e+002 +2.433993058e+002 -2.2454e+000 -1.6626e+000 +2.0779e-001 -9.4888e-001 -1.0998e+000
1784 +2.729229405e-001 +2.729229405e-001 +2.433829229e+002 +2.433829229e+002 -2.2454e+000 -1.6667e+000 +2.0596e-001 -9.5171e-001 -1.1006e+000
1926 +2.617977326e-001 +2.617977326e-001 +2.433717977e+002 +2.433717977e+002 -2.2457e+000 -1.6670e+000 +2.0352e-001 -9.5172e-001 -1.1028e+000
2155 +2.565009961e-001 +2.565009961e-001 +2.433665010e+002 +2.433665010e+002 -2.2453e+000 -1.6677e+000 +2.0563e-001 -9.5095e-001 -1.1034e+000
2385 +2.500060840e-001 +2.500060840e-001 +2.433600061e+002 +2.433600061e+002 -2.2448e+000 -1.6676e+000 +2.0592e-001 -9.5059e-001 -1.1028e+000
2512 +2.450938230e-001 +2.450938230e-001 +2.433550938e+002 +2.433550938e+002 -2.2451e+000 -1.6675e+000 +2.0587e-001 -9.5072e-001 -1.1027e+000
% function evaluation | noise-free fitness - Fopt (-1.436200000000e+002) | best noise-free fitness - Fopt | measured fitness | best measured fitness | x1 | x2...
1 +2.000322257e+001 +2.000322257e+001 -1.236167774e+002 -1.236167774e+002 +3.6470e-001 -1.5216e+000 -4.4130e+000 +2.7486e+000 -5.1833e-001
16 +1.643797746e+001 +1.643797746e+001 -1.271820225e+002 -1.271820225e+002 -2.7936e+000 -3.3698e+000 -2.4743e+000 +2.5023e-001 +3.3116e+000
18 +1.122371456e+001 +1.122371456e+001 -1.323962854e+002 -1.323962854e+002 -1.3446e+000 +3.7668e+000 -2.4104e+000 +4.5111e+000 -3.0741e-001
67 +9.664637856e+000 +9.664637856e+000 -1.339553621e+002 -1.339553621e+002 -9.7314e-003 -4.7305e-001 -3.7491e+000 +1.2534e+000 +2.0590e+000
73 +9.272920382e+000 +9.272920382e+000 -1.343470796e+002 -1.343470796e+002 +8.2303e-001 -2.6784e-001 -2.7621e+000 +7.6350e-001 +1.9051e+000
88 +8.343740832e+000 +8.343740832e+000 -1.352762592e+002 -1.352762592e+002 +5.1203e-001 +2.7286e+000 -3.3320e+000 +2.9451e-001 +1.3212e+000
90 +3.970707126e+000 +3.970707126e+000 -1.396492929e+002 -1.396492929e+002 -2.9377e-001 +2.8289e+000 -3.1125e+000 -8.2585e-001 -2.0134e-002
334 +3.842485824e+000 +3.842485824e+000 -1.397775142e+002 -1.397775142e+002 -1.2507e+000 +2.8778e+000 -3.0059e+000 +1.1470e-001 +2.2511e+000
364 +3.231947598e+000 +3.231947598e+000 -1.403880524e+002 -1.403880524e+002 -1.1359e+000 +3.1659e+000 -2.7432e+000 +1.5463e-001 +2.6740e+000
421 +3.036154067e+000 +3.036154067e+000 -1.405838459e+002 -1.405838459e+002 -1.2825e+000 +3.0623e+000 -2.5884e+000 +2.9092e-001 +3.1886e+000
543 +2.912219647e+000 +2.912219647e+000 -1.407077804e+002 -1.407077804e+002 -1.1756e+000 +3.2760e+000 -2.5465e+000 +6.1471e-001 +2.9769e+000
553 +2.674896001e+000 +2.674896001e+000 -1.409451040e+002 -1.409451040e+002 -1.3699e+000 +3.0541e+000 -2.5720e+000 +2.6239e-001 +3.0823e+000
563 +2.449926788e+000 +2.449926788e+000 -1.411700732e+002 -1.411700732e+002 -1.1286e+000 +2.9921e+000 -2.4910e+000 +6.5008e-001 +2.9287e+000
578 +2.328430017e+000 +2.328430017e+000 -1.412915700e+002 -1.412915700e+002 -1.2054e+000 +3.0268e+000 -2.4303e+000 +3.9955e-001 +3.2623e+000
579 +2.267233946e+000 +2.267233946e+000 -1.413527661e+002 -1.413527661e+002 -1.2282e+000 +3.0642e+000 -2.5185e+000 +4.7726e-001 +3.1211e+000
589 +2.228784069e+000 +2.228784069e+000 -1.413912159e+002 -1.413912159e+002 -1.1880e+000 +3.0591e+000 -2.4734e+000 +6.3746e-001 +3.1115e+000
609 +2.133568302e+000 +2.133568302e+000 -1.414864317e+002 -1.414864317e+002 -1.2536e+000 +3.0211e+000 -2.4949e+000 +4.7768e-001 +3.0766e+000
637 +1.824862422e+000 +1.824862422e+000 -1.417951376e+002 -1.417951376e+002 -1.2366e+000 +3.0507e+000 -2.5129e+000 +4.4980e-001 +3.1665e+000
670 +1.796669954e+000 +1.796669954e+000 -1.418233300e+002 -1.418233300e+002 -1.2851e+000 +3.0398e+000 -2.4944e+000 +4.2682e-001 +3.2020e+000
689 +1.685530451e+000 +1.685530451e+000 -1.419344695e+002 -1.419344695e+002 -1.3171e+000 +3.0657e+000 -2.5151e+000 +4.4862e-001 +3.1068e+000
703 +1.603108320e+000 +1.603108320e+000 -1.420168917e+002 -1.420168917e+002 -1.2868e+000 +3.0545e+000 -2.5055e+000 +4.4030e-001 +3.1529e+000
763 +1.527826735e+000 +1.527826735e+000 -1.420921733e+002 -1.420921733e+002 -1.3294e+000 +3.0635e+000 -2.4817e+000 +4.4283e-001 +3.1319e+000
937 +1.467494805e+000 +1.467494805e+000 -1.421525052e+002 -1.421525052e+002 -1.3303e+000 +3.0656e+000 -2.4956e+000 +4.5535e-001 +3.1538e+000
1076 +1.438915388e+000 +1.438915388e+000 -1.421810846e+002 -1.421810846e+002 -1.3309e+000 +3.0655e+000 -2.4846e+000 +4.4858e-001 +3.1449e+000
1231 +1.407760414e+000 +1.407760414e+000 -1.422122396e+002 -1.422122396e+002 -1.3235e+000 +3.0658e+000 -2.4943e+000 +4.4120e-001 +3.1466e+000
1536 +1.370719666e+000 +1.370719666e+000 -1.422492803e+002 -1.422492803e+002 -1.3247e+000 +3.0658e+000 -2.4948e+000 +4.4399e-001 +3.1475e+000
% function evaluation | noise-free fitness - Fopt (4.290000000000e+001) | best noise-free fitness - Fopt | measured fitness | best measured fitness | x1 | x2...
1 +6.864747078e+000 +6.864747078e+000 +4.976474708e+001 +4.976474708e+001 +1.1138e+000 -3.0525e+000 -2.3603e+000 +4.8215e-001 +8.9415e-001
37 +5.691796281e+000 +5.691796281e+000 +4.859179628e+001 +4.859179628e+001 -9.1814e-001 -1.5957e+000 +4.1073e+000 -1.4476e+000 +8.9572e-001
49 +5.404298662e+000 +5.404298662e+000 +4.830429866e+001 +4.830429866e+001 -2.7955e+000 -6.8424e-001 +1.1958e+000 +8.3803e-001 +2.0031e+000
107 +4.384977326e+000 +4.384977326e+000 +4.728497733e+001 +4.728497733e+001 +1.1107e+000 +7.6519e-002 +3.4928e+000 +3.1733e-001 +8.5539e-001
112 +3.965254122e+000 +3.965254122e+000 +4.686525412e+001 +4.686525412e+001 +7.3893e-001 +1.8112e-001 +3.1508e+000 -1.4190e+000 +2.0720e+000
138 +3.721193788e+000 +3.721193788e+000 +4.662119379e+001 +4.662119379e+001 +1.8828e-001 -2.9602e-001 +1.6017e+000 -1.5972e+000 +1.5361e+000
243 +2.504567041e+000 +2.504567041e+000 +4.540456704e+001 +4.540456704e+001 +7.3284e-001 -6.8023e-001 +1.5606e+000 -5.2543e-001 +1.6341e+000
364 +1.600630232e+000 +1.600630232e+000 +4.450063023e+001 +4.450063023e+001 -4.8822e-001 -6.7321e-001 +2.7693e+000 -2.4261e-001 +1.7821e-001
381 +1.580588592e+000 +1.580588592e+000 +4.448058859e+001 +4.448058859e+001 +6.7902e-001 -9.6378e-001 +2.6602e+000 +3.5818e-001 +2.3434e-001
403 +1.273065037e+000 +1.273065037e+000 +4.417306504e+001 +4.417306504e+001 +6.3676e-001 -6.2102e-001 +2.6591e+000 +1.4979e-001 +5.7209e-001
464 +1.231951442e+000 +1.231951442e+000 +4.413195144e+001 +4.413195144e+001 +1.3732e-001 +1.1880e-001 +2.7130e+000 -4.9998e-001 +1.5494e-001
468 +1.159810712e+000 +1.159810712e+000 +4.405981071e+001 +4.405981071e+001 +2.0134e-001 -1.9581e-001 +3.1263e+000 -1.5676e-001 +3.4412e-001
488 +7.837758783e-001 +7.837758783e-001 +4.368377588e+001 +4.368377588e+001 +3.9709e-001 -3.4554e-001 +2.8575e+000 -5.3722e-001 -4.5070e-002
567 +7.435138855e-001 +7.435138855e-001 +4.364351389e+001 +4.364351389e+001 +2.1923e-001 -4.2566e-002 +2.7873e+000 -5.2606e-001 +9.1123e-002
621 +6.846640320e-001 +6.846640320e-001 +4.358466403e+001 +4.358466403e+001 +3.7242e-001 -2.5560e-001 +2.4632e+000 -7.8778e-001 +1.0536e-001
656 +5.949833881e-001 +5.949833881e-001 +4.349498339e+001 +4.349498339e+001 +3.6839e-001 -2.0386e-001 +2.9299e+000 -8.2501e-001 +1.2722e-001
711 +4.099539924e-001 +4.099539924e-001 +4.330995399e+001 +4.330995399e+001 +3.3380e-001 -4.6762e-001 +2.6995e+000 -5.9581e-001 +1.1122e-001
860 +2.996921602e-001 +2.996921602e-001 +4.319969216e+001 +4.319969216e+001 +4.8558e-001 -2.0964e-001 +2.8135e+000 -5.8900e-001 +2.7242e-001
883 +2.335972958e-001 +2.335972958e-001 +4.313359730e+001 +4.313359730e+001 +4.8507e-001 -2.5399e-001 +2.7743e+000 -6.1475e-001 +2.8308e-001
1134 +1.975749433e-001 +1.975749433e-001 +4.309757494e+001 +4.309757494e+001 +3.9469e-001 -3.0463e-001 +2.7936e+000 -6.0149e-001 +2.8421e-001
1156 +1.709202670e-001 +1.709202670e-001 +4.307092027e+001 +4.307092027e+001 +4.3925e-001 -2.9044e-001 +2.7858e+000 -6.3046e-001 +2.9670e-001
1158 +1.669099527e-001 +1.669099527e-001 +4.306690995e+001 +4.306690995e+001 +4.0989e-001 -2.9784e-001 +2.7878e+000 -5.9377e-001 +2.7791e-001
1206 +1.581774038e-001 +1.581774038e-001 +4.305817740e+001 +4.305817740e+001 +4.1421e-001 -2.7604e-001 +2.7791e+000 -6.1852e-001 +2.8181e-001
1228 +1.496117022e-001 +1.496117022e-001 +4.304961170e+001 +4.304961170e+001 +4.3257e-001 -2.6550e-001 +2.7794e+000 -6.1887e-001 +2.6748e-001
1231 +1.456081906e-001 +1.456081906e-001 +4.304560819e+001 +4.304560819e+001 +4.0934e-001 -2.5769e-001 +2.7540e+000 -6.2215e-001 +2.7638e-001
1242 +1.439468821e-001 +1.439468821e-001 +4.304394688e+001 +4.304394688e+001 +4.2137e-001 -2.7542e-001 +2.7714e+000 -6.1207e-001 +2.6726e-001
1260 +1.237460095e-001 +1.237460095e-001 +4.302374601e+001 +4.302374601e+001 +4.1673e-001 -2.6287e-001 +2.7696e+000 -6.1961e-001 +2.8653e-001
1262 +1.150361356e-001 +1.150361356e-001 +4.301503614e+001 +4.301503614e+001 +4.1836e-001 -2.6556e-001 +2.7628e+000 -6.1683e-001 +2.7777e-001
1291 +1.122154147e-001 +1.122154147e-001 +4.301221541e+001 +4.301221541e+001 +4.1919e-001 -2.5024e-001 +2.7686e+000 -6.0268e-001 +3.0261e-001
1333 +9.264084247e-002 +9.264084247e-002 +4.299264084e+001 +4.299264084e+001 +4.2562e-001 -2.5710e-001 +2.7695e+000 -6.1062e-001 +2.8080e-001
1338 +9.043749534e-002 +9.043749534e-002 +4.299043750e+001 +4.299043750e+001 +4.1768e-001 -2.4885e-001 +2.7646e+000 -6.1779e-001 +2.9965e-001
1385 +8.315067059e-002 +8.315067059e-002 +4.298315067e+001 +4.298315067e+001 +4.1908e-001 -2.5096e-001 +2.7695e+000 -6.1382e-001 +2.9171e-001
1591 +7.871676265e-002 +7.871676265e-002 +4.297871676e+001 +4.297871676e+001 +4.2257e-001 -2.5668e-001 +2.7708e+000 -6.0618e-001 +2.8608e-001
1598 +7.728307490e-002 +7.728307490e-002 +4.297728307e+001 +4.297728307e+001 +4.2215e-001 -2.5725e-001 +2.7685e+000 -6.1100e-001 +2.8838e-001
1617 +7.285682831e-002 +7.285682831e-002 +4.297285683e+001 +4.297285683e+001 +4.2357e-001 -2.6068e-001 +2.7692e+000 -6.0558e-001 +2.9104e-001
1628 +6.977886452e-002 +6.977886452e-002 +4.296977886e+001 +4.296977886e+001 +4.2194e-001 -2.5637e-001 +2.7705e+000 -6.0857e-001 +2.8832e-001
1633 +6.824759655e-002 +6.824759655e-002 +4.296824760e+001 +4.296824760e+001 +4.2218e-001 -2.5781e-001 +2.7705e+000 -6.0946e-001 +2.8734e-001
1710 +6.745613807e-002 +6.745613807e-002 +4.296745614e+001 +4.296745614e+001 +4.2164e-001 -2.5601e-001 +2.7718e+000 -6.0932e-001 +2.9028e-001
1727 +6.095272070e-002 +6.095272070e-002 +4.296095272e+001 +4.296095272e+001 +4.2170e-001 -2.5666e-001 +2.7714e+000 -6.0866e-001 +2.9047e-001
1778 +5.930471815e-002 +5.930471815e-002 +4.295930472e+001 +4.295930472e+001 +4.2165e-001 -2.5510e-001 +2.7720e+000 -6.0800e-001 +2.9184e-001
1842 +5.856785718e-002 +5.856785718e-002 +4.295856786e+001 +4.295856786e+001 +4.2159e-001 -2.5593e-001 +2.7722e+000 -6.0799e-001 +2.9101e-001
1870 +5.502695673e-002 +5.502695673e-002 +4.295502696e+001 +4.295502696e+001 +4.2175e-001 -2.5602e-001 +2.7721e+000 -6.0775e-001 +2.9179e-001
1908 +5.397168503e-002 +5.397168503e-002 +4.295397169e+001 +4.295397169e+001 +4.2166e-001 -2.5550e-001 +2.7717e+000 -6.0836e-001 +2.9164e-001
1919 +5.222532846e-002 +5.222532846e-002 +4.295222533e+001 +4.295222533e+001 +4.2183e-001 -2.5598e-001 +2.7719e+000 -6.0829e-001 +2.9130e-001
1974 +5.028733416e-002 +5.028733416e-002 +4.295028733e+001 +4.295028733e+001 +4.2172e-001 -2.5575e-001 +2.7718e+000 -6.0832e-001 +2.9151e-001
2018 +4.954729347e-002 +4.954729347e-002 +4.294954729e+001 +4.294954729e+001 +4.2170e-001 -2.5576e-001 +2.7718e+000 -6.0833e-001 +2.9148e-001
2382 +4.882231830e-002 +4.882231830e-002 +4.294882232e+001 +4.294882232e+001 +4.2169e-001 -2.5570e-001 +2.7718e+000 -6.0833e-001 +2.9154e-001
2666 +4.762736038e-002 +4.762736038e-002 +4.294762736e+001 +4.294762736e+001 +4.2170e-001 -2.5572e-001 +2.7718e+000 -6.0833e-001 +2.9153e-001
% function evaluation | noise-free fitness - Fopt (6.286500000000e+002) | best noise-free fitness - Fopt | measured fitness | best measured fitness | x1 | x2...
1 +3.263351391e+001 +3.263351391e+001 +6.612835139e+002 +6.612835139e+002 -1.0287e-001 +6.7109e-001 +4.3364e+000 +3.5827e+000 -3.0221e+000
2 +1.959170202e+001 +1.959170202e+001 +6.482417020e+002 +6.482417020e+002 -5.5764e-001 -4.2171e+000 +5.8187e-002 -2.8932e+000 +9.6098e-001
11 +1.920104394e+001 +1.920104394e+001 +6.478510439e+002 +6.478510439e+002 +9.7747e-001 -4.0107e+000 +1.4839e+000 -9.9966e-001 +9.0779e-001
33 +1.414134287e+001 +1.414134287e+001 +6.427913429e+002 +6.427913429e+002 -4.9171e-001 -3.6618e+000 -7.7598e-001 -1.2980e+000 +4.2530e+000
61 +8.907817730e+000 +8.907817730e+000 +6.375578177e+002 +6.375578177e+002 +1.1119e-001 -1.5132e+000 +9.4690e-002 -2.7459e-001 +1.3626e+000
118 +5.283929376e+000 +5.283929376e+000 +6.339339294e+002 +6.339339294e+002 -1.7311e+000 -1.1334e+000 -3.1754e+000 -1.5858e+000 +1.2187e+000
153 +4.941207454e+000 +4.941207454e+000 +6.335912075e+002 +6.335912075e+002 +4.3354e-001 +1.6245e+000 -1.9026e+000 +1.6279e-001 +2.1359e-001
186 +3.861135702e+000 +3.861135702e+000 +6.325111357e+002 +6.325111357e+002 -2.0538e+000 -1.6766e+000 -4.0280e+000 +7.0669e-001 +1.7936e+000
213 +2.379667277e+000 +2.379667277e+000 +6.310296673e+002 +6.310296673e+002 -2.8723e+000 -8.0807e-001 -2.4501e+000 +8.9672e-001 +1.0317e+000
300 +2.320198540e+000 +2.320198540e+000 +6.309701985e+002 +6.309701985e+002 -2.3418e+000 +5.8992e-002 -1.9577e+000 +2.9494e-001 +1.0070e+000
303 +2.245164501e+000 +2.245164501e+000 +6.308951645e+002 +6.308951645e+002 -2.2405e+000 +3.3068e-001 -2.6190e+000 +1.3325e-001 +1.5899e+000
319 +1.565772815e+000 +1.565772815e+000 +6.302157728e+002 +6.302157728e+002 -2.6447e+000 -9.4226e-002 -2.2176e+000 +6.3235e-001 +1.3072e+000
346 +1.476348846e+000 +1.476348846e+000 +6.301263488e+002 +6.301263488e+002 -2.1953e+000 +2.8138e-001 -2.3394e+000 -3.1678e-001 +1.4914e+000
368 +2.379483588e-001 +2.379483588e-001 +6.288879484e+002 +6.288879484e+002 -2.5222e+000 +5.6643e-001 -2.6017e+000 -1.1859e+000 +1.7817e+000
607 +1.762233362e-001 +1.762233362e-001 +6.288262233e+002 +6.288262233e+002 -2.7627e+000 +2.1744e-001 -2.5898e+000 -7.9040e-001 +1.6198e+000
754 +1.038186109e-001 +1.038186109e-001 +6.287538186e+002 +6.287538186e+002 -2.7679e+000 +2.3270e-001 -2.6039e+000 -8.2375e-001 +1.6259e+000
861 +9.117900467e-002 +9.117900467e-002 +6.287411790e+002 +6.287411790e+002 -2.7733e+000 +2.1541e-001 -2.6195e+000 -8.1305e-001 +1.6281e+000
920 +8.677411522e-002 +8.677411522e-002 +6.287367741e+002 +6.287367741e+002 -2.7791e+000 +2.1918e-001 -2.6287e+000 -8.2673e-001 +1.6082e+000
926 +7.102756311e-002 +7.102756311e-002 +6.287210276e+002 +6.287210276e+002 -2.7711e+000 +2.2845e-001 -2.6134e+000 -8.1266e-001 +1.6233e+000
970 +5.820997596e-002 +5.820997596e-002 +6.287082100e+002 +6.287082100e+002 -2.7676e+000 +2.1595e-001 -2.6207e+000 -8.3420e-001 +1.6202e+000
980 +5.596273957e-002 +5.596273957e-002 +6.287059627e+002 +6.287059627e+002 -2.7724e+000 +2.2102e-001 -2.6188e+000 -8.1347e-001 +1.6217e+000
1084 +3.718706838e-002 +3.718706838e-002 +6.286871871e+002 +6.286871871e+002 -2.7719e+000 +2.1519e-001 -2.6232e+000 -8.2012e-001 +1.6132e+000
1419 +3.602764206e-002 +3.602764206e-002 +6.286860276e+002 +6.286860276e+002 -2.7701e+000 +2.1918e-001 -2.6230e+000 -8.2623e-001 +1.6155e+000
1453 +3.467878480e-002 +3.467878480e-002 +6.286846788e+002 +6.286846788e+002 -2.7700e+000 +2.1882e-001 -2.6229e+000 -8.2485e-001 +1.6150e+000
1482 +3.438870025e-002 +3.438870025e-002 +6.286843887e+002 +6.286843887e+002 -2.7702e+000 +2.1911e-001 -2.6227e+000 -8.2591e-001 +1.6153e+000
1503 +3.358087983e-002 +3.358087983e-002 +6.286835809e+002 +6.286835809e+002 -2.7704e+000 +2.1803e-001 -2.6223e+000 -8.2460e-001 +1.6150e+000
1505 +3.240337916e-002 +3.240337916e-002 +6.286824034e+002 +6.286824034e+002 -2.7704e+000 +2.1924e-001 -2.6236e+000 -8.2586e-001 +1.6160e+000
1510 +3.219514110e-002 +3.219514110e-002 +6.286821951e+002 +6.286821951e+002 -2.7704e+000 +2.1901e-001 -2.6239e+000 -8.2624e-001 +1.6160e+000
1525 +3.141301318e-002 +3.141301318e-002 +6.286814130e+002 +6.286814130e+002 -2.7704e+000 +2.1852e-001 -2.6232e+000 -8.2616e-001 +1.6151e+000
1526 +2.945666649e-002 +2.945666649e-002 +6.286794567e+002 +6.286794567e+002 -2.7706e+000 +2.1905e-001 -2.6230e+000 -8.2575e-001 +1.6158e+000
1566 +2.857272698e-002 +2.857272698e-002 +6.286785727e+002 +6.286785727e+002 -2.7705e+000 +2.1883e-001 -2.6233e+000 -8.2650e-001 +1.6157e+000
1660 +2.758064219e-002 +2.758064219e-002 +6.286775806e+002 +6.286775806e+002 -2.7706e+000 +2.1889e-001 -2.6232e+000 -8.2636e-001 +1.6157e+000
1925 +2.741548208e-002 +2.741548208e-002 +6.286774155e+002 +6.286774155e+002 -2.7707e+000 +2.1864e-001 -2.6235e+000 -8.2629e-001 +1.6155e+000
1996 +2.667055448e-002 +2.667055448e-002 +6.286766706e+002 +6.286766706e+002 -2.7707e+000 +2.1865e-001 -2.6235e+000 -8.2637e-001 +1.6156e+000
2023 +2.587632488e-002 +2.587632488e-002 +6.286758763e+002 +6.286758763e+002 -2.7706e+000 +2.1862e-001 -2.6235e+000 -8.2636e-001 +1.6155e+000
2119 +2.562570493e-002 +2.562570493e-002 +6.286756257e+002 +6.286756257e+002 -2.7707e+000 +2.1858e-001 -2.6234e+000 -8.2629e-001 +1.6155e+000
2801 +2.500335767e-002 +2.500335767e-002 +6.286750034e+002 +6.286750034e+002 -2.7707e+000 +2.1860e-001 -2.6233e+000 -8.2609e-001 +1.6155e+000
3030 +2.441538535e-002 +2.441538535e-002 +6.286744154e+002 +6.286744154e+002 -2.7707e+000 +2.1863e-001 -2.6233e+000 -8.2608e-001 +1.6155e+000
3781 +2.396354307e-002 +2.396354307e-002 +6.286739635e+002 +6.286739635e+002 -2.7707e+000 +2.1863e-001 -2.6233e+000 -8.2607e-001 +1.6155e+000
% function evaluation | noise-free fitness - Fopt (-7.163000000000e+001) | best noise-free fitness - Fopt | measured fitness | best measured fitness | x1 | x2...
1 +1.077852297e+001 +1.077852297e+001 -6.085147703e+001 -6.085147703e+001 +9.9877e-001 -3.0908e+000 -2.3474e+000 +3.6440e+000 +1.2861e+000
28 +1.065386892e+001 +1.065386892e+001 -6.097613108e+001 -6.097613108e+001 +2.8511e+000 -2.6268e+000 -1.9271e+000 +4.0376e+000 +3.9074e+000
35 +5.836369377e+000 +5.836369377e+000 -6.579363062e+001 -6.579363062e+001 +1.5300e+000 -1.9000e+000 +2.6912e+000 +4.8152e+000 +1.9249e+000
51 +5.525039705e+000 +5.525039705e+000 -6.610496029e+001 -6.610496029e+001 +2.1181e+000 -4.7115e+000 +7.9357e-002 +3.5206e+000 +2.1393e+000
59 +5.391479514e+000 +5.391479514e+000 -6.623852049e+001 -6.623852049e+001 -7.5444e-004 -2.5020e+000 +2.2396e+000 +3.6678e+000 +9.4474e-001
81 +3.533812488e+000 +3.533812488e+000 -6.809618751e+001 -6.809618751e+001 +2.5985e+000 -2.4054e+000 +1.0268e+000 +3.5516e+000 +3.1017e+000
177 +3.106891575e+000 +3.106891575e+000 -6.852310842e+001 -6.852310842e+001 +1.1720e+000 -3.8848e+000 +5.3765e-001 +2.3776e+000 +1.4854e+000
182 +2.891828081e+000 +2.891828081e+000 -6.873817192e+001 -6.873817192e+001 +2.8200e+000 -3.8429e+000 +3.1992e+000 +4.8382e+000 +2.0969e+000
204 +2.695498130e+000 +2.695498130e+000 -6.893450187e+001 -6.893450187e+001 +2.7249e+000 -2.7151e+000 +1.1017e+000 +4.1357e+000 +3.0597e+000
207 +1.856819317e+000 +1.856819317e+000 -6.977318068e+001 -6.977318068e+001 +1.7140e+000 -2.7618e+000 +1.3958e+000 +3.7274e+000 +2.5395e+000
280 +1.503317388e+000 +1.503317388e+000 -7.012668261e+001 -7.012668261e+001 +1.2351e+000 -3.7771e+000 +1.8052e+000 +2.5838e+000 +2.9908e+000
326 +1.013136795e+000 +1.013136795e+000 -7.061686320e+001 -7.061686320e+001 +2.0368e+000 -3.6571e+000 +1.0684e+000 +2.6933e+000 +3.4606e+000
357 +9.272912191e-001 +9.272912191e-001 -7.070270878e+001 -7.070270878e+001 +1.9024e+000 -3.3487e+000 +1.6276e+000 +2.8114e+000 +4.1193e+000
403 +5.848361197e-001 +5.848361197e-001 -7.104516388e+001 -7.104516388e+001 +1.8244e+000 -3.5767e+000 +2.0838e+000 +2.8572e+000 +4.0677e+000
418 +5.239947282e-001 +5.239947282e-001 -7.110600527e+001 -7.110600527e+001 +1.6450e+000 -3.7884e+000 +2.0216e+000 +2.7954e+000 +3.7128e+000
476 +4.250407754e-001 +4.250407754e-001 -7.120495922e+001 -7.120495922e+001 +1.5539e+000 -3.4830e+000 +1.8526e+000 +2.8424e+000 +3.5916e+000
478 +4.157172439e-001 +4.157172439e-001 -7.121428276e+001 -7.121428276e+001 +1.5948e+000 -3.3654e+000 +1.6656e+000 +2.9012e+000 +3.8635e+000
481 +3.955618396e-001 +3.955618396e-001 -7.123443816e+001 -7.123443816e+001 +1.7830e+000 -3.4720e+000 +1.8936e+000 +2.8383e+000 +3.9515e+000
501 +3.407225988e-001 +3.407225988e-001 -7.128927740e+001 -7.128927740e+001 +1.7110e+000 -3.3060e+000 +1.8917e+000 +2.8217e+000 +3.9041e+000
520 +3.220568564e-001 +3.220568564e-001 -7.130794314e+001 -7.130794314e+001 +1.7240e+000 -3.4297e+000 +1.8769e+000 +2.7977e+000 +3.8221e+000
530 +2.141564880e-001 +2.141564880e-001 -7.141584351e+001 -7.141584351e+001 +1.6669e+000 -3.4952e+000 +1.8907e+000 +2.8831e+000 +3.7108e+000
531 +1.371835633e-001 +1.371835633e-001 -7.149281644e+001 -7.149281644e+001 +1.8370e+000 -3.4048e+000 +1.8829e+000 +2.9242e+000 +3.8911e+000
631 +1.179055546e-001 +1.179055546e-001 -7.151209445e+001 -7.151209445e+001 +1.7308e+000 -3.4389e+000 +1.8404e+000 +2.8456e+000 +3.8081e+000
689 +4.300316732e-002 +4.300316732e-002 -7.158699683e+001 -7.158699683e+001 +1.7646e+000 -3.4897e+000 +1.8661e+000 +2.9005e+000 +3.7938e+000
712 +3.680740519e-002 +3.680740519e-002 -7.159319259e+001 -7.159319259e+001 +1.7547e+000 -3.4707e+000 +1.8605e+000 +2.9159e+000 +3.8166e+000
945 +2.565020054e-002 +2.565020054e-002 -7.160434980e+001 -7.160434980e+001 +1.7528e+000 -3.4581e+000 +1.8425e+000 +2.9144e+000 +3.7844e+000
981 +2.361448144e-002 +2.361448144e-002 -7.160638552e+001 -7.160638552e+001 +1.7585e+000 -3.4589e+000 +1.8366e+000 +2.9133e+000 +3.7758e+000
993 +1.857332804e-002 +1.857332804e-002 -7.161142667e+001 -7.161142667e+001 +1.7601e+000 -3.4707e+000 +1.8437e+000 +2.9079e+000 +3.7861e+000
1017 +1.726490839e-002 +1.726490839e-002 -7.161273509e+001 -7.161273509e+001 +1.7571e+000 -3.4583e+000 +1.8326e+000 +2.9208e+000 +3.7795e+000
1033 +7.759640411e-003 +7.759640411e-003 -7.162224036e+001 -7.162224036e+001 +1.7578e+000 -3.4576e+000 +1.8382e+000 +2.9198e+000 +3.7874e+000
1351 +7.335379136e-003 +7.335379136e-003 -7.162266462e+001 -7.162266462e+001 +1.7585e+000 -3.4573e+000 +1.8384e+000 +2.9194e+000 +3.7861e+000
1354 +7.136103004e-003 +7.136103004e-003 -7.162286390e+001 -7.162286390e+001 +1.7585e+000 -3.4579e+000 +1.8385e+000 +2.9195e+000 +3.7846e+000
1427 +5.922858125e-003 +5.922858125e-003 -7.162407714e+001 -7.162407714e+001 +1.7581e+000 -3.4570e+000 +1.8375e+000 +2.9187e+000 +3.7863e+000
1528 +4.807630415e-003 +4.807630415e-003 -7.162519237e+001 -7.162519237e+001 +1.7579e+000 -3.4574e+000 +1.8380e+000 +2.9191e+000 +3.7868e+000
1702 +4.490681277e-003 +4.490681277e-003 -7.162550932e+001 -7.162550932e+001 +1.7579e+000 -3.4571e+000 +1.8381e+000 +2.9191e+000 +3.7863e+000
1735 +4.383544588e-003 +4.383544588e-003 -7.162561646e+001 -7.162561646e+001 +1.7580e+000 -3.4571e+000 +1.8379e+000 +2.9191e+000 +3.7863e+000
1785 +4.097560621e-003 +4.097560621e-003 -7.162590244e+001 -7.162590244e+001 +1.7579e+000 -3.4570e+000 +1.8379e+000 +2.9191e+000 +3.7864e+000
1801 +3.972140894e-003 +3.972140894e-003 -7.162602786e+001 -7.162602786e+001 +1.7579e+000 -3.4572e+000 +1.8379e+000 +2.9190e+000 +3.7865e+000
1936 +3.824275114e-003 +3.824275114e-003 -7.162617572e+001 -7.162617572e+001 +1.7578e+000 -3.4572e+000 +1.8379e+000 +2.9190e+000 +3.7864e+000
2017 +3.708340052e-003 +3.708340052e-003 -7.162629166e+001 -7.162629166e+001 +1.7578e+000 -3.4572e+000 +1.8380e+000 +2.9189e+000 +3.7865e+000
2207 +3.534641805e-003 +3.534641805e-003 -7.162646536e+001 -7.162646536e+001 +1.7578e+000 -3.4572e+000 +1.8379e+000 +2.9190e+000 +3.7865e+000
2311 +3.374160373e-003 +3.374160373e-003 -7.162662584e+001 -7.162662584e+001 +1.7578e+000 -3.4571e+000 +1.8379e+000 +2.9190e+000 +3.7864e+000
2543 +3.310296025e-003 +3.310296025e-003 -7.162668970e+001 -7.162668970e+001 +1.7578e+000 -3.4572e+000 +1.8379e+000 +2.9190e+000 +3.7864e+000
2683 +3.119024657e-003 +3.119024657e-003 -7.162688098e+001 -7.162688098e+001 +1.7578e+000 -3.4572e+000 +1.8379e+000 +2.9190e+000 +3.7864e+000
155034 +3.090293246e-003 +3.090293246e-003 -7.162690971e+001 -7.162690971e+001 +1.7577e+000 -3.4564e+000 +1.8375e+000 +2.9193e+000 +3.7859e+000
% function evaluation | noise-free fitness - Fopt (1.976000000000e+001) | best noise-free fitness - Fopt | measured fitness | best measured fitness | x1 | x2...
1 +1.393973670e+003 +1.393973670e+003 +1.413733670e+003 +1.413733670e+003 -2.8668e+000 +2.6553e+000 -5.1452e+000 +1.4150e+000 -1.6600e+001
2 +9.537514076e+001 +9.537514076e+001 +1.151351408e+002 +1.151351408e+002 -3.4525e+000 +2.8746e+000 -5.4051e+000 +2.0079e+000 +5.0653e+000
3 +3.979924693e+001 +3.979924693e+001 +5.955924693e+001 +5.955924693e+001 -2.2881e+000 +4.6015e+000 +1.1066e+000 +1.6061e+000 +1.7750e+000
7 +2.537918618e+001 +2.537918618e+001 +4.513918618e+001 +4.513918618e+001 -3.6457e+000 +3.7691e+000 -3.6559e+000 +1.7500e+000 +1.2426e+000
24 +2.249599330e+001 +2.249599330e+001 +4.225599330e+001 +4.225599330e+001 -1.5446e+000 +4.0065e+000 -1.5863e+000 +2.7174e+000 +4.5820e+000
36 +1.550370252e+001 +1.550370252e+001 +3.526370252e+001 +3.526370252e+001 -2.9832e-001 +4.3926e+000 -2.0192e+000 +1.9611e+000 +2.9448e+000
82 +1.463174791e+001 +1.463174791e+001 +3.439174791e+001 +3.439174791e+001 -9.5868e-001 +3.0854e+000 -2.1171e+000 +2.4177e-001 +2.5693e+000
83 +1.307574435e+001 +1.307574435e+001 +3.283574435e+001 +3.283574435e+001 +1.7714e-001 +3.4520e+000 +2.3023e+000 +3.8913e+000 -2.2326e+000
106 +6.867849619e+000 +6.867849619e+000 +2.662784962e+001 +2.662784962e+001 +5.1208e-001 +2.7974e+000 -3.5392e+000 +2.7596e+000 +2.1961e+000
155 +6.754181813e+000 +6.754181813e+000 +2.651418181e+001 +2.651418181e+001 +4.1378e+000 +2.2369e+000 -2.2021e+000 +2.6993e+000 -3.8463e-001
165 +6.246478494e+000 +6.246478494e+000 +2.600647849e+001 +2.600647849e+001 -1.0547e+000 +3.0870e+000 -4.5174e+000 +4.1904e+000 +3.5274e-001
174 +3.318929795e+000 +3.318929795e+000 +2.307892979e+001 +2.307892979e+001 +5.2668e-001 +2.3147e+000 -2.6726e+000 +1.3508e+000 -5.3538e-001
221 +2.353773711e+000 +2.353773711e+000 +2.211377371e+001 +2.211377371e+001 +2.8802e+000 +2.5150e+000 -2.3534e+000 +3.1549e+000 -3.7188e-002
252 +2.323258277e+000 +2.323258277e+000 +2.208325828e+001 +2.208325828e+001 +2.3972e+000 +2.2786e+000 -3.3269e+000 +1.6199e+000 +9.8656e-001
257 +1.071170046e+000 +1.071170046e+000 +2.083117005e+001 +2.083117005e+001 +3.3831e+000 +2.2924e+000 -3.1282e+000 +1.8827e+000 +5.1273e-001
326 +1.026004658e+000 +1.026004658e+000 +2.078600466e+001 +2.078600466e+001 +3.1185e+000 +2.3903e+000 -3.7378e+000 +1.9817e+000 +3.0942e-001
395 +9.630298212e-001 +9.630298212e-001 +2.072302982e+001 +2.072302982e+001 +3.1581e+000 +2.0601e+000 -3.1475e+000 +1.7309e+000 +1.1532e+000
397 +9.145792069e-001 +9.145792069e-001 +2.067457921e+001 +2.067457921e+001 +3.5682e+000 +2.1589e+000 -3.3651e+000 +1.6253e+000 +8.8293e-001
453 +8.062672176e-001 +8.062672176e-001 +2.056626722e+001 +2.056626722e+001 +2.9052e+000 +1.8871e+000 -3.1254e+000 +2.0524e+000 +4.9891e-001
501 +7.595075617e-001 +7.595075617e-001 +2.051950756e+001 +2.051950756e+001 +3.0911e+000 +1.4244e+000 -2.9956e+000 +1.9505e+000 +6.7670e-001
508 +6.282097991e-001 +6.282097991e-001 +2.038820980e+001 +2.038820980e+001 +3.0791e+000 +1.8415e+000 -3.2711e+000 +1.8997e+000 +7.3575e-001
524 +3.436679722e-001 +3.436679722e-001 +2.010366797e+001 +2.010366797e+001 +2.6420e+000 +1.5333e+000 -3.2557e+000 +1.9990e+000 +5.6333e-001
592 +3.259682504e-001 +3.259682504e-001 +2.008596825e+001 +2.008596825e+001 +2.7668e+000 +1.5521e+000 -3.3677e+000 +1.8834e+000 +7.2580e-001
629 +2.457256902e-001 +2.457256902e-001 +2.000572569e+001 +2.000572569e+001 +2.7902e+000 +1.3705e+000 -3.3463e+000 +1.8356e+000 +6.3976e-001
675 +2.437227637e-001 +2.437227637e-001 +2.000372276e+001 +2.000372276e+001 +2.7558e+000 +1.4561e+000 -3.2622e+000 +1.8551e+000 +6.2908e-001
678 +1.778899125e-001 +1.778899125e-001 +1.993788991e+001 +1.993788991e+001 +2.5996e+000 +1.4393e+000 -3.3156e+000 +1.8404e+000 +5.0745e-001
759 +1.590852906e-001 +1.590852906e-001 +1.991908529e+001 +1.991908529e+001 +2.6779e+000 +1.5165e+000 -3.2266e+000 +1.8352e+000 +5.3243e-001
770 +1.358397854e-001 +1.358397854e-001 +1.989583979e+001 +1.989583979e+001 +2.7023e+000 +1.4751e+000 -3.2608e+000 +1.8733e+000 +4.4635e-001
798 +8.763373451e-002 +8.763373451e-002 +1.984763373e+001 +1.984763373e+001 +2.6750e+000 +1.4993e+000 -3.2158e+000 +1.9104e+000 +4.6436e-001
813 +8.277330647e-002 +8.277330647e-002 +1.984277331e+001 +1.984277331e+001 +2.7078e+000 +1.5345e+000 -3.2314e+000 +1.9167e+000 +5.2286e-001
815 +7.054100973e-002 +7.054100973e-002 +1.983054101e+001 +1.983054101e+001 +2.6796e+000 +1.5104e+000 -3.2222e+000 +1.9014e+000 +4.7406e-001
829 +4.792165359e-002 +4.792165359e-002 +1.980792165e+001 +1.980792165e+001 +2.6933e+000 +1.5085e+000 -3.2270e+000 +1.9212e+000 +4.6473e-001
934 +3.000489413e-002 +3.000489413e-002 +1.979000489e+001 +1.979000489e+001 +2.7133e+000 +1.5129e+000 -3.2255e+000 +1.9094e+000 +4.7649e-001
1149 +2.436019817e-002 +2.436019817e-002 +1.978436020e+001 +1.978436020e+001 +2.7054e+000 +1.5220e+000 -3.2272e+000 +1.9149e+000 +4.7906e-001
1177 +7.316180149e-003 +7.316180149e-003 +1.976731618e+001 +1.976731618e+001 +2.7012e+000 +1.5213e+000 -3.2301e+000 +1.9153e+000 +4.6412e-001
1453 +6.847911249e-003 +6.847911249e-003 +1.976684791e+001 +1.976684791e+001 +2.7127e+000 +1.5260e+000 -3.2256e+000 +1.9092e+000 +4.7102e-001
1585 +5.386071523e-003 +5.386071523e-003 +1.976538607e+001 +1.976538607e+001 +2.7223e+000 +1.5233e+000 -3.2251e+000 +1.9075e+000 +4.6754e-001
1612 +2.984651976e-003 +2.984651976e-003 +1.976298465e+001 +1.976298465e+001 +2.7193e+000 +1.5243e+000 -3.2232e+000 +1.9073e+000 +4.6800e-001
1636 +2.719006262e-003 +2.719006262e-003 +1.976271901e+001 +1.976271901e+001 +2.7184e+000 +1.5263e+000 -3.2244e+000 +1.9073e+000 +4.6698e-001
1697 +1.228848116e-003 +1.228848116e-003 +1.976122885e+001 +1.976122885e+001 +2.7200e+000 +1.5253e+000 -3.2236e+000 +1.9076e+000 +4.6767e-001
1747 +1.049416677e-003 +1.049416677e-003 +1.976104942e+001 +1.976104942e+001 +2.7197e+000 +1.5264e+000 -3.2240e+000 +1.9076e+000 +4.6744e-001
1801 +6.050870053e-004 +6.050870053e-004 +1.976060509e+001 +1.976060509e+001 +2.7198e+000 +1.5259e+000 -3.2237e+000 +1.9077e+000 +4.6769e-001
1829 +5.815090226e-004 +5.815090226e-004 +1.976058151e+001 +1.976058151e+001 +2.7201e+000 +1.5257e+000 -3.2235e+000 +1.9076e+000 +4.6765e-001
1839 +4.297569145e-004 +4.297569145e-004 +1.976042976e+001 +1.976042976e+001 +2.7200e+000 +1.5258e+000 -3.2237e+000 +1.9076e+000 +4.6774e-001
1872 +3.304778285e-004 +3.304778285e-004 +1.976033048e+001 +1.976033048e+001 +2.7201e+000 +1.5258e+000 -3.2237e+000 +1.9077e+000 +4.6755e-001
1982 +2.857602069e-004 +2.857602069e-004 +1.976028576e+001 +1.976028576e+001 +2.7201e+000 +1.5258e+000 -3.2236e+000 +1.9076e+000 +4.6756e-001
2073 +2.401026234e-004 +2.401026234e-004 +1.976024010e+001 +1.976024010e+001 +2.7201e+000 +1.5258e+000 -3.2237e+000 +1.9076e+000 +4.6756e-001
2148 +1.746878162e-004 +1.746878162e-004 +1.976017469e+001 +1.976017469e+001 +2.7201e+000 +1.5258e+000 -3.2237e+000 +1.9076e+000 +4.6755e-001
2180 +1.416065218e-004 +1.416065218e-004 +1.976014161e+001 +1.976014161e+001 +2.7201e+000 +1.5258e+000 -3.2237e+000 +1.9076e+000 +4.6756e-001
2607 +1.209948313e-004 +1.209948313e-004 +1.976012099e+001 +1.976012099e+001 +2.7201e+000 +1.5258e+000 -3.2237e+000 +1.9076e+000 +4.6755e-001
2829 +1.119530069e-004 +1.119530069e-004 +1.976011195e+001 +1.976011195e+001 +2.7201e+000 +1.5258e+000 -3.2237e+000 +1.9077e+000 +4.6754e-001
3146 +1.029534910e-004 +1.029534910e-004 +1.976010295e+001 +1.976010295e+001 +2.7201e+000 +1.5258e+000 -3.2237e+000 +1.9077e+000 +4.6754e-001
3192 +8.613523444e-005 +8.613523444e-005 +1.976008614e+001 +1.976008614e+001 +2.7201e+000 +1.5258e+000 -3.2237e+000 +1.9077e+000 +4.6754e-001
3477 +7.777578766e-005 +7.777578766e-005 +1.976007778e+001 +1.976007778e+001 +2.7201e+000 +1.5258e+000 -3.2237e+000 +1.9077e+000 +4.6754e-001
3530 +7.493031180e-005 +7.493031180e-005 +1.976007493e+001 +1.976007493e+001 +2.7201e+000 +1.5258e+000 -3.2237e+000 +1.9077e+000 +4.6754e-001
3710 +7.381811433e-005 +7.381811433e-005 +1.976007382e+001 +1.976007382e+001 +2.7201e+000 +1.5258e+000 -3.2237e+000 +1.9077e+000 +4.6754e-001
3822 +7.242332502e-005 +7.242332502e-005 +1.976007242e+001 +1.976007242e+001 +2.7201e+000 +1.5258e+000 -3.2237e+000 +1.9077e+000 +4.6754e-001
3847 +7.049283891e-005 +7.049283891e-005 +1.976007049e+001 +1.976007049e+001 +2.7201e+000 +1.5258e+000 -3.2237e+000 +1.9077e+000 +4.6754e-001
3935 +6.912360534e-005 +6.912360534e-005 +1.976006912e+001 +1.976006912e+001 +2.7201e+000 +1.5258e+000 -3.2237e+000 +1.9077e+000 +4.6754e-001
4143 +6.722398389e-005 +6.722398389e-005 +1.976006722e+001 +1.976006722e+001 +2.7201e+000 +1.5258e+000 -3.2237e+000 +1.9077e+000 +4.6754e-001
4360 +6.581583555e-005 +6.581583555e-005 +1.976006582e+001 +1.976006582e+001 +2.7201e+000 +1.5258e+000 -3.2237e+000 +1.9077e+000 +4.6754e-001
% function evaluation | noise-free fitness - Fopt (6.100000000000e-001) | best noise-free fitness - Fopt | measured fitness | best measured fitness | x1 | x2...
1 +1.369021846e+001 +1.369021846e+001 +1.430021846e+001 +1.430021846e+001 -3.2445e+000 +2.4931e+000 -2.8659e+000 -3.9197e+000 -3.3839e+000
19 +9.667869337e+000 +9.667869337e+000 +1.027786934e+001 +1.027786934e+001 +1.6943e-001 +4.2104e-001 -2.7933e+000 -4.2591e+000 +1.6990e+000
20 +7.859434982e+000 +7.859434982e+000 +8.469434982e+000 +8.469434982e+000 -3.0806e+000 +9.9876e-001 -3.5715e+000 -3.7487e+000 -9.8036e-001
51 +6.699799915e+000 +6.699799915e+000 +7.309799915e+000 +7.309799915e+000 -1.3906e+000 +9.7368e-001 -5.0597e+000 -1.8784e+000 -5.2064e-001
55 +5.101107510e+000 +5.101107510e+000 +5.711107510e+000 +5.711107510e+000 -4.4755e-001 +1.3113e+000 -2.6747e+000 -2.2439e+000 -9.5473e-001
77 +4.777615247e+000 +4.777615247e+000 +5.387615247e+000 +5.387615247e+000 -1.8255e+000 +1.8459e+000 -4.0943e+000 -1.6007e+000 -1.6284e+000
106 +4.656508589e+000 +4.656508589e+000 +5.266508589e+000 +5.266508589e+000 +1.7512e+000 +1.5112e+000 -2.0759e+000 -3.4356e+000 -1.8939e+000
142 +4.549977988e+000 +4.549977988e+000 +5.159977988e+000 +5.159977988e+000 +3.1667e-001 -1.2135e-001 -3.4562e+000 -3.3776e+000 -1.7275e+000
143 +3.842722936e+000 +3.842722936e+000 +4.452722936e+000 +4.452722936e+000 -1.5708e+000 +1.4584e+000 -4.4029e+000 -1.6849e+000 -1.7476e+000
156 +3.184702482e+000 +3.184702482e+000 +3.794702482e+000 +3.794702482e+000 -9.3032e-001 +1.5011e+000 -3.4616e+000 -2.1419e+000 -1.8695e+000
176 +2.502899696e+000 +2.502899696e+000 +3.112899696e+000 +3.112899696e+000 +3.9737e-001 +2.1817e+000 -2.7371e+000 -2.6666e+000 -2.2746e+000
182 +2.291175815e+000 +2.291175815e+000 +2.901175815e+000 +2.901175815e+000 -6.3415e-001 +1.9183e+000 -2.8543e+000 -3.0008e+000 -2.6794e+000
213 +2.250683191e+000 +2.250683191e+000 +2.860683191e+000 +2.860683191e+000 -4.8711e-002 +3.5125e+000 -2.6970e+000 -2.9494e+000 -2.5649e+000
214 +1.005545888e+000 +1.005545888e+000 +1.615545888e+000 +1.615545888e+000 +7.3562e-001 +1.6579e+000 -3.3225e+000 -2.5487e+000 -2.3864e+000
253 +8.198840854e-001 +8.198840854e-001 +1.429884085e+000 +1.429884085e+000 +1.4678e+000 +2.4265e+000 -3.0130e+000 -2.9205e+000 -2.5370e+000
277 +6.546940650e-001 +6.546940650e-001 +1.264694065e+000 +1.264694065e+000 +8.0251e-001 +1.7028e+000 -3.3580e+000 -2.8684e+000 -2.4958e+000
329 +5.383068472e-001 +5.383068472e-001 +1.148306847e+000 +1.148306847e+000 +1.0060e+000 +2.1116e+000 -3.2116e+000 -2.8922e+000 -2.5021e+000
330 +5.078548884e-001 +5.078548884e-001 +1.117854888e+000 +1.117854888e+000 +7.8818e-001 +1.9054e+000 -3.0537e+000 -2.8619e+000 -2.5350e+000
331 +4.798832828e-001 +4.798832828e-001 +1.089883283e+000 +1.089883283e+000 +9.1591e-001 +1.7470e+000 -3.1614e+000 -2.7248e+000 -2.6061e+000
357 +3.065138709e-001 +3.065138709e-001 +9.165138709e-001 +9.165138709e-001 +9.5646e-001 +1.8823e+000 -3.0821e+000 -2.9290e+000 -2.5903e+000
451 +2.791738244e-001 +2.791738244e-001 +8.891738244e-001 +8.891738244e-001 +1.0700e+000 +1.9432e+000 -2.9854e+000 -2.8842e+000 -2.3681e+000
497 +2.676196728e-001 +2.676196728e-001 +8.776196728e-001 +8.776196728e-001 +9.8900e-001 +2.0146e+000 -3.1009e+000 -2.8976e+000 -2.4312e+000
500 +1.013853949e-001 +1.013853949e-001 +7.113853949e-001 +7.113853949e-001 +1.1623e+000 +2.1645e+000 -3.0138e+000 -3.0589e+000 -2.5137e+000
637 +8.927952648e-002 +8.927952648e-002 +6.992795265e-001 +6.992795265e-001 +1.0557e+000 +2.0224e+000 -3.0582e+000 -2.9932e+000 -2.5011e+000
664 +7.537529765e-002 +7.537529765e-002 +6.853752976e-001 +6.853752976e-001 +1.0762e+000 +2.0756e+000 -3.0773e+000 -3.0295e+000 -2.4232e+000
669 +6.427584114e-002 +6.427584114e-002 +6.742758411e-001 +6.742758411e-001 +1.0632e+000 +2.0657e+000 -3.0475e+000 -2.9962e+000 -2.4880e+000
704 +5.044422334e-002 +5.044422334e-002 +6.604442233e-001 +6.604442233e-001 +1.0562e+000 +2.0179e+000 -3.0579e+000 -3.0144e+000 -2.4896e+000
713 +2.986586600e-002 +2.986586600e-002 +6.398658660e-001 +6.398658660e-001 +1.0844e+000 +2.0206e+000 -3.0540e+000 -3.0005e+000 -2.4626e+000
764 +6.089993858e-003 +6.089993858e-003 +6.160899939e-001 +6.160899939e-001 +1.0758e+000 +2.0234e+000 -3.0648e+000 -3.0053e+000 -2.4706e+000
1023 +5.334343749e-003 +5.334343749e-003 +6.153343437e-001 +6.153343437e-001 +1.0717e+000 +2.0275e+000 -3.0654e+000 -3.0082e+000 -2.4714e+000
1024 +3.849053256e-003 +3.849053256e-003 +6.138490533e-001 +6.138490533e-001 +1.0725e+000 +2.0262e+000 -3.0657e+000 -3.0037e+000 -2.4693e+000
1084 +3.548865714e-003 +3.548865714e-003 +6.135488657e-001 +6.135488657e-001 +1.0718e+000 +2.0253e+000 -3.0639e+000 -3.0078e+000 -2.4718e+000
1118 +2.689317102e-003 +2.689317102e-003 +6.126893171e-001 +6.126893171e-001 +1.0715e+000 +2.0267e+000 -3.0644e+000 -3.0076e+000 -2.4697e+000
1126 +1.577207986e-003 +1.577207986e-003 +6.115772080e-001 +6.115772080e-001 +1.0712e+000 +2.0260e+000 -3.0643e+000 -3.0064e+000 -2.4697e+000
1420 +1.263113100e-003 +1.263113100e-003 +6.112631131e-001 +6.112631131e-001 +1.0709e+000 +2.0259e+000 -3.0644e+000 -3.0063e+000 -2.4695e+000
1476 +9.655123673e-004 +9.655123673e-004 +6.109655124e-001 +6.109655124e-001 +1.0716e+000 +2.0262e+000 -3.0640e+000 -3.0067e+000 -2.4694e+000
1557 +6.804994495e-004 +6.804994495e-004 +6.106804994e-001 +6.106804994e-001 +1.0718e+000 +2.0261e+000 -3.0639e+000 -3.0066e+000 -2.4696e+000
1611 +5.787121518e-004 +5.787121518e-004 +6.105787122e-001 +6.105787122e-001 +1.0719e+000 +2.0260e+000 -3.0640e+000 -3.0063e+000 -2.4697e+000
1622 +4.485521330e-004 +4.485521330e-004 +6.104485521e-001 +6.104485521e-001 +1.0714e+000 +2.0258e+000 -3.0642e+000 -3.0062e+000 -2.4696e+000
1669 +3.160766945e-004 +3.160766945e-004 +6.103160767e-001 +6.103160767e-001 +1.0719e+000 +2.0264e+000 -3.0640e+000 -3.0064e+000 -2.4697e+000
1766 +2.679094267e-004 +2.679094267e-004 +6.102679094e-001 +6.102679094e-001 +1.0719e+000 +2.0265e+000 -3.0639e+000 -3.0064e+000 -2.4697e+000
1773 +2.556813307e-004 +2.556813307e-004 +6.102556813e-001 +6.102556813e-001 +1.0719e+000 +2.0265e+000 -3.0639e+000 -3.0065e+000 -2.4696e+000
1780 +2.123603261e-004 +2.123603261e-004 +6.102123603e-001 +6.102123603e-001 +1.0719e+000 +2.0264e+000 -3.0640e+000 -3.0065e+000 -2.4696e+000
1805 +1.652585932e-004 +1.652585932e-004 +6.101652586e-001 +6.101652586e-001 +1.0720e+000 +2.0265e+000 -3.0641e+000 -3.0064e+000 -2.4695e+000
1867 +1.090667276e-004 +1.090667276e-004 +6.101090667e-001 +6.101090667e-001 +1.0719e+000 +2.0262e+000 -3.0640e+000 -3.0064e+000 -2.4695e+000
1916 +5.295771598e-005 +5.295771598e-005 +6.100529577e-001 +6.100529577e-001 +1.0720e+000 +2.0264e+000 -3.0640e+000 -3.0064e+000 -2.4696e+000
1960 +1.699805623e-005 +1.699805623e-005 +6.100169981e-001 +6.100169981e-001 +1.0720e+000 +2.0264e+000 -3.0640e+000 -3.0064e+000 -2.4696e+000
2222 +1.535546901e-005 +1.535546901e-005 +6.100153555e-001 +6.100153555e-001 +1.0720e+000 +2.0264e+000 -3.0640e+000 -3.0064e+000 -2.4696e+000
2539 +1.180481011e-005 +1.180481011e-005 +6.100118048e-001 +6.100118048e-001 +1.0720e+000 +2.0264e+000 -3.0640e+000 -3.0064e+000 -2.4696e+000
2558 +1.086710530e-005 +1.086710530e-005 +6.100108671e-001 +6.100108671e-001 +1.0720e+000 +2.0264e+000 -3.0640e+000 -3.0064e+000 -2.4696e+000
2614 +8.007420660e-006 +8.007420660e-006 +6.100080074e-001 +6.100080074e-001 +1.0720e+000 +2.0264e+000 -3.0640e+000 -3.0064e+000 -2.4696e+000
2626 +6.335309953e-006 +6.335309953e-006 +6.100063353e-001 +6.100063353e-001 +1.0720e+000 +2.0264e+000 -3.0640e+000 -3.0064e+000 -2.4696e+000
2683 +6.159159176e-006 +6.159159176e-006 +6.100061592e-001 +6.100061592e-001 +1.0720e+000 +2.0264e+000 -3.0640e+000 -3.0064e+000 -2.4696e+000
2759 +5.655354538e-006 +5.655354538e-006 +6.100056554e-001 +6.100056554e-001 +1.0720e+000 +2.0264e+000 -3.0640e+000 -3.0064e+000 -2.4696e+000
2826 +5.215009890e-006 +5.215009890e-006 +6.100052150e-001 +6.100052150e-001 +1.0720e+000 +2.0264e+000 -3.0640e+000 -3.0064e+000 -2.4696e+000
2977 +5.114012560e-006 +5.114012560e-006 +6.100051140e-001 +6.100051140e-001 +1.0720e+000 +2.0264e+000 -3.0640e+000 -3.0064e+000 -2.4696e+000
2983 +4.058635493e-006 +4.058635493e-006 +6.100040586e-001 +6.100040586e-001 +1.0720e+000 +2.0264e+000 -3.0640e+000 -3.0064e+000 -2.4696e+000
3026 +3.869521961e-006 +3.869521961e-006 +6.100038695e-001 +6.100038695e-001 +1.0720e+000 +2.0264e+000 -3.0640e+000 -3.0064e+000 -2.4696e+000
3066 +3.754427854e-006 +3.754427854e-006 +6.100037544e-001 +6.100037544e-001 +1.0720e+000 +2.0264e+000 -3.0640e+000 -3.0064e+000 -2.4696e+000
3088 +3.589297809e-006 +3.589297809e-006 +6.100035893e-001 +6.100035893e-001 +1.0720e+000 +2.0264e+000 -3.0640e+000 -3.0064e+000 -2.4696e+000
3153 +3.484402221e-006 +3.484402221e-006 +6.100034844e-001 +6.100034844e-001 +1.0720e+000 +2.0264e+000 -3.0640e+000 -3.0064e+000 -2.4696e+000
3203 +3.447974875e-006 +3.447974875e-006 +6.100034480e-001 +6.100034480e-001 +1.0720e+000 +2.0264e+000 -3.0640e+000 -3.0064e+000 -2.4696e+000
3205 +3.214199501e-006 +3.214199501e-006 +6.100032142e-001 +6.100032142e-001 +1.0720e+000 +2.0264e+000 -3.0640e+000 -3.0064e+000 -2.4696e+000
3213 +3.121898528e-006 +3.121898528e-006 +6.100031219e-001 +6.100031219e-001 +1.0720e+000 +2.0264e+000 -3.0640e+000 -3.0064e+000 -2.4696e+000
3245 +2.844130864e-006 +2.844130864e-006 +6.100028441e-001 +6.100028441e-001 +1.0720e+000 +2.0264e+000 -3.0640e+000 -3.0064e+000 -2.4696e+000
3322 +2.787744670e-006 +2.787744670e-006 +6.100027877e-001 +6.100027877e-001 +1.0720e+000 +2.0264e+000 -3.0640e+000 -3.0064e+000 -2.4696e+000
3427 +2.675498947e-006 +2.675498947e-006 +6.100026755e-001 +6.100026755e-001 +1.0720e+000 +2.0264e+000 -3.0640e+000 -3.0064e+000 -2.4696e+000
3437 +2.622744280e-006 +2.622744280e-006 +6.100026227e-001 +6.100026227e-001 +1.0720e+000 +2.0264e+000 -3.0640e+000 -3.0064e+000 -2.4696e+000
3476 +2.457188937e-006 +2.457188937e-006 +6.100024572e-001 +6.100024572e-001 +1.0720e+000 +2.0264e+000 -3.0640e+000 -3.0064e+000 -2.4696e+000
3534 +2.447241994e-006 +2.447241994e-006 +6.100024472e-001 +6.100024472e-001 +1.0720e+000 +2.0264e+000 -3.0640e+000 -3.0064e+000 -2.4696e+000
3539 +2.350358512e-006 +2.350358512e-006 +6.100023504e-001 +6.100023504e-001 +1.0720e+000 +2.0264e+000 -3.0640e+000 -3.0064e+000 -2.4696e+000
3702 +2.337332180e-006 +2.337332180e-006 +6.100023373e-001 +6.100023373e-001 +1.0720e+000 +2.0264e+000 -3.0640e+000 -3.0064e+000 -2.4696e+000
3730 +2.211587332e-006 +2.211587332e-006 +6.100022116e-001 +6.100022116e-001 +1.0720e+000 +2.0264e+000 -3.0640e+000 -3.0064e+000 -2.4696e+000
3747 +2.109267002e-006 +2.109267002e-006 +6.100021093e-001 +6.100021093e-001 +1.0720e+000 +2.0264e+000 -3.0640e+000 -3.0064e+000 -2.4696e+000
3840 +2.072994419e-006 +2.072994419e-006 +6.100020730e-001 +6.100020730e-001 +1.0720e+000 +2.0264e+000 -3.0640e+000 -3.0064e+000 -2.4696e+000
3850 +2.031110989e-006 +2.031110989e-006 +6.100020311e-001 +6.100020311e-001 +1.0720e+000 +2.0264e+000 -3.0640e+000 -3.0064e+000 -2.4696e+000
3971 +1.993998799e-006 +1.993998799e-006 +6.100019940e-001 +6.100019940e-001 +1.0720e+000 +2.0264e+000 -3.0640e+000 -3.0064e+000 -2.4696e+000
4462 +1.945578072e-006 +1.945578072e-006 +6.100019456e-001 +6.100019456e-001 +1.0720e+000 +2.0264e+000 -3.0640e+000 -3.0064e+000 -2.4696e+000
% function evaluation | noise-free fitness - Fopt (-8.634400000000e+002) | best noise-free fitness - Fopt | measured fitness | best measured fitness | x1 | x2...
1 +2.008469659e+001 +2.008469659e+001 -8.433553034e+002 -8.433553034e+002 +3.4669e+000 +3.4804e+000 +4.8304e+000 +2.2866e+000 +3.6290e+000
4 +1.529735284e+001 +1.529735284e+001 -8.481426472e+002 -8.481426472e+002 +1.7292e+000 +4.5208e+000 +5.0391e+000 +1.1463e+000 -1.7285e-001
16 +1.157958394e+001 +1.157958394e+001 -8.518604161e+002 -8.518604161e+002 +1.0745e+000 +2.8022e+000 +5.1568e+000 +7.9170e-001 +7.4177e-001
51 +1.004223975e+001 +1.004223975e+001 -8.533977602e+002 -8.533977602e+002 +8.2520e-001 +2.6236e+000 +3.9049e+000 +8.7437e-001 +3.6857e+000
105 +5.112670754e+000 +5.112670754e+000 -8.583273292e+002 -8.583273292e+002 +1.6743e-001 -9.3978e-001 +3.5510e+000 +2.2870e+000 +1.6004e+000
175 +4.907587014e+000 +4.907587014e+000 -8.585324130e+002 -8.585324130e+002 -4.4148e+000 +1.0363e-001 +3.5108e+000 -4.8375e-001 +1.8230e+000
198 +4.450057930e+000 +4.450057930e+000 -8.589899421e+002 -8.589899421e+002 -1.4399e+000 -4.3410e-002 +4.8792e+000 +2.4666e-001 +2.1844e+000
257 +4.009618038e+000 +4.009618038e+000 -8.594303820e+002 -8.594303820e+002 -5.9111e-001 -8.4026e-001 +2.6448e+000 -1.5102e-001 -5.9064e-001
278 +3.890440853e+000 +3.890440853e+000 -8.595495591e+002 -8.595495591e+002 -9.1600e-001 -1.2524e+000 +4.0486e+000 +6.5731e-001 +9.8481e-001
319 +3.292078873e+000 +3.292078873e+000 -8.601479211e+002 -8.601479211e+002 +5.2021e-003 -1.1991e+000 +3.9414e+000 -7.9204e-001 +1.6985e-001
375 +2.783135976e+000 +2.783135976e+000 -8.606568640e+002 -8.606568640e+002 -1.8391e+000 -1.2270e+000 +3.5027e+000 +5.2093e-002 +9.3762e-001
402 +2.655826508e+000 +2.655826508e+000 -8.607841735e+002 -8.607841735e+002 -8.4267e-001 -1.0260e+000 +3.4745e+000 +4.9218e-001 +2.1333e-001
444 +2.591835666e+000 +2.591835666e+000 -8.608481643e+002 -8.608481643e+002 -9.7046e-001 -8.0273e-001 +3.7920e+000 +4.1557e-001 +4.0292e-001
479 +2.266459548e+000 +2.266459548e+000 -8.611735405e+002 -8.611735405e+002 -1.2475e+000 -1.1499e+000 +3.1714e+000 -3.9491e-001 +5.9933e-001
485 +2.225966279e+000 +2.225966279e+000 -8.612140337e+002 -8.612140337e+002 +8.6570e-002 -1.1568e+000 +3.3280e+000 +1.4839e+000 +2.5299e-001
508 +1.679777147e+000 +1.679777147e+000 -8.617602229e+002 -8.617602229e+002 -4.9566e-001 -1.2742e+000 +2.8296e+000 +2.5429e-001 +2.5077e-001
615 +1.559388760e+000 +1.559388760e+000 -8.618806112e+002 -8.618806112e+002 -6.0900e-001 -1.2652e+000 +3.0467e+000 +3.5205e-001 +5.9632e-002
648 +1.425385540e+000 +1.425385540e+000 -8.620146145e+002 -8.620146145e+002 -6.6714e-001 -1.2259e+000 +3.0450e+000 +2.8456e-001 +3.7175e-002
676 +1.283905646e+000 +1.283905646e+000 -8.621560944e+002 -8.621560944e+002 -5.0306e-001 -1.2462e+000 +3.0018e+000 +4.6373e-001 +1.7894e-001
773 +1.173977359e+000 +1.173977359e+000 -8.622660226e+002 -8.622660226e+002 -5.2255e-001 -1.3156e+000 +2.9867e+000 +3.1429e-001 +1.7285e-001
775 +9.178373510e-001 +9.178373510e-001 -8.625221626e+002 -8.625221626e+002 -5.2415e-001 -1.2615e+000 +2.9557e+000 +3.2175e-001 +2.1788e-001
1033 +8.972539761e-001 +8.972539761e-001 -8.625427460e+002 -8.625427460e+002 -5.2411e-001 -1.2569e+000 +2.9411e+000 +2.4876e-001 +2.1655e-001
1063 +8.851108844e-001 +8.851108844e-001 -8.625548891e+002 -8.625548891e+002 -5.0222e-001 -1.2648e+000 +2.9515e+000 +2.5868e-001 +2.1916e-001
1091 +8.558085739e-001 +8.558085739e-001 -8.625841914e+002 -8.625841914e+002 -5.2050e-001 -1.2522e+000 +2.9508e+000 +2.6053e-001 +2.2536e-001
1105 +8.406302054e-001 +8.406302054e-001 -8.625993698e+002 -8.625993698e+002 -5.2708e-001 -1.2600e+000 +2.9305e+000 +2.5658e-001 +2.0766e-001
1108 +8.066403367e-001 +8.066403367e-001 -8.626333597e+002 -8.626333597e+002 -5.4447e-001 -1.2579e+000 +2.9273e+000 +2.5532e-001 +2.1294e-001
1115 +7.869635887e-001 +7.869635887e-001 -8.626530364e+002 -8.626530364e+002 -5.3765e-001 -1.2544e+000 +2.9298e+000 +2.5786e-001 +2.1976e-001
1133 +7.205224121e-001 +7.205224121e-001 -8.627194776e+002 -8.627194776e+002 -5.3874e-001 -1.2517e+000 +2.9439e+000 +2.6453e-001 +2.0736e-001
1301 +6.996352281e-001 +6.996352281e-001 -8.627403648e+002 -8.627403648e+002 -5.4520e-001 -1.2673e+000 +2.9351e+000 +2.7074e-001 +2.1963e-001
1414 +6.853924546e-001 +6.853924546e-001 -8.627546075e+002 -8.627546075e+002 -5.3924e-001 -1.2621e+000 +2.9363e+000 +2.6789e-001 +2.1599e-001
1478 +6.719624636e-001 +6.719624636e-001 -8.627680375e+002 -8.627680375e+002 -5.4088e-001 -1.2627e+000 +2.9360e+000 +2.6886e-001 +2.1372e-001
1507 +6.562970193e-001 +6.562970193e-001 -8.627837030e+002 -8.627837030e+002 -5.4183e-001 -1.2609e+000 +2.9365e+000 +2.6520e-001 +2.1141e-001
1552 +6.334573407e-001 +6.334573407e-001 -8.628065427e+002 -8.628065427e+002 -5.3981e-001 -1.2615e+000 +2.9377e+000 +2.6884e-001 +2.1331e-001
1776 +6.256270250e-001 +6.256270250e-001 -8.628143730e+002 -8.628143730e+002 -5.4016e-001 -1.2613e+000 +2.9376e+000 +2.6835e-001 +2.1309e-001
2067 +6.159245302e-001 +6.159245302e-001 -8.628240755e+002 -8.628240755e+002 -5.4029e-001 -1.2610e+000 +2.9378e+000 +2.6751e-001 +2.1240e-001
% function evaluation | noise-free fitness - Fopt (1.318500000000e+002) | best noise-free fitness - Fopt | measured fitness | best measured fitness | x1 | x2...
1 +1.201893082e+002 +1.201893082e+002 +2.520393082e+002 +2.520393082e+002 +4.5069e+000 +2.3000e+000 +3.4794e+000 +8.9614e-001 -3.6901e+000
6 +3.891704638e+001 +3.891704638e+001 +1.707670464e+002 +1.707670464e+002 +4.1892e+000 +2.2266e-001 +2.2200e-001 -5.3723e-001 -5.9263e+000
13 +3.581972904e+001 +3.581972904e+001 +1.676697290e+002 +1.676697290e+002 +5.3381e+000 +6.0447e+000 -1.9704e-001 -3.7513e+000 -4.8611e+000
17 +1.099090792e+001 +1.099090792e+001 +1.428409079e+002 +1.428409079e+002 +1.5191e+000 +2.3369e+000 +3.0410e+000 -1.7252e+000 -4.7444e+000
48 +9.248677501e+000 +9.248677501e+000 +1.410986775e+002 +1.410986775e+002 +2.2644e+000 +2.2445e+000 +2.8992e+000 -3.1375e+000 -4.6385e+000
70 +5.166556105e+000 +5.166556105e+000 +1.370165561e+002 +1.370165561e+002 -3.0694e-002 +4.6050e-001 +9.5412e-001 -3.0422e+000 -4.9468e-002
129 +4.680183604e+000 +4.680183604e+000 +1.365301836e+002 +1.365301836e+002 +1.7356e+000 +2.1903e-001 +2.5349e+000 -1.4382e+000 -1.4116e+000
158 +3.958570310e+000 +3.958570310e+000 +1.358085703e+002 +1.358085703e+002 +1.7030e+000 -1.4496e-001 +2.3820e+000 -1.6758e+000 -8.0494e-001
192 +3.337995829e+000 +3.337995829e+000 +1.351879958e+002 +1.351879958e+002 +1.6212e+000 +2.9749e-001 +2.6901e+000 -2.4496e+000 +1.9863e-001
214 +2.917754289e+000 +2.917754289e+000 +1.347677543e+002 +1.347677543e+002 +1.9849e+000 +5.1290e-002 +1.3521e+000 -2.8076e+000 -1.6720e-001
249 +2.355976030e+000 +2.355976030e+000 +1.342059760e+002 +1.342059760e+002 +1.5749e+000 +7.7493e-001 +2.1398e+000 -3.9605e+000 -8.6367e-001
394 +1.986619262e+000 +1.986619262e+000 +1.338366193e+002 +1.338366193e+002 +1.5686e+000 +3.2703e-001 +1.7062e+000 -4.0612e+000 -5.5176e-001
424 +1.921833147e+000 +1.921833147e+000 +1.337718331e+002 +1.337718331e+002 +2.1245e+000 +6.5602e-001 +1.9580e+000 -3.6865e+000 -6.3363e-001
580 +1.355254710e+000 +1.355254710e+000 +1.332052547e+002 +1.332052547e+002 +2.4193e-001 +5.6602e-001 +1.7519e+000 -4.2536e+000 -1.1079e+000
631 +1.112771573e+000 +1.112771573e+000 +1.329627716e+002 +1.329627716e+002 -1.5279e-001 -1.4832e-001 +1.9945e+000 -4.0984e+000 -1.0739e+000
652 +7.754617931e-001 +7.754617931e-001 +1.326254618e+002 +1.326254618e+002 -1.8323e-002 +3.0708e-001 +2.0152e+000 -3.7485e+000 -1.5928e+000
724 +5.179054326e-001 +5.179054326e-001 +1.323679054e+002 +1.323679054e+002 -7.4172e-002 +2.3334e-001 +1.7278e+000 -3.5891e+000 -1.6508e+000
787 +4.344072870e-001 +4.344072870e-001 +1.322844073e+002 +1.322844073e+002 +5.0613e-003 -8.5198e-002 +2.1176e+000 -3.5485e+000 -1.8196e+000
817 +3.789772316e-001 +3.789772316e-001 +1.322289772e+002 +1.322289772e+002 +5.1328e-002 +6.5370e-002 +2.0127e+000 -3.4010e+000 -1.7684e+000
930 +2.771841316e-001 +2.771841316e-001 +1.321271841e+002 +1.321271841e+002 -1.2102e-001 +1.4148e-001 +1.7886e+000 -3.8147e+000 -1.8043e+000
1006 +2.395652342e-001 +2.395652342e-001 +1.320895652e+002 +1.320895652e+002 +1.5637e-002 +2.2831e-003 +1.9290e+000 -3.4397e+000 -1.8184e+000
1013 +1.553372483e-001 +1.553372483e-001 +1.320053372e+002 +1.320053372e+002 +4.8605e-002 +1.0307e-001 +1.8715e+000 -3.5107e+000 -1.8341e+000
1083 +1.131505905e-001 +1.131505905e-001 +1.319631506e+002 +1.319631506e+002 +3.3272e-003 +1.3905e-001 +1.8244e+000 -3.5645e+000 -1.7789e+000
1155 +9.181304986e-002 +9.181304986e-002 +1.319418130e+002 +1.319418130e+002 +7.9981e-003 +6.5181e-002 +1.8428e+000 -3.5769e+000 -1.8074e+000
1194 +7.418281458e-002 +7.418281458e-002 +1.319241828e+002 +1.319241828e+002 +3.2366e-002 +1.4407e-001 +1.7649e+000 -3.5905e+000 -1.8206e+000
1318 +4.446471739e-002 +4.446471739e-002 +1.318944647e+002 +1.318944647e+002 +1.6699e-002 +1.0407e-001 +1.7956e+000 -3.6012e+000 -1.7874e+000
1426 +2.722662855e-002 +2.722662855e-002 +1.318772266e+002 +1.318772266e+002 -9.7268e-003 +1.4657e-001 +1.7266e+000 -3.6385e+000 -1.7748e+000
1555 +2.231152356e-002 +2.231152356e-002 +1.318723115e+002 +1.318723115e+002 -4.8446e-003 +1.3789e-001 +1.7446e+000 -3.6348e+000 -1.7763e+000
1587 +8.605082121e-003 +8.605082121e-003 +1.318586051e+002 +1.318586051e+002 -8.8542e-003 +1.3613e-001 +1.7393e+000 -3.6377e+000 -1.7717e+000
1793 +8.371824262e-003 +8.371824262e-003 +1.318583718e+002 +1.318583718e+002 -9.7743e-003 +1.3655e-001 +1.7392e+000 -3.6408e+000 -1.7736e+000
1803 +7.865521495e-003 +7.865521495e-003 +1.318578655e+002 +1.318578655e+002 -8.9896e-003 +1.3573e-001 +1.7399e+000 -3.6405e+000 -1.7747e+000
1804 +6.789652477e-003 +6.789652477e-003 +1.318567897e+002 +1.318567897e+002 -9.1469e-003 +1.3613e-001 +1.7391e+000 -3.6401e+000 -1.7731e+000
1835 +6.705942495e-003 +6.705942495e-003 +1.318567059e+002 +1.318567059e+002 -9.3764e-003 +1.3621e-001 +1.7396e+000 -3.6409e+000 -1.7735e+000
1838 +5.723631755e-003 +5.723631755e-003 +1.318557236e+002 +1.318557236e+002 -9.4534e-003 +1.3664e-001 +1.7399e+000 -3.6415e+000 -1.7736e+000
1895 +5.426101740e-003 +5.426101740e-003 +1.318554261e+002 +1.318554261e+002 -9.4802e-003 +1.3643e-001 +1.7392e+000 -3.6393e+000 -1.7735e+000
1907 +4.645622254e-003 +4.645622254e-003 +1.318546456e+002 +1.318546456e+002 -9.8056e-003 +1.3614e-001 +1.7394e+000 -3.6399e+000 -1.7732e+000
1996 +4.421232376e-003 +4.421232376e-003 +1.318544212e+002 +1.318544212e+002 -9.1928e-003 +1.3628e-001 +1.7395e+000 -3.6386e+000 -1.7732e+000
2063 +4.188520735e-003 +4.188520735e-003 +1.318541885e+002 +1.318541885e+002 -9.5533e-003 +1.3588e-001 +1.7394e+000 -3.6391e+000 -1.7730e+000
2104 +3.368941497e-003 +3.368941497e-003 +1.318533689e+002 +1.318533689e+002 -9.5056e-003 +1.3597e-001 +1.7394e+000 -3.6389e+000 -1.7729e+000
2321 +3.114612032e-003 +3.114612032e-003 +1.318531146e+002 +1.318531146e+002 -9.5401e-003 +1.3591e-001 +1.7394e+000 -3.6386e+000 -1.7729e+000
2530 +3.066572690e-003 +3.066572690e-003 +1.318530666e+002 +1.318530666e+002 -9.4590e-003 +1.3604e-001 +1.7393e+000 -3.6388e+000 -1.7729e+000
2713 +2.931321551e-003 +2.931321551e-003 +1.318529313e+002 +1.318529313e+002 -9.5197e-003 +1.3598e-001 +1.7393e+000 -3.6388e+000 -1.7729e+000
2763 +2.877661735e-003 +2.877661735e-003 +1.318528777e+002 +1.318528777e+002 -9.5049e-003 +1.3597e-001 +1.7393e+000 -3.6387e+000 -1.7729e+000
2857 +2.563749960e-003 +2.563749960e-003 +1.318525637e+002 +1.318525637e+002 -9.5349e-003 +1.3597e-001 +1.7393e+000 -3.6388e+000 -1.7729e+000
2980 +2.502372965e-003 +2.502372965e-003 +1.318525024e+002 +1.318525024e+002 -9.5421e-003 +1.3597e-001 +1.7393e+000 -3.6389e+000 -1.7728e+000
3153 +2.444832859e-003 +2.444832859e-003 +1.318524448e+002 +1.318524448e+002 -9.5428e-003 +1.3597e-001 +1.7393e+000 -3.6389e+000 -1.7728e+000
283935 +2.398830903e-003 +2.398830903e-003 +1.318523988e+002 +1.318523988e+002 -9.3517e-003 +1.3560e-001 +1.7399e+000 -3.6384e+000 -1.7729e+000
