% function evaluation | noise-free fitness - Fopt (-1.694000000000e+001) | best noise-free fitness - Fopt | measured fitness | best measured fitness | x1 | x2...
1 +1.637865506e+002 +1.637865506e+002 +1.468465506e+002 +1.468465506e+002 +1.4154e+000 +2.7415e-002 -8.5363e+000
2 +1.305496291e+001 +1.305496291e+001 -3.885037090e+000 -3.885037090e+000 +1.4137e+000 -2.0604e+000 -3.8017e+000
5 +7.989404827e+000 +7.989404827e+000 -8.950595173e+000 -8.950595173e+000 +1.5100e+000 +5.4726e-001 -3.0121e+000
18 +5.435403867e+000 +5.435403867e+000 -1.150459613e+001 -1.150459613e+001 +3.8341e+000 +6.1370e-001 -1.3503e+000
90 +4.518555608e+000 +4.518555608e+000 -1.242144439e+001 -1.242144439e+001 +2.7161e+000 +6.4551e-001 -1.7443e+000
118 +2.951361165e+000 +2.951361165e+000 -1.398863884e+001 -1.398863884e+001 +2.2691e+000 +1.6629e+000 -1.0491e+000
120 +2.495522698e+000 +2.495522698e+000 -1.444447730e+001 -1.444447730e+001 +2.5855e+000 +1.7184e+000 -6.5554e-001
151 +1.810619624e+000 +1.810619624e+000 -1.512938038e+001 -1.512938038e+001 +2.4149e+000 +1.5815e+000 -8.6961e-001
179 +1.171300581e+000 +1.171300581e+000 -1.576869942e+001 -1.576869942e+001 +2.6460e+000 +1.4533e+000 -8.4929e-001
278 +1.094762515e+000 +1.094762515e+000 -1.584523748e+001 -1.584523748e+001 +2.8761e+000 +2.1278e+000 -8.9133e-001
291 +9.734074842e-001 +9.734074842e-001 -1.596659252e+001 -1.596659252e+001 +2.6785e+000 +1.5622e+000 -5.6331e-001
347 +7.644053167e-001 +7.644053167e-001 -1.617559468e+001 -1.617559468e+001 +2.6810e+000 +1.5079e+000 -6.6116e-001
394 +6.413349633e-001 +6.413349633e-001 -1.629866504e+001 -1.629866504e+001 +2.6450e+000 +1.5318e+000 -6.4856e-001
527 +6.118637091e-001 +6.118637091e-001 -1.632813629e+001 -1.632813629e+001 +2.6626e+000 +1.5364e+000 -6.5359e-001
534 +5.727850004e-001 +5.727850004e-001 -1.636721500e+001 -1.636721500e+001 +2.6588e+000 +1.5425e+000 -6.5582e-001
567 +5.583399453e-001 +5.583399453e-001 -1.638166005e+001 -1.638166005e+001 +2.6593e+000 +1.5459e+000 -6.5216e-001
598 +5.427394812e-001 +5.427394812e-001 -1.639726052e+001 -1.639726052e+001 +2.6591e+000 +1.5457e+000 -6.5347e-001
601 +5.361862739e-001 +5.361862739e-001 -1.640381373e+001 -1.640381373e+001 +2.6597e+000 +1.5524e+000 -6.5520e-001
625 +5.102079456e-001 +5.102079456e-001 -1.642979205e+001 -1.642979205e+001 +2.6603e+000 +1.5523e+000 -6.5468e-001
800 +5.011539704e-001 +5.011539704e-001 -1.643884603e+001 -1.643884603e+001 +2.6609e+000 +1.5526e+000 -6.5551e-001
39083 +4.897070939e-001 +4.897070939e-001 -1.645029291e+001 -1.645029291e+001 +2.6608e+000 +1.5523e+000 -6.5529e-001
% function evaluation | noise-free fitness - Fopt (1.881000000000e+001) | best noise-free fitness - Fopt | measured fitness | best measured fitness | x1 | x2...
1 +4.376629494e+000 +4.376629494e+000 +2.318662949e+001 +2.318662949e+001 -1.2647e+000 +1.4754e+000 -8.2418e-001
11 +3.561927094e+000 +3.561927094e+000 +2.237192709e+001 +2.237192709e+001 -1.9065e+000 +1.0384e+000 -2.1505e+000
39 +1.232456783e+000 +1.232456783e+000 +2.004245678e+001 +2.004245678e+001 -8.0263e-001 +1.9370e+000 -5.9112e-001
51 +1.092920950e+000 +1.092920950e+000 +1.990292095e+001 +1.990292095e+001 +4.2173e-001 +2.1343e+000 -1.2398e+000
64 +1.028473471e+000 +1.028473471e+000 +1.983847347e+001 +1.983847347e+001 -4.9320e-001 +1.7428e+000 -8.3071e-001
81 +1.019385201e+000 +1.019385201e+000 +1.982938520e+001 +1.982938520e+001 -4.2220e-001 +1.7614e+000 -4.5288e-001
87 +7.286820091e-001 +7.286820091e-001 +1.953868201e+001 +1.953868201e+001 -3.9569e-001 +2.0305e+000 -6.9408e-001
106 +6.687586129e-001 +6.687586129e-001 +1.947875861e+001 +1.947875861e+001 -4.8496e-001 +1.5302e+000 -5.6298e-001
125 +5.340226325e-001 +5.340226325e-001 +1.934402263e+001 +1.934402263e+001 -2.2148e-001 +1.6953e+000 -5.6260e-001
140 +5.003177190e-001 +5.003177190e-001 +1.931031772e+001 +1.931031772e+001 -3.2237e-001 +1.6245e+000 -6.4299e-001
159 +4.629594354e-001 +4.629594354e-001 +1.927295944e+001 +1.927295944e+001 -3.7594e-001 +1.5485e+000 -5.9218e-001
162 +3.226885533e-001 +3.226885533e-001 +1.913268855e+001 +1.913268855e+001 -3.9080e-001 +1.5349e+000 -6.1374e-001
166 +2.518831856e-001 +2.518831856e-001 +1.906188319e+001 +1.906188319e+001 -4.4912e-001 +1.5559e+000 -6.3923e-001
167 +2.499568753e-001 +2.499568753e-001 +1.905995688e+001 +1.905995688e+001 -4.2152e-001 +1.6455e+000 -6.3120e-001
216 +1.843181369e-001 +1.843181369e-001 +1.899431814e+001 +1.899431814e+001 -4.8552e-001 +1.6164e+000 -5.6054e-001
236 +1.800465672e-001 +1.800465672e-001 +1.899004657e+001 +1.899004657e+001 -4.8971e-001 +1.5915e+000 -5.9027e-001
422 +1.684233213e-001 +1.684233213e-001 +1.897842332e+001 +1.897842332e+001 -5.0754e-001 +1.5997e+000 -5.7166e-001
% function evaluation | noise-free fitness - Fopt (2.731500000000e+002) | best noise-free fitness - Fopt | measured fitness | best measured fitness | x1 | x2...
1 +1.006735488e+003 +1.006735488e+003 +1.279885488e+003 +1.279885488e+003 +1.2105e+001 +1.2307e+000 +2.2817e+000
2 +1.936506849e+002 +1.936506849e+002 +4.668006849e+002 +4.668006849e+002 +3.7381e+000 +1.6392e+000 +6.1771e+000
3 +3.407363019e+001 +3.407363019e+001 +3.072236302e+002 +3.072236302e+002 +4.1138e+000 +2.0263e+000 +4.3157e+000
8 +1.463312264e+001 +1.463312264e+001 +2.877831226e+002 +2.877831226e+002 -2.9185e+000 +4.1272e+000 +2.3821e+000
13 +1.205677872e+001 +1.205677872e+001 +2.852067787e+002 +2.852067787e+002 +2.6888e+000 +4.9390e+000 +1.8499e+000
16 +5.823605220e+000 +5.823605220e+000 +2.789736052e+002 +2.789736052e+002 -2.1423e+000 +3.7353e+000 -2.3004e-001
21 +1.339055882e+000 +1.339055882e+000 +2.744890559e+002 +2.744890559e+002 -2.8420e+000 +4.8820e+000 -3.0379e-002
64 +9.335794698e-001 +9.335794698e-001 +2.740835795e+002 +2.740835795e+002 -3.4771e+000 +3.8609e+000 -8.8944e-001
69 +6.452038473e-001 +6.452038473e-001 +2.737952038e+002 +2.737952038e+002 -3.0830e+000 +4.1120e+000 -6.9913e-001
107 +4.514248039e-001 +4.514248039e-001 +2.736014248e+002 +2.736014248e+002 -3.4331e+000 +3.5283e+000 -3.3878e-001
114 +1.512873661e-001 +1.512873661e-001 +2.733012874e+002 +2.733012874e+002 -3.5096e+000 +3.8752e+000 -4.1951e-001
160 +1.471088915e-001 +1.471088915e-001 +2.732971089e+002 +2.732971089e+002 -3.5367e+000 +3.6551e+000 -4.5309e-001
163 +1.442320241e-001 +1.442320241e-001 +2.732942320e+002 +2.732942320e+002 -3.5225e+000 +3.6890e+000 -4.2824e-001
166 +9.017318766e-002 +9.017318766e-002 +2.732401732e+002 +2.732401732e+002 -3.5403e+000 +3.7384e+000 -4.7774e-001
179 +7.974104831e-002 +7.974104831e-002 +2.732297410e+002 +2.732297410e+002 -3.5240e+000 +3.7782e+000 -4.7086e-001
193 +5.004951884e-002 +5.004951884e-002 +2.732000495e+002 +2.732000495e+002 -3.5606e+000 +3.7560e+000 -4.6087e-001
209 +2.506330169e-002 +2.506330169e-002 +2.731750633e+002 +2.731750633e+002 -3.5862e+000 +3.7288e+000 -4.9183e-001
233 +9.408669679e-003 +9.408669679e-003 +2.731594087e+002 +2.731594087e+002 -3.5752e+000 +3.7513e+000 -4.7492e-001
320 +8.471910448e-003 +8.471910448e-003 +2.731584719e+002 +2.731584719e+002 -3.5782e+000 +3.7485e+000 -4.8119e-001
332 +6.218000054e-003 +6.218000054e-003 +2.731562180e+002 +2.731562180e+002 -3.5840e+000 +3.7469e+000 -4.7991e-001
359 +4.125741722e-003 +4.125741722e-003 +2.731541257e+002 +2.731541257e+002 -3.5781e+000 +3.7551e+000 -4.8002e-001
411 +2.244852959e-003 +2.244852959e-003 +2.731522449e+002 +2.731522449e+002 -3.5800e+000 +3.7535e+000 -4.7918e-001
442 +1.928530150e-003 +1.928530150e-003 +2.731519285e+002 +2.731519285e+002 -3.5802e+000 +3.7532e+000 -4.7920e-001
481 +1.287840059e-003 +1.287840059e-003 +2.731512878e+002 +2.731512878e+002 -3.5795e+000 +3.7531e+000 -4.7860e-001
499 +1.018897864e-003 +1.018897864e-003 +2.731510189e+002 +2.731510189e+002 -3.5792e+000 +3.7532e+000 -4.7894e-001
580 +8.132623813e-004 +8.132623813e-004 +2.731508133e+002 +2.731508133e+002 -3.5797e+000 +3.7529e+000 -4.7849e-001
601 +7.159071705e-004 +7.159071705e-004 +2.731507159e+002 +2.731507159e+002 -3.5797e+000 +3.7530e+000 -4.7843e-001
624 +6.902986789e-004 +6.902986789e-004 +2.731506903e+002 +2.731506903e+002 -3.5797e+000 +3.7529e+000 -4.7851e-001
648 +6.011639466e-004 +6.011639466e-004 +2.731506012e+002 +2.731506012e+002 -3.5797e+000 +3.7529e+000 -4.7854e-001
677 +5.692096187e-004 +5.692096187e-004 +2.731505692e+002 +2.731505692e+002 -3.5796e+000 +3.7529e+000 -4.7850e-001
705 +4.739273957e-004 +4.739273957e-004 +2.731504739e+002 +2.731504739e+002 -3.5796e+000 +3.7529e+000 -4.7849e-001
725 +4.569133845e-004 +4.569133845e-004 +2.731504569e+002 +2.731504569e+002 -3.5796e+000 +3.7529e+000 -4.7849e-001
734 +4.430595337e-004 +4.430595337e-004 +2.731504431e+002 +2.731504431e+002 -3.5796e+000 +3.7529e+000 -4.7849e-001
742 +3.788892329e-004 +3.788892329e-004 +2.731503789e+002 +2.731503789e+002 -3.5797e+000 +3.7529e+000 -4.7848e-001
779 +3.424982373e-004 +3.424982373e-004 +2.731503425e+002 +2.731503425e+002 -3.5797e+000 +3.7528e+000 -4.7850e-001
1217 +3.386984582e-004 +3.386984582e-004 +2.731503387e+002 +2.731503387e+002 -3.5797e+000 +3.7528e+000 -4.7851e-001
1218 +2.941503027e-004 +2.941503027e-004 +2.731502942e+002 +2.731502942e+002 -3.5797e+000 +3.7528e+000 -4.7850e-001
% function evaluation | noise-free fitness - Fopt (3.718000000000e+001) | best noise-free fitness - Fopt | measured fitness | best measured fitness | x1 | x2...
1 +3.542598279e+001 +3.542598279e+001 +7.260598279e+001 +7.260598279e+001 +4.5950e+000 -3.4586e+000 +3.1876e+000
3 +3.143738030e+001 +3.143738030e+001 +6.861738030e+001 +6.861738030e+001 +4.6805e+000 -2.9731e+000 +3.5774e+000
16 +1.883884171e+001 +1.883884171e+001 +5.601884171e+001 +5.601884171e+001 +5.0084e+000 -1.7816e+000 +5.3864e+000
26 +1.243622659e+001 +1.243622659e+001 +4.961622659e+001 +4.961622659e+001 +2.1477e+000 -1.7519e+000 +4.2755e+000
56 +1.160794693e+001 +1.160794693e+001 +4.878794693e+001 +4.878794693e+001 +9.8533e-001 -2.6622e+000 +2.4718e+000
109 +9.636285813e+000 +9.636285813e+000 +4.681628581e+001 +4.681628581e+001 +2.5163e+000 +2.5123e+000 +1.9345e+000
117 +8.076378077e+000 +8.076378077e+000 +4.525637808e+001 +4.525637808e+001 +2.4655e+000 +1.5861e-001 +2.0879e+000
134 +7.407613479e+000 +7.407613479e+000 +4.458761348e+001 +4.458761348e+001 +2.7373e+000 +9.5673e-001 +2.6078e+000
239 +5.930654074e+000 +5.930654074e+000 +4.311065407e+001 +4.311065407e+001 +2.9207e+000 +2.5416e+000 +2.5197e+000
254 +4.929533377e+000 +4.929533377e+000 +4.210953338e+001 +4.210953338e+001 +2.7714e+000 +2.5267e+000 +2.6225e+000
473 +4.596227872e+000 +4.596227872e+000 +4.177622787e+001 +4.177622787e+001 +2.8679e+000 +2.4934e+000 +2.4469e+000
508 +4.534668816e+000 +4.534668816e+000 +4.171466882e+001 +4.171466882e+001 +2.9195e+000 +2.4426e+000 +2.4790e+000
510 +4.397509683e+000 +4.397509683e+000 +4.157750968e+001 +4.157750968e+001 +2.9302e+000 +2.4894e+000 +2.4394e+000
526 +3.480661757e+000 +3.480661757e+000 +4.066066176e+001 +4.066066176e+001 +1.8522e+000 +2.4854e+000 +2.4211e+000
558 +2.676237720e+000 +2.676237720e+000 +3.985623772e+001 +3.985623772e+001 -2.2320e+000 +2.3720e+000 +2.7220e+000
596 +1.556991378e+000 +1.556991378e+000 +3.873699138e+001 +3.873699138e+001 -2.5378e+000 +2.4910e+000 +2.3611e+000
604 +1.051564564e+000 +1.051564564e+000 +3.823156456e+001 +3.823156456e+001 -3.6269e+000 +2.3790e+000 +2.6237e+000
678 +1.031082210e+000 +1.031082210e+000 +3.821108221e+001 +3.821108221e+001 -3.8214e+000 +2.4552e+000 +2.5808e+000
% function evaluation | noise-free fitness - Fopt (-1.479000000000e+002) | best noise-free fitness - Fopt | measured fitness | best measured fitness | x1 | x2...
1 +1.213062601e+001 +1.213062601e+001 -1.357693740e+002 -1.357693740e+002 -1.3390e+000 -1.6740e+000 -5.3290e+000
4 +6.762466703e+000 +6.762466703e+000 -1.411375333e+002 -1.411375333e+002 -3.3769e+000 -3.8919e+000 -7.9977e-001
13 +6.716831065e+000 +6.716831065e+000 -1.411831689e+002 -1.411831689e+002 -1.6117e+000 -3.8771e+000 -1.0949e+000
15 +4.259774075e+000 +4.259774075e+000 -1.436402259e+002 -1.436402259e+002 -2.2105e+000 -1.7638e+000 -1.9559e+000
28 +3.335600620e+000 +3.335600620e+000 -1.445643994e+002 -1.445643994e+002 -2.5963e+000 -2.0196e+000 -1.5851e+000
55 +3.022111951e+000 +3.022111951e+000 -1.448778880e+002 -1.448778880e+002 -2.2445e+000 -1.8579e+000 -1.8275e+000
122 +1.662225538e+000 +1.662225538e+000 -1.462377745e+002 -1.462377745e+002 -1.8541e+000 -4.7568e-001 -5.6944e-001
143 +1.483754676e+000 +1.483754676e+000 -1.464162453e+002 -1.464162453e+002 -2.1254e+000 -6.5377e-001 -3.5111e-001
155 +1.044997980e+000 +1.044997980e+000 -1.468550020e+002 -1.468550020e+002 -1.6685e+000 -8.0368e-001 -4.5520e-001
175 +9.866435234e-001 +9.866435234e-001 -1.469133565e+002 -1.469133565e+002 -1.6081e+000 -7.0749e-001 -5.0716e-001
214 +9.422633555e-001 +9.422633555e-001 -1.469577366e+002 -1.469577366e+002 -1.8049e+000 -6.8593e-001 -4.9426e-001
218 +9.039122964e-001 +9.039122964e-001 -1.469960877e+002 -1.469960877e+002 -1.8373e+000 -7.2302e-001 -4.8704e-001
232 +8.028992489e-001 +8.028992489e-001 -1.470971008e+002 -1.470971008e+002 -1.8029e+000 -7.1453e-001 -4.8553e-001
312 +6.840837504e-001 +6.840837504e-001 -1.472159162e+002 -1.472159162e+002 -1.7942e+000 -7.3850e-001 -4.7209e-001
316 +6.544553460e-001 +6.544553460e-001 -1.472455447e+002 -1.472455447e+002 -1.8054e+000 -7.6131e-001 -5.0593e-001
321 +6.067938375e-001 +6.067938375e-001 -1.472932062e+002 -1.472932062e+002 -1.8059e+000 -7.7347e-001 -4.8533e-001
390 +5.934225524e-001 +5.934225524e-001 -1.473065774e+002 -1.473065774e+002 -1.7908e+000 -7.5901e-001 -4.9093e-001
402 +5.421888608e-001 +5.421888608e-001 -1.473578111e+002 -1.473578111e+002 -1.8003e+000 -7.5040e-001 -4.5948e-001
562 +5.080432932e-001 +5.080432932e-001 -1.473919567e+002 -1.473919567e+002 -1.7988e+000 -7.5894e-001 -4.7505e-001
773 +4.845641546e-001 +4.845641546e-001 -1.474154358e+002 -1.474154358e+002 -1.8004e+000 -7.6700e-001 -4.8550e-001
994 +4.733061289e-001 +4.733061289e-001 -1.474266939e+002 -1.474266939e+002 -1.8000e+000 -7.6677e-001 -4.8574e-001
1016 +4.659900044e-001 +4.659900044e-001 -1.474340100e+002 -1.474340100e+002 -1.8000e+000 -7.6693e-001 -4.8586e-001
% function evaluation | noise-free fitness - Fopt (-6.080000000000e+000) | best noise-free fitness - Fopt | measured fitness | best measured fitness | x1 | x2...
1 +1.486716997e+001 +1.486716997e+001 +8.787169970e+000 +8.787169970e+000 -1.6358e+000 -4.4080e-001 -1.8184e+000
5 +1.418547515e+001 +1.418547515e+001 +8.105475148e+000 +8.105475148e+000 +4.1120e-001 +4.6197e+000 -7.4602e-001
6 +1.055614833e+000 +1.055614833e+000 -5.024385167e+000 -5.024385167e+000 +7.1407e-001 +2.4064e+000 -2.9200e+000
288 +1.045485445e+000 +1.045485445e+000 -5.034514555e+000 -5.034514555e+000 +8.5304e-002 +2.0248e+000 -2.0442e+000
305 +9.244942415e-001 +9.244942415e-001 -5.155505758e+000 -5.155505758e+000 +7.6817e-001 +2.5434e+000 -3.0637e+000
321 +5.332523517e-001 +5.332523517e-001 -5.546747648e+000 -5.546747648e+000 +2.9691e-001 +2.2042e+000 -3.0497e+000
349 +3.189517896e-001 +3.189517896e-001 -5.761048210e+000 -5.761048210e+000 +6.5466e-001 +2.0963e+000 -3.2917e+000
389 +2.667029166e-001 +2.667029166e-001 -5.813297083e+000 -5.813297083e+000 +4.5730e-001 +1.9696e+000 -2.9463e+000
392 +2.539821304e-001 +2.539821304e-001 -5.826017870e+000 -5.826017870e+000 +5.8027e-001 +1.9597e+000 -3.0657e+000
394 +2.486709963e-001 +2.486709963e-001 -5.831329004e+000 -5.831329004e+000 +4.4787e-001 +2.0360e+000 -2.9356e+000
395 +2.003929745e-001 +2.003929745e-001 -5.879607025e+000 -5.879607025e+000 +5.3761e-001 +2.0498e+000 -3.0237e+000
408 +1.697889417e-001 +1.697889417e-001 -5.910211058e+000 -5.910211058e+000 +5.2757e-001 +2.0375e+000 -3.0759e+000
417 +1.544066347e-001 +1.544066347e-001 -5.925593365e+000 -5.925593365e+000 +5.2739e-001 +2.0337e+000 -3.0657e+000
420 +1.422401630e-001 +1.422401630e-001 -5.937759837e+000 -5.937759837e+000 +5.2328e-001 +2.0584e+000 -3.0298e+000
447 +7.965564239e-002 +7.965564239e-002 -6.000344358e+000 -6.000344358e+000 +5.2802e-001 +2.0498e+000 -3.1100e+000
508 +7.044734976e-002 +7.044734976e-002 -6.009552650e+000 -6.009552650e+000 +5.4195e-001 +2.0382e+000 -3.1072e+000
535 +6.287007257e-002 +6.287007257e-002 -6.017129927e+000 -6.017129927e+000 +5.4559e-001 +2.0405e+000 -3.0988e+000
544 +6.142795585e-002 +6.142795585e-002 -6.018572044e+000 -6.018572044e+000 +5.3964e-001 +2.0465e+000 -3.0944e+000
558 +5.902426837e-002 +5.902426837e-002 -6.020975732e+000 -6.020975732e+000 +5.4256e-001 +2.0422e+000 -3.0905e+000
% function evaluation | noise-free fitness - Fopt (2.431100000000e+002) | best noise-free fitness - Fopt | measured fitness | best measured fitness | x1 | x2...
1 +9.291526428e+000 +9.291526428e+000 +2.524015264e+002 +2.524015264e+002 -2.9075e+000 -1.3467e+000 -3.0469e+000
11 +5.103157539e+000 +5.103157539e+000 +2.482131575e+002 +2.482131575e+002 -3.8727e+000 -2.9318e+000 -2.7851e+000
15 +4.828492381e+000 +4.828492381e+000 +2.479384924e+002 +2.479384924e+002 -4.1853e+000 -2.2422e+000 -2.1606e+000
17 +1.536962154e+000 +1.536962154e+000 +2.446469622e+002 +2.446469622e+002 -4.9389e+000 -2.2398e+000 -1.7867e+000
106 +8.601561664e-001 +8.601561664e-001 +2.439701562e+002 +2.439701562e+002 -3.3037e+000 -1.8649e+000 -2.9198e-001
122 +5.706953519e-001 +5.706953519e-001 +2.436806954e+002 +2.436806954e+002 -3.3880e+000 -1.1146e+000 -4.2593e-002
167 +4.910695120e-001 +4.910695120e-001 +2.436010695e+002 +2.436010695e+002 -3.9510e+000 -1.5067e+000 -7.4754e-001
169 +3.217286670e-001 +3.217286670e-001 +2.434317287e+002 +2.434317287e+002 -3.7729e+000 -1.5435e+000 -4.3821e-001
172 +1.648344858e-001 +1.648344858e-001 +2.432748345e+002 +2.432748345e+002 -3.8414e+000 -1.4675e+000 -5.6563e-001
253 +1.608368268e-001 +1.608368268e-001 +2.432708368e+002 +2.432708368e+002 -3.7363e+000 -1.5292e+000 -5.7335e-001
261 +9.635078407e-002 +9.635078407e-002 +2.432063508e+002 +2.432063508e+002 -3.7700e+000 -1.5074e+000 -6.7264e-001
324 +9.366129772e-002 +9.366129772e-002 +2.432036613e+002 +2.432036613e+002 -3.8121e+000 -1.5056e+000 -7.1218e-001
346 +8.643768100e-002 +8.643768100e-002 +2.431964377e+002 +2.431964377e+002 -3.7888e+000 -1.4902e+000 -6.3827e-001
354 +7.701845420e-002 +7.701845420e-002 +2.431870185e+002 +2.431870185e+002 -3.7888e+000 -1.4647e+000 -6.3732e-001
370 +7.209618078e-002 +7.209618078e-002 +2.431820962e+002 +2.431820962e+002 -3.7958e+000 -1.4632e+000 -6.1729e-001
377 +3.382594133e-002 +3.382594133e-002 +2.431438259e+002 +2.431438259e+002 -3.7835e+000 -1.4667e+000 -6.6081e-001
390 +2.631259403e-002 +2.631259403e-002 +2.431363126e+002 +2.431363126e+002 -3.7569e+000 -1.4661e+000 -6.3214e-001
396 +2.412765144e-002 +2.412765144e-002 +2.431341277e+002 +2.431341277e+002 -3.7736e+000 -1.4606e+000 -6.4742e-001
412 +2.360513156e-002 +2.360513156e-002 +2.431336051e+002 +2.431336051e+002 -3.7707e+000 -1.4628e+000 -6.3745e-001
416 +8.429307626e-003 +8.429307626e-003 +2.431184293e+002 +2.431184293e+002 -3.7691e+000 -1.4499e+000 -6.4443e-001
430 +7.503724056e-003 +7.503724056e-003 +2.431175037e+002 +2.431175037e+002 -3.7681e+000 -1.4432e+000 -6.3990e-001
482 +6.395851220e-003 +6.395851220e-003 +2.431163959e+002 +2.431163959e+002 -3.7676e+000 -1.4423e+000 -6.4064e-001
485 +3.131429537e-003 +3.131429537e-003 +2.431131314e+002 +2.431131314e+002 -3.7643e+000 -1.4429e+000 -6.3980e-001
523 +1.422124591e-003 +1.422124591e-003 +2.431114221e+002 +2.431114221e+002 -3.7655e+000 -1.4436e+000 -6.3848e-001
607 +8.085057630e-004 +8.085057630e-004 +2.431108085e+002 +2.431108085e+002 -3.7655e+000 -1.4441e+000 -6.3900e-001
684 +5.792988615e-004 +5.792988615e-004 +2.431105793e+002 +2.431105793e+002 -3.7653e+000 -1.4442e+000 -6.3911e-001
701 +4.376887730e-004 +4.376887730e-004 +2.431104377e+002 +2.431104377e+002 -3.7657e+000 -1.4442e+000 -6.3920e-001
734 +3.129364636e-004 +3.129364636e-004 +2.431103129e+002 +2.431103129e+002 -3.7657e+000 -1.4441e+000 -6.3941e-001
870 +2.413265090e-004 +2.413265090e-004 +2.431102413e+002 +2.431102413e+002 -3.7654e+000 -1.4439e+000 -6.3906e-001
916 +1.105365665e-004 +1.105365665e-004 +2.431101105e+002 +2.431101105e+002 -3.7656e+000 -1.4439e+000 -6.3919e-001
939 +6.133886546e-005 +6.133886546e-005 +2.431100613e+002 +2.431100613e+002 -3.7656e+000 -1.4440e+000 -6.3917e-001
% function evaluation | noise-free fitness - Fopt (-1.436200000000e+002) | best noise-free fitness - Fopt | measured fitness | best measured fitness | x1 | x2...
1 +3.724448775e+003 +3.724448775e+003 +3.580828775e+003 +3.580828775e+003 +3.5490e+000 -3.6370e+000 -1.4305e+001
2 +3.206654697e+002 +3.206654697e+002 +1.770454697e+002 +1.770454697e+002 +2.4653e+000 +3.1674e+000 -5.5684e+000
4 +4.012246795e+001 +4.012246795e+001 -1.034975320e+002 -1.034975320e+002 +9.6010e-001 +5.4697e+000 -3.2218e+000
9 +1.095718527e+001 +1.095718527e+001 -1.326628147e+002 -1.326628147e+002 -2.6795e+000 +4.7763e+000 -2.0597e+000
24 +4.745959688e+000 +4.745959688e+000 -1.388740403e+002 -1.388740403e+002 -4.4044e+000 +4.0927e+000 -1.5502e-001
40 +1.908581276e+000 +1.908581276e+000 -1.417114187e+002 -1.417114187e+002 -3.1849e+000 +3.8217e+000 +1.5246e+000
177 +1.659195616e+000 +1.659195616e+000 -1.419608044e+002 -1.419608044e+002 -3.0652e+000 +2.0977e+000 -5.2206e-001
222 +1.184597068e+000 +1.184597068e+000 -1.424354029e+002 -1.424354029e+002 -3.3164e+000 +1.5524e+000 -6.8550e-001
397 +1.170040713e+000 +1.170040713e+000 -1.424499593e+002 -1.424499593e+002 -2.9877e+000 +2.3095e+000 -9.6292e-002
524 +9.200522869e-001 +9.200522869e-001 -1.426999477e+002 -1.426999477e+002 -2.8948e+000 +2.3163e+000 -4.2277e-002
527 +7.638189779e-001 +7.638189779e-001 -1.428561810e+002 -1.428561810e+002 -2.9060e+000 +2.3451e+000 -2.2184e-002
564 +5.953394875e-001 +5.953394875e-001 -1.430246605e+002 -1.430246605e+002 -2.8057e+000 +3.2483e+000 +5.9582e-001
666 +3.467898068e-001 +3.467898068e-001 -1.432732102e+002 -1.432732102e+002 -2.7360e+000 +3.2071e+000 +7.7450e-001
690 +1.958612328e-001 +1.958612328e-001 -1.434241388e+002 -1.434241388e+002 -2.7232e+000 +3.1214e+000 +8.2690e-001
700 +1.743994909e-001 +1.743994909e-001 -1.434456005e+002 -1.434456005e+002 -2.7364e+000 +3.3008e+000 +9.7324e-001
729 +1.461986870e-001 +1.461986870e-001 -1.434738013e+002 -1.434738013e+002 -2.7306e+000 +3.2294e+000 +9.0449e-001
731 +1.334779429e-001 +1.334779429e-001 -1.434865221e+002 -1.434865221e+002 -2.7334e+000 +3.2184e+000 +8.8968e-001
757 +1.289589462e-001 +1.289589462e-001 -1.434910411e+002 -1.434910411e+002 -2.7317e+000 +3.2279e+000 +8.8643e-001
758 +1.282438940e-001 +1.282438940e-001 -1.434917561e+002 -1.434917561e+002 -2.7335e+000 +3.2259e+000 +8.8687e-001
797 +1.258726134e-001 +1.258726134e-001 -1.434941274e+002 -1.434941274e+002 -2.7325e+000 +3.2247e+000 +8.9445e-001
% function evaluation | noise-free fitness - Fopt (4.290000000000e+001) | best noise-free fitness - Fopt | measured fitness | best measured fitness | x1 | x2...
1 +2.288842475e+001 +2.288842475e+001 +6.578842475e+001 +6.578842475e+001 +5.6194e+000 +1.0150e+000 +2.2552e-001
5 +1.776366529e+001 +1.776366529e+001 +6.066366529e+001 +6.066366529e+001 +4.0603e+000 +3.0880e+000 -2.7330e+000
7 +1.114636435e+001 +1.114636435e+001 +5.404636435e+001 +5.404636435e+001 +3.3006e+000 -2.7269e-001 -2.1820e+000
14 +8.282468530e+000 +8.282468530e+000 +5.118246853e+001 +5.118246853e+001 +3.0434e+000 -8.6804e-001 +3.7612e-001
21 +5.604664551e+000 +5.604664551e+000 +4.850466455e+001 +4.850466455e+001 +3.4010e+000 +1.0229e+000 +1.0452e+000
35 +3.124053762e+000 +3.124053762e+000 +4.602405376e+001 +4.602405376e+001 +1.5168e+000 +5.7044e-001 +1.9312e+000
65 +1.101186108e+000 +1.101186108e+000 +4.400118611e+001 +4.400118611e+001 +1.8990e-001 +5.9007e-001 +2.5829e+000
157 +6.176337026e-001 +6.176337026e-001 +4.351763370e+001 +4.351763370e+001 +4.0914e-001 +5.6774e-002 +2.6613e+000
275 +5.845886066e-001 +5.845886066e-001 +4.348458861e+001 +4.348458861e+001 +3.6987e-001 +3.8716e-001 +2.8910e+000
277 +3.987371667e-001 +3.987371667e-001 +4.329873717e+001 +4.329873717e+001 +3.0820e-001 +3.8312e-001 +2.8828e+000
296 +3.639930092e-001 +3.639930092e-001 +4.326399301e+001 +4.326399301e+001 +3.1743e-001 +3.6705e-001 +2.9139e+000
312 +3.261931164e-001 +3.261931164e-001 +4.322619312e+001 +4.322619312e+001 +3.1756e-001 +3.7063e-001 +2.8945e+000
333 +2.690700857e-001 +2.690700857e-001 +4.316907009e+001 +4.316907009e+001 +2.3411e-001 +3.5311e-001 +2.9180e+000
407 +2.350796961e-001 +2.350796961e-001 +4.313507970e+001 +4.313507970e+001 +2.2670e-001 +3.5428e-001 +2.9059e+000
415 +2.284896560e-001 +2.284896560e-001 +4.312848966e+001 +4.312848966e+001 +2.2211e-001 +3.5375e-001 +2.9120e+000
416 +2.230079995e-001 +2.230079995e-001 +4.312300800e+001 +4.312300800e+001 +2.2682e-001 +3.5487e-001 +2.9196e+000
425 +2.173452940e-001 +2.173452940e-001 +4.311734529e+001 +4.311734529e+001 +2.2558e-001 +3.5342e-001 +2.9062e+000
428 +2.126673862e-001 +2.126673862e-001 +4.311266739e+001 +4.311266739e+001 +2.2664e-001 +3.5373e-001 +2.9154e+000
434 +2.032133019e-001 +2.032133019e-001 +4.310321330e+001 +4.310321330e+001 +2.2985e-001 +3.4496e-001 +2.9221e+000
438 +1.990467839e-001 +1.990467839e-001 +4.309904678e+001 +4.309904678e+001 +2.2934e-001 +3.4878e-001 +2.9169e+000
% function evaluation | noise-free fitness - Fopt (6.286500000000e+002) | best noise-free fitness - Fopt | measured fitness | best measured fitness | x1 | x2...
1 +1.274109971e+001 +1.274109971e+001 +6.413910997e+002 +6.413910997e+002 +2.1537e+000 -4.8095e+000 +9.3237e-001
4 +1.153638534e+001 +1.153638534e+001 +6.401863853e+002 +6.401863853e+002 +2.0728e+000 +9.3006e-001 +6.3597e-001
22 +9.400286317e+000 +9.400286317e+000 +6.380502863e+002 +6.380502863e+002 +2.2539e+000 -5.6836e+000 -2.8114e+000
26 +7.497466845e+000 +7.497466845e+000 +6.361474668e+002 +6.361474668e+002 +2.5717e+000 -1.9022e+000 -7.3585e-001
45 +3.591233717e+000 +3.591233717e+000 +6.322412337e+002 +6.322412337e+002 +1.3447e+000 -4.1540e+000 -3.7667e+000
62 +2.842317408e+000 +2.842317408e+000 +6.314923174e+002 +6.314923174e+002 +1.3883e+000 -4.4593e+000 -3.7282e+000
101 +2.794054249e+000 +2.794054249e+000 +6.314440542e+002 +6.314440542e+002 -1.4767e+000 +1.3838e+000 -3.9685e+000
129 +2.567712662e+000 +2.567712662e+000 +6.312177127e+002 +6.312177127e+002 -1.4689e+000 -6.1500e-001 -3.5643e+000
149 +1.732233266e+000 +1.732233266e+000 +6.303822333e+002 +6.303822333e+002 -1.5123e+000 -7.4747e-001 -3.4402e+000
182 +1.631981226e+000 +1.631981226e+000 +6.302819812e+002 +6.302819812e+002 -1.6777e+000 -9.7024e-001 -3.1315e+000
186 +1.449535000e+000 +1.449535000e+000 +6.300995350e+002 +6.300995350e+002 -1.5469e+000 -1.0784e+000 -3.1383e+000
191 +1.253013105e+000 +1.253013105e+000 +6.299030131e+002 +6.299030131e+002 -1.4893e+000 -9.2549e-001 -3.2271e+000
222 +1.133345553e+000 +1.133345553e+000 +6.297833456e+002 +6.297833456e+002 -1.5766e+000 -4.8573e-001 -2.9896e+000
245 +1.015238913e+000 +1.015238913e+000 +6.296652389e+002 +6.296652389e+002 -2.0239e+000 +2.2246e-001 -2.6066e+000
261 +8.073594585e-001 +8.073594585e-001 +6.294573595e+002 +6.294573595e+002 -2.0398e+000 -4.4785e-002 -2.6698e+000
277 +7.728236223e-001 +7.728236223e-001 +6.294228236e+002 +6.294228236e+002 -2.4185e+000 -1.2040e-001 -2.7225e+000
313 +5.406005620e-001 +5.406005620e-001 +6.291906006e+002 +6.291906006e+002 -2.8435e+000 +2.1896e-001 -2.5972e+000
327 +2.605490745e-001 +2.605490745e-001 +6.289105491e+002 +6.289105491e+002 -2.3789e+000 +1.0733e-001 -2.6622e+000
548 +2.392743009e-001 +2.392743009e-001 +6.288892743e+002 +6.288892743e+002 -2.3370e+000 +1.5261e-001 -2.6779e+000
619 +2.151698311e-001 +2.151698311e-001 +6.288651698e+002 +6.288651698e+002 -2.3652e+000 +1.2092e-001 -2.6761e+000
627 +1.864144692e-001 +1.864144692e-001 +6.288364145e+002 +6.288364145e+002 -2.3512e+000 +1.3756e-001 -2.7242e+000
636 +1.814901690e-001 +1.814901690e-001 +6.288314902e+002 +6.288314902e+002 -2.3617e+000 +1.4158e-001 -2.7290e+000
722 +1.718309809e-001 +1.718309809e-001 +6.288218310e+002 +6.288218310e+002 -2.3660e+000 +1.3221e-001 -2.7228e+000
737 +1.532064322e-001 +1.532064322e-001 +6.288032064e+002 +6.288032064e+002 -2.3601e+000 +1.3778e-001 -2.7154e+000
790 +1.334899208e-001 +1.334899208e-001 +6.287834899e+002 +6.287834899e+002 -2.3639e+000 +1.3208e-001 -2.7108e+000
845 +1.256648309e-001 +1.256648309e-001 +6.287756648e+002 +6.287756648e+002 -2.3626e+000 +1.2116e-001 -2.7187e+000
904 +1.158803538e-001 +1.158803538e-001 +6.287658804e+002 +6.287658804e+002 -2.3642e+000 +1.2262e-001 -2.7185e+000
915 +1.036493048e-001 +1.036493048e-001 +6.287536493e+002 +6.287536493e+002 -2.3644e+000 +1.2380e-001 -2.7192e+000
1132 +9.908899942e-002 +9.908899942e-002 +6.287490890e+002 +6.287490890e+002 -2.3641e+000 +1.2363e-001 -2.7189e+000
1201 +9.579692578e-002 +9.579692578e-002 +6.287457969e+002 +6.287457969e+002 -2.3641e+000 +1.2366e-001 -2.7188e+000
1251 +9.528359489e-002 +9.528359489e-002 +6.287452836e+002 +6.287452836e+002 -2.3642e+000 +1.2370e-001 -2.7188e+000
% function evaluation | noise-free fitness - Fopt (-7.163000000000e+001) | best noise-free fitness - Fopt | measured fitness | best measured fitness | x1 | x2...
1 +1.402355487e+003 +1.402355487e+003 +1.330725487e+003 +1.330725487e+003 +1.6401e+001 -7.9502e-001 -2.0168e+000
2 +2.681266422e+001 +2.681266422e+001 -4.481733578e+001 -4.481733578e+001 -6.2629e-001 -4.3538e-001 +3.3415e+000
5 +9.941109209e+000 +9.941109209e+000 -6.168889079e+001 -6.168889079e+001 +6.2320e-001 -1.2402e+000 +3.6885e+000
23 +3.770682097e+000 +3.770682097e+000 -6.785931790e+001 -6.785931790e+001 +4.2353e-001 -3.0199e+000 +1.8456e+000
71 +3.532296280e+000 +3.532296280e+000 -6.809770372e+001 -6.809770372e+001 +8.3244e-001 -3.8324e+000 +2.9056e+000
72 +2.764246961e+000 +2.764246961e+000 -6.886575304e+001 -6.886575304e+001 +6.9338e-001 -2.9392e+000 +2.2969e+000
89 +1.618457132e+000 +1.618457132e+000 -7.001154287e+001 -7.001154287e+001 +1.5537e+000 -2.9989e+000 +2.0343e+000
91 +1.031266424e+000 +1.031266424e+000 -7.059873358e+001 -7.059873358e+001 +2.0305e+000 -3.5904e+000 +2.1946e+000
111 +4.540393164e-001 +4.540393164e-001 -7.117596068e+001 -7.117596068e+001 +1.7810e+000 -3.3692e+000 +2.1475e+000
128 +1.103335199e-001 +1.103335199e-001 -7.151966648e+001 -7.151966648e+001 +1.7523e+000 -3.4052e+000 +1.8486e+000
% function evaluation | noise-free fitness - Fopt (1.976000000000e+001) | best noise-free fitness - Fopt | measured fitness | best measured fitness | x1 | x2...
1 +6.476112423e+002 +6.476112423e+002 +6.673712423e+002 +6.673712423e+002 +1.1930e+000 +5.9233e+000 +4.6400e+000
3 +4.298198595e+001 +4.298198595e+001 +6.274198595e+001 +6.274198595e+001 +6.4287e+000 +4.2289e+000 -5.0728e+000
22 +2.903759738e+001 +2.903759738e+001 +4.879759738e+001 +4.879759738e+001 +4.7352e+000 +4.6077e+000 -5.2966e-001
28 +2.049657242e+001 +2.049657242e+001 +4.025657242e+001 +4.025657242e+001 +1.5469e+000 +2.9958e+000 -1.4946e+000
40 +1.520000089e+001 +1.520000089e+001 +3.496000089e+001 +3.496000089e+001 +4.6731e+000 +3.9767e+000 -5.1075e+000
50 +1.052920099e+001 +1.052920099e+001 +3.028920099e+001 +3.028920099e+001 +2.2415e+000 +3.4718e+000 -2.0739e+000
52 +3.731947832e+000 +3.731947832e+000 +2.349194783e+001 +2.349194783e+001 +6.6593e-001 +3.0028e+000 -3.0653e+000
133 +3.647535466e+000 +3.647535466e+000 +2.340753547e+001 +2.340753547e+001 +5.8403e-001 +1.6147e+000 -3.5067e+000
140 +3.615065120e+000 +3.615065120e+000 +2.337506512e+001 +2.337506512e+001 +1.7256e+000 +2.2483e+000 -3.8688e+000
189 +3.191826950e+000 +3.191826950e+000 +2.295182695e+001 +2.295182695e+001 +7.3575e-001 +1.9633e+000 -3.4615e+000
194 +2.004816076e+000 +2.004816076e+000 +2.176481608e+001 +2.176481608e+001 +2.5612e+000 +2.1106e+000 -3.3489e+000
200 +1.127432774e+000 +1.127432774e+000 +2.088743277e+001 +2.088743277e+001 +2.6018e+000 +1.9731e+000 -3.6516e+000
244 +8.549180517e-001 +8.549180517e-001 +2.061491805e+001 +2.061491805e+001 +2.2186e+000 +2.0062e+000 -2.8725e+000
265 +6.125918229e-001 +6.125918229e-001 +2.037259182e+001 +2.037259182e+001 +2.4499e+000 +1.9306e+000 -2.9298e+000
296 +4.512635241e-001 +4.512635241e-001 +2.021126352e+001 +2.021126352e+001 +2.2966e+000 +1.9557e+000 -3.0746e+000
312 +4.180162689e-001 +4.180162689e-001 +2.017801627e+001 +2.017801627e+001 +2.3563e+000 +1.9983e+000 -3.0179e+000
322 +3.451039424e-001 +3.451039424e-001 +2.010510394e+001 +2.010510394e+001 +2.2990e+000 +1.9250e+000 -2.9961e+000
344 +2.784061508e-001 +2.784061508e-001 +2.003840615e+001 +2.003840615e+001 +2.4793e+000 +1.8260e+000 -3.0269e+000
434 +2.671456920e-001 +2.671456920e-001 +2.002714569e+001 +2.002714569e+001 +2.6808e+000 +1.6151e+000 -3.0399e+000
488 +2.516781494e-001 +2.516781494e-001 +2.001167815e+001 +2.001167815e+001 +2.6492e+000 +1.6237e+000 -3.0307e+000
536 +2.454510425e-001 +2.454510425e-001 +2.000545104e+001 +2.000545104e+001 +2.6868e+000 +1.6173e+000 -3.0357e+000
% function evaluation | noise-free fitness - Fopt (6.100000000000e-001) | best noise-free fitness - Fopt | measured fitness | best measured fitness | x1 | x2...
1 +9.955762444e+000 +9.955762444e+000 +1.056576244e+001 +1.056576244e+001 +4.2424e+000 -1.6596e-001 -1.6341e+000
5 +7.156746557e+000 +7.156746557e+000 +7.766746557e+000 +7.766746557e+000 +3.7668e+000 +9.7100e-001 -1.7063e+000
17 +1.324645148e+000 +1.324645148e+000 +1.934645148e+000 +1.934645148e+000 +1.3271e+000 +1.3328e+000 -2.3385e+000
109 +1.115302167e+000 +1.115302167e+000 +1.725302167e+000 +1.725302167e+000 +1.3154e+000 +1.6435e+000 -2.6417e+000
186 +8.233065500e-001 +8.233065500e-001 +1.433306550e+000 +1.433306550e+000 +1.6478e+000 +1.4602e+000 -2.3275e+000
% function evaluation | noise-free fitness - Fopt (-8.634400000000e+002) | best noise-free fitness - Fopt | measured fitness | best measured fitness | x1 | x2...
1 +1.014477086e+001 +1.014477086e+001 -8.532952291e+002 -8.532952291e+002 +2.9712e+000 -2.4963e+000 +2.7248e+000
15 +9.228652511e+000 +9.228652511e+000 -8.542113475e+002 -8.542113475e+002 -2.4830e+000 -2.6479e-001 +1.1377e+000
19 +6.823423673e+000 +6.823423673e+000 -8.566165763e+002 -8.566165763e+002 +1.5517e+000 -1.6599e+000 +2.1230e+000
23 +4.963308571e+000 +4.963308571e+000 -8.584766914e+002 -8.584766914e+002 +2.5509e-001 +4.1677e-001 +1.7950e+000
32 +4.355837301e+000 +4.355837301e+000 -8.590841627e+002 -8.590841627e+002 +5.5744e-001 -8.1803e-001 +2.2423e+000
41 +2.916385978e+000 +2.916385978e+000 -8.605236140e+002 -8.605236140e+002 -5.0300e+000 -4.1990e+000 +2.3294e+000
64 +2.425904273e+000 +2.425904273e+000 -8.610140957e+002 -8.610140957e+002 -1.9739e+000 -1.3397e+000 +1.4506e+000
92 +1.779384313e+000 +1.779384313e+000 -8.616606157e+002 -8.616606157e+002 -1.7461e+000 -1.9546e+000 +1.9780e+000
96 +1.155672709e+000 +1.155672709e+000 -8.622843273e+002 -8.622843273e+002 -2.2083e+000 -1.8364e+000 +1.6776e+000
158 +9.669567964e-001 +9.669567964e-001 -8.624730432e+002 -8.624730432e+002 -3.1751e+000 -2.5220e+000 +2.1962e+000
161 +7.482584439e-001 +7.482584439e-001 -8.626917416e+002 -8.626917416e+002 -2.9488e+000 -2.2303e+000 +1.9517e+000
177 +3.821354033e-001 +3.821354033e-001 -8.630578646e+002 -8.630578646e+002 -3.6315e+000 -3.0450e+000 +2.0950e+000
188 +2.093842519e-001 +2.093842519e-001 -8.632306157e+002 -8.632306157e+002 -3.7483e+000 -2.7513e+000 +2.1646e+000
221 +1.069733722e-001 +1.069733722e-001 -8.633330266e+002 -8.633330266e+002 -3.7691e+000 -2.9155e+000 +2.1890e+000
240 +1.035510353e-001 +1.035510353e-001 -8.633364490e+002 -8.633364490e+002 -3.7541e+000 -2.8679e+000 +2.1998e+000
246 +9.011397908e-002 +9.011397908e-002 -8.633498860e+002 -8.633498860e+002 -3.7788e+000 -2.8360e+000 +2.2117e+000
247 +7.891986521e-002 +7.891986521e-002 -8.633610801e+002 -8.633610801e+002 -3.7929e+000 -2.9164e+000 +2.2127e+000
260 +2.711222176e-002 +2.711222176e-002 -8.634128878e+002 -8.634128878e+002 -3.7894e+000 -2.8606e+000 +2.1727e+000
294 +1.492064604e-002 +1.492064604e-002 -8.634250794e+002 -8.634250794e+002 -3.8032e+000 -2.8759e+000 +2.1918e+000
349 +1.460571714e-002 +1.460571714e-002 -8.634253943e+002 -8.634253943e+002 -3.7876e+000 -2.8691e+000 +2.1754e+000
361 +1.359387593e-002 +1.359387593e-002 -8.634264061e+002 -8.634264061e+002 -3.7845e+000 -2.8599e+000 +2.1814e+000
395 +1.067125901e-002 +1.067125901e-002 -8.634293287e+002 -8.634293287e+002 -3.7917e+000 -2.8653e+000 +2.1852e+000
426 +7.654588900e-003 +7.654588900e-003 -8.634323454e+002 -8.634323454e+002 -3.7931e+000 -2.8614e+000 +2.1855e+000
428 +6.590976121e-003 +6.590976121e-003 -8.634334090e+002 -8.634334090e+002 -3.7920e+000 -2.8638e+000 +2.1861e+000
450 +4.267728284e-003 +4.267728284e-003 -8.634357323e+002 -8.634357323e+002 -3.7894e+000 -2.8625e+000 +2.1851e+000
452 +3.494000281e-003 +3.494000281e-003 -8.634365060e+002 -8.634365060e+002 -3.7884e+000 -2.8624e+000 +2.1873e+000
460 +3.105449218e-003 +3.105449218e-003 -8.634368946e+002 -8.634368946e+002 -3.7875e+000 -2.8609e+000 +2.1861e+000
464 +2.475984168e-003 +2.475984168e-003 -8.634375240e+002 -8.634375240e+002 -3.7886e+000 -2.8628e+000 +2.1873e+000
473 +2.439482683e-003 +2.439482683e-003 -8.634375605e+002 -8.634375605e+002 -3.7879e+000 -2.8621e+000 +2.1871e+000
488 +1.559388623e-003 +1.559388623e-003 -8.634384406e+002 -8.634384406e+002 -3.7881e+000 -2.8629e+000 +2.1864e+000
544 +1.154720277e-003 +1.154720277e-003 -8.634388453e+002 -8.634388453e+002 -3.7898e+000 -2.8634e+000 +2.1867e+000
549 +1.013499123e-003 +1.013499123e-003 -8.634389865e+002 -8.634389865e+002 -3.7888e+000 -2.8638e+000 +2.1868e+000
570 +2.940794599e-004 +2.940794599e-004 -8.634397059e+002 -8.634397059e+002 -3.7889e+000 -2.8633e+000 +2.1865e+000
590 +2.745354519e-004 +2.745354519e-004 -8.634397255e+002 -8.634397255e+002 -3.7887e+000 -2.8633e+000 +2.1865e+000
732 +2.472813085e-004 +2.472813085e-004 -8.634397527e+002 -8.634397527e+002 -3.7887e+000 -2.8632e+000 +2.1864e+000
763 +2.395461120e-004 +2.395461120e-004 -8.634397605e+002 -8.634397605e+002 -3.7887e+000 -2.8633e+000 +2.1864e+000
787 +1.833987708e-004 +1.833987708e-004 -8.634398166e+002 -8.634398166e+002 -3.7889e+000 -2.8633e+000 +2.1864e+000
808 +1.652414770e-004 +1.652414770e-004 -8.634398348e+002 -8.634398348e+002 -3.7889e+000 -2.8633e+000 +2.1864e+000
836 +1.333966690e-004 +1.333966690e-004 -8.634398666e+002 -8.634398666e+002 -3.7889e+000 -2.8633e+000 +2.1865e+000
858 +1.126278304e-004 +1.126278304e-004 -8.634398874e+002 -8.634398874e+002 -3.7890e+000 -2.8633e+000 +2.1865e+000
913 +1.061046275e-004 +1.061046275e-004 -8.634398939e+002 -8.634398939e+002 -3.7890e+000 -2.8633e+000 +2.1865e+000
943 +8.033470749e-005 +8.033470749e-005 -8.634399197e+002 -8.634399197e+002 -3.7890e+000 -2.8633e+000 +2.1865e+000
1097 +7.601119569e-005 +7.601119569e-005 -8.634399240e+002 -8.634399240e+002 -3.7890e+000 -2.8633e+000 +2.1865e+000
1099 +6.702550252e-005 +6.702550252e-005 -8.634399330e+002 -8.634399330e+002 -3.7890e+000 -2.8633e+000 +2.1865e+000
1121 +6.544114751e-005 +6.544114751e-005 -8.634399346e+002 -8.634399346e+002 -3.7890e+000 -2.8633e+000 +2.1865e+000
1275 +6.307554997e-005 +6.307554997e-005 -8.634399369e+002 -8.634399369e+002 -3.7890e+000 -2.8633e+000 +2.1865e+000
1324 +6.145186069e-005 +6.145186069e-005 -8.634399385e+002 -8.634399385e+002 -3.7890e+000 -2.8633e+000 +2.1865e+000
1388 +5.992561853e-005 +5.992561853e-005 -8.634399401e+002 -8.634399401e+002 -3.7890e+000 -2.8633e+000 +2.1865e+000
1510 +5.877842204e-005 +5.877842204e-005 -8.634399412e+002 -8.634399412e+002 -3.7890e+000 -2.8633e+000 +2.1865e+000
% function evaluation | noise-free fitness - Fopt (1.318500000000e+002) | best noise-free fitness - Fopt | measured fitness | best measured fitness | x1 | x2...
1 +1.623354207e+001 +1.623354207e+001 +1.480835421e+002 +1.480835421e+002 +4.5856e+000 -3.2166e+000 +3.8575e+000
8 +1.436632411e+001 +1.436632411e+001 +1.462163241e+002 +1.462163241e+002 +2.4432e+000 +1.9686e+000 +3.5081e+000
10 +7.533094650e+000 +7.533094650e+000 +1.393830946e+002 +1.393830946e+002 +1.0534e+000 -4.2572e+000 +2.1100e+000
21 +5.294426995e+000 +5.294426995e+000 +1.371444270e+002 +1.371444270e+002 +2.7804e+000 -3.3289e-001 +2.9976e+000
45 +4.719823801e+000 +4.719823801e+000 +1.365698238e+002 +1.365698238e+002 +1.7191e+000 -2.8098e+000 +1.5615e+000
77 +3.153819703e+000 +3.153819703e+000 +1.350038197e+002 +1.350038197e+002 +1.8437e-001 -1.6306e+000 +1.8167e+000
98 +2.740508326e+000 +2.740508326e+000 +1.345905083e+002 +1.345905083e+002 +3.9090e-001 -2.1647e+000 +1.2075e+000
107 +2.116329774e+000 +2.116329774e+000 +1.339663298e+002 +1.339663298e+002 +2.2756e-003 -1.6333e+000 +1.7923e+000
132 +9.657413202e-001 +9.657413202e-001 +1.328157413e+002 +1.328157413e+002 -3.4030e-001 -8.5543e-001 +1.6665e+000
142 +8.428150142e-001 +8.428150142e-001 +1.326928150e+002 +1.326928150e+002 -2.4079e-001 -9.3663e-001 +1.7905e+000
160 +6.676262826e-001 +6.676262826e-001 +1.325176263e+002 +1.325176263e+002 -2.2217e-001 -9.4917e-001 +1.6747e+000
182 +4.589148677e-001 +4.589148677e-001 +1.323089149e+002 +1.323089149e+002 -1.9793e-001 -9.4414e-001 +1.7048e+000
188 +4.525320366e-001 +4.525320366e-001 +1.323025320e+002 +1.323025320e+002 +9.1126e-003 -2.4668e-001 +1.7049e+000
214 +4.441531437e-001 +4.441531437e-001 +1.322941531e+002 +1.322941531e+002 -8.5290e-002 -8.1525e-002 +1.8095e+000
230 +1.893825604e-001 +1.893825604e-001 +1.320393826e+002 +1.320393826e+002 -1.3952e-001 +4.9051e-002 +1.6962e+000
251 +1.396233377e-001 +1.396233377e-001 +1.319896233e+002 +1.319896233e+002 -6.6592e-002 -2.4851e-002 +1.7464e+000
264 +1.293797414e-001 +1.293797414e-001 +1.319793797e+002 +1.319793797e+002 -4.0017e-002 +5.2976e-002 +1.7429e+000
296 +6.944451461e-002 +6.944451461e-002 +1.319194445e+002 +1.319194445e+002 -4.1379e-002 +9.1828e-002 +1.7005e+000
308 +3.250528149e-002 +3.250528149e-002 +1.318825053e+002 +1.318825053e+002 -2.1241e-002 +1.2384e-001 +1.7123e+000
348 +2.050059293e-002 +2.050059293e-002 +1.318705006e+002 +1.318705006e+002 -1.4467e-002 +1.4904e-001 +1.7141e+000
373 +1.258715104e-002 +1.258715104e-002 +1.318625872e+002 +1.318625872e+002 -2.0403e-002 +1.4709e-001 +1.7148e+000
395 +3.366586659e-003 +3.366586659e-003 +1.318533666e+002 +1.318533666e+002 -1.7335e-002 +1.4989e-001 +1.7143e+000
533 +3.278389995e-003 +3.278389995e-003 +1.318532784e+002 +1.318532784e+002 -1.7040e-002 +1.4947e-001 +1.7135e+000
585 +2.892778623e-003 +2.892778623e-003 +1.318528928e+002 +1.318528928e+002 -1.7821e-002 +1.5006e-001 +1.7128e+000
591 +1.909736278e-003 +1.909736278e-003 +1.318519097e+002 +1.318519097e+002 -1.7582e-002 +1.5216e-001 +1.7137e+000
596 +1.798933588e-003 +1.798933588e-003 +1.318517989e+002 +1.318517989e+002 -1.7923e-002 +1.5298e-001 +1.7133e+000
610 +1.069189894e-003 +1.069189894e-003 +1.318510692e+002 +1.318510692e+002 -1.7569e-002 +1.5284e-001 +1.7131e+000
624 +1.043842784e-003 +1.043842784e-003 +1.318510438e+002 +1.318510438e+002 -1.7611e-002 +1.5337e-001 +1.7132e+000
628 +9.898396233e-004 +9.898396233e-004 +1.318509898e+002 +1.318509898e+002 -1.7865e-002 +1.5183e-001 +1.7135e+000
632 +3.097940264e-004 +3.097940264e-004 +1.318503098e+002 +1.318503098e+002 -1.7477e-002 +1.5304e-001 +1.7136e+000
668 +2.964446230e-004 +2.964446230e-004 +1.318502964e+002 +1.318502964e+002 -1.7533e-002 +1.5262e-001 +1.7135e+000
673 +2.822817083e-004 +2.822817083e-004 +1.318502823e+002 +1.318502823e+002 -1.7618e-002 +1.5281e-001 +1.7135e+000
708 +1.753496346e-004 +1.753496346e-004 +1.318501753e+002 +1.318501753e+002 -1.7618e-002 +1.5258e-001 +1.7136e+000
721 +1.068099946e-004 +1.068099946e-004 +1.318501068e+002 +1.318501068e+002 -1.7658e-002 +1.5281e-001 +1.7136e+000
788 +8.758253153e-005 +8.758253153e-005 +1.318500876e+002 +1.318500876e+002 -1.7615e-002 +1.5277e-001 +1.7136e+000
866 +6.417459346e-005 +6.417459346e-005 +1.318500642e+002 +1.318500642e+002 -1.7613e-002 +1.5280e-001 +1.7136e+000
869 +3.796608198e-005 +3.796608198e-005 +1.318500380e+002 +1.318500380e+002 -1.7594e-002 +1.5279e-001 +1.7136e+000
907 +3.335498153e-005 +3.335498153e-005 +1.318500334e+002 +1.318500334e+002 -1.7592e-002 +1.5278e-001 +1.7136e+000
910 +3.075325654e-005 +3.075325654e-005 +1.318500308e+002 +1.318500308e+002 -1.7598e-002 +1.5279e-001 +1.7136e+000
952 +2.948120837e-005 +2.948120837e-005 +1.318500295e+002 +1.318500295e+002 -1.7600e-002 +1.5281e-001 +1.7136e+000
988 +2.504678488e-005 +2.504678488e-005 +1.318500250e+002 +1.318500250e+002 -1.7602e-002 +1.5279e-001 +1.7136e+000
1029 +1.997971916e-005 +1.997971916e-005 +1.318500200e+002 +1.318500200e+002 -1.7604e-002 +1.5278e-001 +1.7136e+000
1062 +1.701348671e-005 +1.701348671e-005 +1.318500170e+002 +1.318500170e+002 -1.7599e-002 +1.5280e-001 +1.7136e+000
1080 +1.371039897e-005 +1.371039897e-005 +1.318500137e+002 +1.318500137e+002 -1.7598e-002 +1.5283e-001 +1.7136e+000
1174 +8.909013872e-006 +8.909013872e-006 +1.318500089e+002 +1.318500089e+002 -1.7599e-002 +1.5281e-001 +1.7136e+000
