% function evaluation | noise-free fitness - Fopt (7.948000000000e+001) | best noise-free fitness - Fopt | measured fitness | best measured fitness | x1 | x2...
1 +1.984818166e+001 +1.984818166e+001 +9.932818166e+001 +9.932818166e+001 -1.6298e+000 +2.2408e+000 +1.4579e+000
17 +1.116415537e+001 +1.116415537e+001 +9.064415537e+001 +9.064415537e+001 -1.2004e+000 +1.7582e+000 -1.4690e+000
31 +8.186514604e+000 +8.186514604e+000 +8.766651460e+001 +8.766651460e+001 -1.3011e+000 +1.0353e+000 +2.5919e-001
33 +7.830563308e+000 +7.830563308e+000 +8.731056331e+001 +8.731056331e+001 +1.0871e-001 +1.6120e+000 -3.4536e-001
49 +7.597455111e+000 +7.597455111e+000 +8.707745511e+001 +8.707745511e+001 -5.8542e-001 +1.4516e+000 -4.2235e-001
52 +6.668738569e+000 +6.668738569e+000 +8.614873857e+001 +8.614873857e+001 +2.2835e-001 +1.2713e+000 -1.6028e+000
58 +2.232181999e+000 +2.232181999e+000 +8.171218200e+001 +8.171218200e+001 +1.7187e-001 +2.9414e-001 -3.7701e-001
62 +1.058160147e+000 +1.058160147e+000 +8.053816015e+001 +8.053816015e+001 -4.1058e-001 -1.0435e+000 -1.5020e+000
83 +1.043992176e-001 +1.043992176e-001 +7.958439922e+001 +7.958439922e+001 +8.8182e-003 -1.3507e+000 -6.3867e-001
167 +6.041887939e-002 +6.041887939e-002 +7.954041888e+001 +7.954041888e+001 +7.0389e-002 -1.0213e+000 -6.3020e-001
176 +2.965705844e-002 +2.965705844e-002 +7.950965706e+001 +7.950965706e+001 +9.9238e-002 -1.1215e+000 -6.5450e-001
202 +1.947919412e-002 +1.947919412e-002 +7.949947919e+001 +7.949947919e+001 +2.0730e-001 -1.0496e+000 -6.4707e-001
213 +1.315524971e-002 +1.315524971e-002 +7.949315525e+001 +7.949315525e+001 +1.5774e-001 -1.2133e+000 -6.9359e-001
214 +9.923578669e-003 +9.923578669e-003 +7.948992358e+001 +7.948992358e+001 +3.2917e-001 -1.0934e+000 -7.3216e-001
228 +9.928237295e-004 +9.928237295e-004 +7.948099282e+001 +7.948099282e+001 +2.5786e-001 -1.1262e+000 -7.1843e-001
234 +6.671660714e-004 +6.671660714e-004 +7.948066717e+001 +7.948066717e+001 +2.7197e-001 -1.1445e+000 -7.1182e-001
265 +6.302921943e-004 +6.302921943e-004 +7.948063029e+001 +7.948063029e+001 +2.6630e-001 -1.1424e+000 -7.0847e-001
267 +5.959618447e-004 +5.959618447e-004 +7.948059596e+001 +7.948059596e+001 +2.3896e-001 -1.1369e+000 -7.2717e-001
273 +5.251908506e-004 +5.251908506e-004 +7.948052519e+001 +7.948052519e+001 +2.4422e-001 -1.1356e+000 -7.2241e-001
278 +1.251993533e-004 +1.251993533e-004 +7.948012520e+001 +7.948012520e+001 +2.5233e-001 -1.1642e+000 -7.3235e-001
281 +8.613510866e-005 +8.613510866e-005 +7.948008614e+001 +7.948008614e+001 +2.5611e-001 -1.1483e+000 -7.2573e-001
294 +8.341141449e-005 +8.341141449e-005 +7.948008341e+001 +7.948008341e+001 +2.4687e-001 -1.1636e+000 -7.2262e-001
301 +5.101471538e-005 +5.101471538e-005 +7.948005101e+001 +7.948005101e+001 +2.5078e-001 -1.1584e+000 -7.1734e-001
303 +4.313438262e-005 +4.313438262e-005 +7.948004313e+001 +7.948004313e+001 +2.4819e-001 -1.1571e+000 -7.2867e-001
319 +1.627433042e-005 +1.627433042e-005 +7.948001627e+001 +7.948001627e+001 +2.5254e-001 -1.1570e+000 -7.1998e-001
341 +8.990708579e-006 +8.990708579e-006 +7.948000899e+001 +7.948000899e+001 +2.5227e-001 -1.1566e+000 -7.2106e-001
353 +7.751540011e-006 +7.751540011e-006 +7.948000775e+001 +7.948000775e+001 +2.5122e-001 -1.1555e+000 -7.2590e-001
365 +3.504182303e-006 +3.504182303e-006 +7.948000350e+001 +7.948000350e+001 +2.5118e-001 -1.1559e+000 -7.2402e-001
383 +2.422344551e-006 +2.422344551e-006 +7.948000242e+001 +7.948000242e+001 +2.5197e-001 -1.1558e+000 -7.2319e-001
385 +1.537637743e-006 +1.537637743e-006 +7.948000154e+001 +7.948000154e+001 +2.5169e-001 -1.1569e+000 -7.2345e-001
450 +1.357851303e-006 +1.357851303e-006 +7.948000136e+001 +7.948000136e+001 +2.5165e-001 -1.1567e+000 -7.2419e-001
463 +1.312177716e-006 +1.312177716e-006 +7.948000131e+001 +7.948000131e+001 +2.5175e-001 -1.1565e+000 -7.2364e-001
474 +1.134847679e-006 +1.134847679e-006 +7.948000113e+001 +7.948000113e+001 +2.5180e-001 -1.1565e+000 -7.2421e-001
481 +1.047093221e-006 +1.047093221e-006 +7.948000105e+001 +7.948000105e+001 +2.5209e-001 -1.1561e+000 -7.2422e-001
498 +7.881388200e-007 +7.881388200e-007 +7.948000079e+001 +7.948000079e+001 +2.5214e-001 -1.1565e+000 -7.2452e-001
505 +4.404163860e-007 +4.404163860e-007 +7.948000044e+001 +7.948000044e+001 +2.5217e-001 -1.1566e+000 -7.2387e-001
521 +3.851910577e-007 +3.851910577e-007 +7.948000039e+001 +7.948000039e+001 +2.5235e-001 -1.1572e+000 -7.2377e-001
548 +3.382052967e-007 +3.382052967e-007 +7.948000034e+001 +7.948000034e+001 +2.5237e-001 -1.1569e+000 -7.2361e-001
555 +3.178750205e-007 +3.178750205e-007 +7.948000032e+001 +7.948000032e+001 +2.5229e-001 -1.1569e+000 -7.2421e-001
556 +2.366536478e-007 +2.366536478e-007 +7.948000024e+001 +7.948000024e+001 +2.5231e-001 -1.1568e+000 -7.2399e-001
560 +2.255212621e-007 +2.255212621e-007 +7.948000023e+001 +7.948000023e+001 +2.5233e-001 -1.1568e+000 -7.2398e-001
572 +1.986393698e-007 +1.986393698e-007 +7.948000020e+001 +7.948000020e+001 +2.5236e-001 -1.1569e+000 -7.2406e-001
578 +1.804027505e-007 +1.804027505e-007 +7.948000018e+001 +7.948000018e+001 +2.5238e-001 -1.1568e+000 -7.2406e-001
587 +1.691657729e-007 +1.691657729e-007 +7.948000017e+001 +7.948000017e+001 +2.5240e-001 -1.1569e+000 -7.2403e-001
604 +1.173334852e-007 +1.173334852e-007 +7.948000012e+001 +7.948000012e+001 +2.5247e-001 -1.1568e+000 -7.2407e-001
632 +1.070008153e-007 +1.070008153e-007 +7.948000011e+001 +7.948000011e+001 +2.5248e-001 -1.1567e+000 -7.2401e-001
634 +9.323760253e-008 +9.323760253e-008 +7.948000009e+001 +7.948000009e+001 +2.5250e-001 -1.1568e+000 -7.2396e-001
641 +6.759660209e-008 +6.759660209e-008 +7.948000007e+001 +7.948000007e+001 +2.5255e-001 -1.1567e+000 -7.2400e-001
643 +6.148383136e-008 +6.148383136e-008 +7.948000006e+001 +7.948000006e+001 +2.5255e-001 -1.1568e+000 -7.2400e-001
647 +3.852647978e-008 +3.852647978e-008 +7.948000004e+001 +7.948000004e+001 +2.5261e-001 -1.1568e+000 -7.2403e-001
655 +2.715671599e-008 +2.715671599e-008 +7.948000003e+001 +7.948000003e+001 +2.5268e-001 -1.1568e+000 -7.2389e-001
666 +8.300332865e-009 +8.300332865e-009 +7.948000001e+001 +7.948000001e+001 +2.5275e-001 -1.1567e+000 -7.2402e-001
1050 +0.000000000e+000 +0.000000000e+000 +7.948000000e+001 +7.948000000e+001 +2.5280e-001 -1.1568e+000 -7.2400e-001
% function evaluation | noise-free fitness - Fopt (3.944800000000e+002) | best noise-free fitness - Fopt | measured fitness | best measured fitness | x1 | x2...
1 +3.603428558e+001 +3.603428558e+001 +4.305142856e+002 +4.305142856e+002 -1.1509e+000 -3.3036e+000 +1.5188e+000
3 +1.354606134e+001 +1.354606134e+001 +4.080260613e+002 +4.080260613e+002 -9.7455e-001 -2.6182e+000 -1.5836e+000
11 +4.389347726e+000 +4.389347726e+000 +3.988693477e+002 +3.988693477e+002 -3.6298e+000 -2.5104e+000 -1.7597e+000
14 +4.271957135e+000 +4.271957135e+000 +3.987519571e+002 +3.987519571e+002 -2.9978e+000 -4.7500e+000 -3.8550e+000
22 +4.141757532e+000 +4.141757532e+000 +3.986217575e+002 +3.986217575e+002 -2.5209e+000 -3.4537e+000 -2.4143e+000
45 +1.756889613e+000 +1.756889613e+000 +3.962368896e+002 +3.962368896e+002 -3.4651e+000 -2.5377e+000 -2.6004e+000
49 +1.591523930e+000 +1.591523930e+000 +3.960715239e+002 +3.960715239e+002 -2.8922e+000 -3.5590e+000 -4.1659e+000
66 +7.513541183e-001 +7.513541183e-001 +3.952313541e+002 +3.952313541e+002 -3.5172e+000 -2.2203e+000 -4.1987e+000
85 +7.115061136e-001 +7.115061136e-001 +3.951915061e+002 +3.951915061e+002 -3.4778e+000 -3.5486e+000 -3.4839e+000
89 +3.370359067e-001 +3.370359067e-001 +3.948170359e+002 +3.948170359e+002 -3.6833e+000 -2.4132e+000 -4.0535e+000
93 +1.892713852e-001 +1.892713852e-001 +3.946692714e+002 +3.946692714e+002 -3.4681e+000 -2.9009e+000 -3.7393e+000
108 +9.980814439e-002 +9.980814439e-002 +3.945798081e+002 +3.945798081e+002 -3.7394e+000 -3.1557e+000 -3.8670e+000
109 +6.324284602e-002 +6.324284602e-002 +3.945432428e+002 +3.945432428e+002 -3.7665e+000 -2.7241e+000 -3.6675e+000
111 +1.494829273e-002 +1.494829273e-002 +3.944949483e+002 +3.944949483e+002 -3.8338e+000 -2.9358e+000 -3.8957e+000
152 +5.452397633e-003 +5.452397633e-003 +3.944854524e+002 +3.944854524e+002 -3.8459e+000 -2.9376e+000 -3.7808e+000
171 +5.708689617e-004 +5.708689617e-004 +3.944805709e+002 +3.944805709e+002 -3.8821e+000 -2.8877e+000 -3.8197e+000
197 +4.220139998e-004 +4.220139998e-004 +3.944804220e+002 +3.944804220e+002 -3.8877e+000 -2.8730e+000 -3.8006e+000
208 +4.135721099e-004 +4.135721099e-004 +3.944804136e+002 +3.944804136e+002 -3.9184e+000 -2.8876e+000 -3.7996e+000
223 +1.613753476e-004 +1.613753476e-004 +3.944801614e+002 +3.944801614e+002 -3.8917e+000 -2.8984e+000 -3.8097e+000
249 +4.550593417e-006 +4.550593417e-006 +3.944800046e+002 +3.944800046e+002 -3.9002e+000 -2.8916e+000 -3.8024e+000
272 +2.559102768e-006 +2.559102768e-006 +3.944800026e+002 +3.944800026e+002 -3.8994e+000 -2.8898e+000 -3.8014e+000
291 +2.175468978e-006 +2.175468978e-006 +3.944800022e+002 +3.944800022e+002 -3.8990e+000 -2.8890e+000 -3.8023e+000
302 +1.222902426e-006 +1.222902426e-006 +3.944800012e+002 +3.944800012e+002 -3.8982e+000 -2.8899e+000 -3.8014e+000
314 +9.125647011e-007 +9.125647011e-007 +3.944800009e+002 +3.944800009e+002 -3.8989e+000 -2.8911e+000 -3.8028e+000
315 +1.195695063e-007 +1.195695063e-007 +3.944800001e+002 +3.944800001e+002 -3.8983e+000 -2.8906e+000 -3.8026e+000
348 +4.849465540e-008 +4.849465540e-008 +3.944800000e+002 +3.944800000e+002 -3.8983e+000 -2.8902e+000 -3.8024e+000
371 +2.415680456e-008 +2.415680456e-008 +3.944800000e+002 +3.944800000e+002 -3.8983e+000 -2.8903e+000 -3.8023e+000
389 +2.128427923e-008 +2.128427923e-008 +3.944800000e+002 +3.944800000e+002 -3.8983e+000 -2.8903e+000 -3.8023e+000
406 +1.981635478e-008 +1.981635478e-008 +3.944800000e+002 +3.944800000e+002 -3.8983e+000 -2.8904e+000 -3.8023e+000
408 +6.662958185e-009 +6.662958185e-009 +3.944800000e+002 +3.944800000e+002 -3.8984e+000 -2.8905e+000 -3.8024e+000
702 +0.000000000e+000 +0.000000000e+000 +3.944800000e+002 +3.944800000e+002 -3.8984e+000 -2.8904e+000 -3.8024e+000
% function evaluation | noise-free fitness - Fopt (-2.471100000000e+002) | best noise-free fitness - Fopt | measured fitness | best measured fitness | x1 | x2...
1 +1.198902983e+002 +1.198902983e+002 -1.272197017e+002 -1.272197017e+002 -4.7513e+000 -3.1065e+000 +9.7025e+000
2 +1.944937848e+001 +1.944937848e+001 -2.276606215e+002 -2.276606215e+002 -3.7222e+000 +4.4635e+000 +4.4620e-001
8 +1.345711023e+001 +1.345711023e+001 -2.336528898e+002 -2.336528898e+002 -5.3928e+000 +4.3121e-001 +2.6047e+000
16 +1.094137507e+001 +1.094137507e+001 -2.361686249e+002 -2.361686249e+002 -2.6622e+000 -2.8679e+000 -1.1592e+000
20 +9.708320118e+000 +9.708320118e+000 -2.374016799e+002 -2.374016799e+002 -3.3478e+000 -2.4739e+000 -2.2205e+000
28 +4.359283958e+000 +4.359283958e+000 -2.427507160e+002 -2.427507160e+002 -4.4666e+000 +2.1210e+000 -2.0682e-001
95 +1.750878752e+000 +1.750878752e+000 -2.453591212e+002 -2.453591212e+002 -5.0283e+000 +5.9238e-001 -3.9662e-001
96 +9.527029107e-001 +9.527029107e-001 -2.461572971e+002 -2.461572971e+002 -4.0150e+000 +7.4945e-001 +8.8163e-002
115 +4.911738031e-001 +4.911738031e-001 -2.466188262e+002 -2.466188262e+002 -3.9529e+000 -9.4165e-003 -4.1521e-002
129 +1.585689846e-001 +1.585689846e-001 -2.469514310e+002 -2.469514310e+002 -3.9360e+000 -1.1741e-001 -8.8315e-001
148 +7.501714615e-002 +7.501714615e-002 -2.470349829e+002 -2.470349829e+002 -3.5693e+000 +1.5619e-001 -5.4864e-001
212 +5.503027243e-002 +5.503027243e-002 -2.470549697e+002 -2.470549697e+002 -3.8772e+000 +2.6576e-001 -9.0313e-001
215 +4.116302144e-002 +4.116302144e-002 -2.470688370e+002 -2.470688370e+002 -3.7228e+000 +3.9138e-001 -6.8582e-001
227 +2.720573900e-002 +2.720573900e-002 -2.470827943e+002 -2.470827943e+002 -3.7456e+000 +3.3461e-001 -7.7575e-001
232 +1.877640384e-002 +1.877640384e-002 -2.470912236e+002 -2.470912236e+002 -3.7183e+000 +1.8230e-001 -8.0043e-001
233 +1.048913960e-002 +1.048913960e-002 -2.470995109e+002 -2.470995109e+002 -3.7786e+000 +1.6940e-001 -7.8583e-001
252 +5.094172865e-003 +5.094172865e-003 -2.471049058e+002 -2.471049058e+002 -3.7925e+000 +2.2774e-001 -7.5796e-001
322 +4.841602441e-003 +4.841602441e-003 -2.471051584e+002 -2.471051584e+002 -3.7977e+000 +1.3525e-001 -7.0618e-001
325 +5.274790039e-004 +5.274790039e-004 -2.471094725e+002 -2.471094725e+002 -3.7882e+000 +2.0010e-001 -6.7086e-001
332 +4.117424459e-004 +4.117424459e-004 -2.471095883e+002 -2.471095883e+002 -3.8174e+000 +2.0766e-001 -6.9665e-001
341 +1.311869542e-004 +1.311869542e-004 -2.471098688e+002 -2.471098688e+002 -3.8032e+000 +2.0169e-001 -7.0147e-001
357 +7.390270494e-005 +7.390270494e-005 -2.471099261e+002 -2.471099261e+002 -3.8067e+000 +2.0516e-001 -6.9208e-001
385 +4.186371899e-005 +4.186371899e-005 -2.471099581e+002 -2.471099581e+002 -3.8046e+000 +2.0415e-001 -6.9261e-001
387 +3.064083376e-005 +3.064083376e-005 -2.471099694e+002 -2.471099694e+002 -3.8014e+000 +2.0299e-001 -6.9583e-001
406 +1.078825068e-005 +1.078825068e-005 -2.471099892e+002 -2.471099892e+002 -3.8000e+000 +2.0280e-001 -6.9404e-001
410 +5.961926348e-006 +5.961926348e-006 -2.471099940e+002 -2.471099940e+002 -3.7986e+000 +2.0362e-001 -6.9360e-001
446 +4.756924938e-006 +4.756924938e-006 -2.471099952e+002 -2.471099952e+002 -3.7994e+000 +2.0385e-001 -6.9300e-001
457 +5.356991721e-007 +5.356991721e-007 -2.471099995e+002 -2.471099995e+002 -3.7988e+000 +2.0370e-001 -6.9153e-001
670 +1.813537835e-007 +1.813537835e-007 -2.471099998e+002 -2.471099998e+002 -3.7985e+000 +2.0312e-001 -6.9161e-001
693 +8.669513818e-008 +8.669513818e-008 -2.471099999e+002 -2.471099999e+002 -3.7984e+000 +2.0341e-001 -6.9141e-001
704 +8.184488820e-008 +8.184488820e-008 -2.471099999e+002 -2.471099999e+002 -3.7984e+000 +2.0316e-001 -6.9148e-001
705 +2.073250016e-008 +2.073250016e-008 -2.471100000e+002 -2.471100000e+002 -3.7985e+000 +2.0332e-001 -6.9126e-001
716 +1.025938445e-008 +1.025938445e-008 -2.471100000e+002 -2.471100000e+002 -3.7984e+000 +2.0322e-001 -6.9130e-001
725 +7.550681858e-009 +7.550681858e-009 -2.471100000e+002 -2.471100000e+002 -3.7984e+000 +2.0328e-001 -6.9117e-001
1054 +0.000000000e+000 +0.000000000e+000 -2.471100000e+002 -2.471100000e+002 -3.7984e+000 +2.0320e-001 -6.9120e-001
% function evaluation | noise-free fitness - Fopt (-1.520400000000e+002) | best noise-free fitness - Fopt | measured fitness | best measured fitness | x1 | x2...
1 +3.573098855e+001 +3.573098855e+001 -1.163090115e+002 -1.163090115e+002 -1.3156e+000 -3.1328e+000 -2.0087e-001
2 +1.694196646e+001 +1.694196646e+001 -1.350980335e+002 -1.350980335e+002 +2.4612e+000 +2.6879e+000 -1.1141e+000
6 +1.149350479e+001 +1.149350479e+001 -1.405464952e+002 -1.405464952e+002 +1.4176e+000 -3.5222e-001 -1.5796e+000
13 +6.797709783e+000 +6.797709783e+000 -1.452422902e+002 -1.452422902e+002 -4.2330e-001 -1.1615e+000 -3.6268e+000
24 +6.019241279e+000 +6.019241279e+000 -1.460207587e+002 -1.460207587e+002 +1.4737e+000 -2.8478e-001 -3.6630e+000
25 +5.208166599e+000 +5.208166599e+000 -1.468318334e+002 -1.468318334e+002 +6.6262e-001 -6.5994e-001 -3.9528e+000
36 +3.836887705e+000 +3.836887705e+000 -1.482031123e+002 -1.482031123e+002 +1.3379e+000 +3.1864e-001 -4.1214e+000
40 +3.763651638e+000 +3.763651638e+000 -1.482763484e+002 -1.482763484e+002 +1.3241e+000 +4.9000e-001 -3.3255e+000
47 +3.286450985e+000 +3.286450985e+000 -1.487535490e+002 -1.487535490e+002 +9.4251e-001 +1.0505e+000 -5.2223e+000
58 +2.207516556e+000 +2.207516556e+000 -1.498324834e+002 -1.498324834e+002 +1.1269e+000 +9.8827e-001 -3.6527e+000
63 +1.145801965e+000 +1.145801965e+000 -1.508941980e+002 -1.508941980e+002 +7.3426e-001 +1.2521e+000 -3.5882e+000
76 +6.103257462e-001 +6.103257462e-001 -1.514296743e+002 -1.514296743e+002 +3.9934e-001 +1.0789e+000 -3.7082e+000
96 +4.280299174e-001 +4.280299174e-001 -1.516119701e+002 -1.516119701e+002 +1.5083e-001 +1.2526e+000 -3.4516e+000
97 +3.542676144e-001 +3.542676144e-001 -1.516857324e+002 -1.516857324e+002 -2.2573e-001 +8.9409e-001 -3.6570e+000
110 +3.293352900e-001 +3.293352900e-001 -1.517106647e+002 -1.517106647e+002 +9.9986e-002 +1.0475e+000 -3.6952e+000
118 +3.141784307e-001 +3.141784307e-001 -1.517258216e+002 -1.517258216e+002 +1.4882e-001 +1.1279e+000 -3.6936e+000
121 +1.841491658e-001 +1.841491658e-001 -1.518558508e+002 -1.518558508e+002 -7.8090e-002 +1.1815e+000 -3.6255e+000
129 +1.546040760e-001 +1.546040760e-001 -1.518853959e+002 -1.518853959e+002 -2.7936e-001 +1.1316e+000 -3.6622e+000
142 +7.395785344e-002 +7.395785344e-002 -1.519660421e+002 -1.519660421e+002 -3.0362e-001 +1.3719e+000 -3.6604e+000
152 +5.020931608e-002 +5.020931608e-002 -1.519897907e+002 -1.519897907e+002 -1.6906e-001 +1.5299e+000 -3.7534e+000
161 +1.295692778e-002 +1.295692778e-002 -1.520270431e+002 -1.520270431e+002 -2.5348e-001 +1.3252e+000 -3.9796e+000
169 +8.593997877e-003 +8.593997877e-003 -1.520314060e+002 -1.520314060e+002 -2.6316e-001 +1.3610e+000 -3.8569e+000
175 +6.243316463e-003 +6.243316463e-003 -1.520337567e+002 -1.520337567e+002 -2.1299e-001 +1.3668e+000 -3.9190e+000
189 +2.378009791e-003 +2.378009791e-003 -1.520376220e+002 -1.520376220e+002 -2.3734e-001 +1.4529e+000 -3.8993e+000
211 +2.168515068e-003 +2.168515068e-003 -1.520378315e+002 -1.520378315e+002 -2.7239e-001 +1.4521e+000 -3.8881e+000
226 +1.594404668e-003 +1.594404668e-003 -1.520384056e+002 -1.520384056e+002 -2.7969e-001 +1.4384e+000 -3.8897e+000
241 +1.511290126e-003 +1.511290126e-003 -1.520384887e+002 -1.520384887e+002 -2.8277e-001 +1.4244e+000 -3.8892e+000
251 +1.283638715e-003 +1.283638715e-003 -1.520387164e+002 -1.520387164e+002 -2.8544e-001 +1.4198e+000 -3.8943e+000
284 +9.840154294e-004 +9.840154294e-004 -1.520390160e+002 -1.520390160e+002 -2.8009e-001 +1.4307e+000 -3.8970e+000
301 +9.255696835e-004 +9.255696835e-004 -1.520390744e+002 -1.520390744e+002 -2.6622e-001 +1.4231e+000 -3.8944e+000
314 +7.331398579e-004 +7.331398579e-004 -1.520392669e+002 -1.520392669e+002 -2.6885e-001 +1.4234e+000 -3.8978e+000
331 +6.365919006e-004 +6.365919006e-004 -1.520393634e+002 -1.520393634e+002 -2.6711e-001 +1.4293e+000 -3.9001e+000
385 +4.173487960e-004 +4.173487960e-004 -1.520395827e+002 -1.520395827e+002 -2.7306e-001 +1.4259e+000 -3.9053e+000
393 +3.668921363e-004 +3.668921363e-004 -1.520396331e+002 -1.520396331e+002 -2.6716e-001 +1.4204e+000 -3.9060e+000
407 +2.272079143e-004 +2.272079143e-004 -1.520397728e+002 -1.520397728e+002 -2.7473e-001 +1.4269e+000 -3.9121e+000
409 +2.174678968e-004 +2.174678968e-004 -1.520397825e+002 -1.520397825e+002 -2.6901e-001 +1.4193e+000 -3.9110e+000
415 +8.942452101e-005 +8.942452101e-005 -1.520399106e+002 -1.520399106e+002 -2.7494e-001 +1.4204e+000 -3.9208e+000
429 +7.528487060e-005 +7.528487060e-005 -1.520399247e+002 -1.520399247e+002 -2.7490e-001 +1.4219e+000 -3.9214e+000
450 +2.888240076e-005 +2.888240076e-005 -1.520399711e+002 -1.520399711e+002 -2.7242e-001 +1.4227e+000 -3.9248e+000
451 +2.761839883e-005 +2.761839883e-005 -1.520399724e+002 -1.520399724e+002 -2.7106e-001 +1.4268e+000 -3.9226e+000
456 +1.664984921e-005 +1.664984921e-005 -1.520399834e+002 -1.520399834e+002 -2.7052e-001 +1.4235e+000 -3.9225e+000
466 +1.338782144e-005 +1.338782144e-005 -1.520399866e+002 -1.520399866e+002 -2.7066e-001 +1.4240e+000 -3.9236e+000
468 +6.560366160e-006 +6.560366160e-006 -1.520399934e+002 -1.520399934e+002 -2.6973e-001 +1.4243e+000 -3.9246e+000
475 +3.717151401e-006 +3.717151401e-006 -1.520399963e+002 -1.520399963e+002 -2.6700e-001 +1.4253e+000 -3.9234e+000
479 +2.248617818e-006 +2.248617818e-006 -1.520399978e+002 -1.520399978e+002 -2.6833e-001 +1.4230e+000 -3.9250e+000
488 +7.026298761e-007 +7.026298761e-007 -1.520399993e+002 -1.520399993e+002 -2.6785e-001 +1.4241e+000 -3.9243e+000
508 +1.786681594e-007 +1.786681594e-007 -1.520399998e+002 -1.520399998e+002 -2.6708e-001 +1.4240e+000 -3.9252e+000
548 +1.728970744e-007 +1.728970744e-007 -1.520399998e+002 -1.520399998e+002 -2.6712e-001 +1.4243e+000 -3.9251e+000
579 +2.892625162e-008 +2.892625162e-008 -1.520400000e+002 -1.520400000e+002 -2.6711e-001 +1.4241e+000 -3.9247e+000
646 +1.946588668e-008 +1.946588668e-008 -1.520400000e+002 -1.520400000e+002 -2.6712e-001 +1.4241e+000 -3.9248e+000
681 +1.465312494e-008 +1.465312494e-008 -1.520400000e+002 -1.520400000e+002 -2.6715e-001 +1.4241e+000 -3.9248e+000
683 +9.156224223e-009 +9.156224223e-009 -1.520400000e+002 -1.520400000e+002 -2.6727e-001 +1.4241e+000 -3.9248e+000
1076 +0.000000000e+000 +0.000000000e+000 -1.520400000e+002 -1.520400000e+002 -2.6720e-001 +1.4240e+000 -3.9248e+000
% function evaluation | noise-free fitness - Fopt (-2.525000000000e+001) | best noise-free fitness - Fopt | measured fitness | best measured fitness | x1 | x2...
1 +2.370835220e+001 +2.370835220e+001 -1.541647800e+000 -1.541647800e+000 +1.4055e+000 -9.0136e-001 +2.6365e+000
11 +2.200227710e+001 +2.200227710e+001 -3.247722904e+000 -3.247722904e+000 +4.5376e+000 +3.8103e+000 +1.9053e+000
15 +1.815364923e+001 +1.815364923e+001 -7.096350766e+000 -7.096350766e+000 +2.2409e+000 +3.7271e+000 +1.1683e+000
18 +6.974028592e+000 +6.974028592e+000 -1.827597141e+001 -1.827597141e+001 +5.3992e+000 +2.3970e+000 -2.2490e+000
23 +5.746830478e+000 +5.746830478e+000 -1.950316952e+001 -1.950316952e+001 +4.3638e+000 -3.7136e-001 +6.2095e-001
34 +2.747963666e+000 +2.747963666e+000 -2.250203633e+001 -2.250203633e+001 +2.8301e+000 +9.9104e-001 -5.2126e-003
40 +2.135296395e-001 +2.135296395e-001 -2.503647036e+001 -2.503647036e+001 +3.3668e+000 +7.8172e-001 -1.7832e+000
44 +1.158038120e-002 +1.158038120e-002 -2.523841962e+001 -2.523841962e+001 +3.5725e+000 +7.3331e-001 -1.4075e+000
258 +8.201966643e-003 +8.201966643e-003 -2.524179803e+001 -2.524179803e+001 +3.5243e+000 +6.2635e-001 -1.4193e+000
260 +5.429077528e-003 +5.429077528e-003 -2.524457092e+001 -2.524457092e+001 +3.5654e+000 +6.5159e-001 -1.3690e+000
269 +2.710894818e-003 +2.710894818e-003 -2.524728911e+001 -2.524728911e+001 +3.5688e+000 +6.1043e-001 -1.4254e+000
271 +6.323637420e-004 +6.323637420e-004 -2.524936764e+001 -2.524936764e+001 +3.6006e+000 +6.1800e-001 -1.4095e+000
348 +5.747794082e-004 +5.747794082e-004 -2.524942522e+001 -2.524942522e+001 +3.6014e+000 +6.3036e-001 -1.4412e+000
352 +4.522032647e-004 +4.522032647e-004 -2.524954780e+001 -2.524954780e+001 +3.6127e+000 +6.4598e-001 -1.4398e+000
359 +3.916026589e-004 +3.916026589e-004 -2.524960840e+001 -2.524960840e+001 +3.6112e+000 +6.3636e-001 -1.4411e+000
365 +1.314830486e-004 +1.314830486e-004 -2.524986852e+001 -2.524986852e+001 +3.6099e+000 +6.3944e-001 -1.4312e+000
370 +3.908279863e-005 +3.908279863e-005 -2.524996092e+001 -2.524996092e+001 +3.6119e+000 +6.3903e-001 -1.4259e+000
389 +3.562532455e-005 +3.562532455e-005 -2.524996437e+001 -2.524996437e+001 +3.6084e+000 +6.3548e-001 -1.4217e+000
391 +2.836053796e-005 +2.836053796e-005 -2.524997164e+001 -2.524997164e+001 +3.6196e+000 +6.3588e-001 -1.4224e+000
399 +2.675087451e-005 +2.675087451e-005 -2.524997325e+001 -2.524997325e+001 +3.6137e+000 +6.3810e-001 -1.4258e+000
406 +1.375360691e-005 +1.375360691e-005 -2.524998625e+001 -2.524998625e+001 +3.6137e+000 +6.3682e-001 -1.4249e+000
423 +1.321079382e-005 +1.321079382e-005 -2.524998679e+001 -2.524998679e+001 +3.6122e+000 +6.3624e-001 -1.4243e+000
426 +4.322684489e-006 +4.322684489e-006 -2.524999568e+001 -2.524999568e+001 +3.6133e+000 +6.3403e-001 -1.4229e+000
464 +4.115061842e-006 +4.115061842e-006 -2.524999588e+001 -2.524999588e+001 +3.6132e+000 +6.3394e-001 -1.4227e+000
482 +2.913045719e-006 +2.913045719e-006 -2.524999709e+001 -2.524999709e+001 +3.6135e+000 +6.3457e-001 -1.4229e+000
522 +1.490168202e-007 +1.490168202e-007 -2.524999985e+001 -2.524999985e+001 +3.6141e+000 +6.3530e-001 -1.4219e+000
611 +1.310882425e-007 +1.310882425e-007 -2.524999987e+001 -2.524999987e+001 +3.6143e+000 +6.3551e-001 -1.4218e+000
628 +6.459074342e-008 +6.459074342e-008 -2.524999994e+001 -2.524999994e+001 +3.6142e+000 +6.3535e-001 -1.4217e+000
646 +4.475717219e-008 +4.475717219e-008 -2.524999996e+001 -2.524999996e+001 +3.6143e+000 +6.3529e-001 -1.4218e+000
649 +3.789394398e-008 +3.789394398e-008 -2.524999996e+001 -2.524999996e+001 +3.6142e+000 +6.3528e-001 -1.4216e+000
661 +3.620849753e-008 +3.620849753e-008 -2.524999996e+001 -2.524999996e+001 +3.6144e+000 +6.3532e-001 -1.4217e+000
664 +2.004166433e-008 +2.004166433e-008 -2.524999998e+001 -2.524999998e+001 +3.6143e+000 +6.3531e-001 -1.4217e+000
680 +2.948493005e-009 +2.948493005e-009 -2.525000000e+001 -2.525000000e+001 +3.6144e+000 +6.3519e-001 -1.4216e+000
1280 +0.000000000e+000 +0.000000000e+000 -2.525000000e+001 -2.525000000e+001 +3.6144e+000 +6.3520e-001 -1.4216e+000
% function evaluation | noise-free fitness - Fopt (8.790000000000e+001) | best noise-free fitness - Fopt | measured fitness | best measured fitness | x1 | x2...
1 +1.914148428e+002 +1.914148428e+002 +2.793148428e+002 +2.793148428e+002 +8.9129e+000 +4.1534e+000 +3.8210e+000
3 +1.143953502e+002 +1.143953502e+002 +2.022953502e+002 +2.022953502e+002 +5.8927e+000 +3.3831e+000 +3.0402e+000
4 +4.365519303e+001 +4.365519303e+001 +1.315551930e+002 +1.315551930e+002 +1.7501e+000 +3.7126e-001 +4.2285e+000
6 +2.801453360e+001 +2.801453360e+001 +1.159145336e+002 +1.159145336e+002 +1.9894e+000 -1.9525e+000 +1.4086e+000
33 +1.507336961e+001 +1.507336961e+001 +1.029733696e+002 +1.029733696e+002 -3.3819e+000 -3.5551e+000 +3.6074e+000
52 +1.309824778e+001 +1.309824778e+001 +1.009982478e+002 +1.009982478e+002 +4.3029e-001 -1.2394e+000 +4.8121e-001
53 +1.273240598e+001 +1.273240598e+001 +1.006324060e+002 +1.006324060e+002 +3.6075e-001 -1.2926e+000 -1.8524e-001
54 +1.090198853e+001 +1.090198853e+001 +9.880198853e+001 +9.880198853e+001 -1.0763e-001 -1.6531e+000 -9.7094e-001
56 +9.562801102e+000 +9.562801102e+000 +9.746280110e+001 +9.746280110e+001 -6.1462e-001 -2.7648e+000 +1.5561e+000
57 +5.834850542e+000 +5.834850542e+000 +9.373485054e+001 +9.373485054e+001 -2.4361e+000 -3.2804e+000 -1.2847e+000
60 +2.502994919e+000 +2.502994919e+000 +9.040299492e+001 +9.040299492e+001 -1.6554e+000 -1.2595e+000 -6.9401e-002
61 +1.109823939e+000 +1.109823939e+000 +8.900982394e+001 +8.900982394e+001 -3.7682e+000 -2.0913e+000 -4.2864e-001
69 +9.403885604e-001 +9.403885604e-001 +8.884038856e+001 +8.884038856e+001 -2.2126e+000 -1.5801e+000 +4.4565e-001
71 +5.918070390e-001 +5.918070390e-001 +8.849180704e+001 +8.849180704e+001 -2.4947e+000 -1.6420e+000 -9.9793e-002
111 +2.252251759e-002 +2.252251759e-002 +8.792252252e+001 +8.792252252e+001 -3.2679e+000 -1.4733e+000 +2.5268e-001
199 +3.424870244e-003 +3.424870244e-003 +8.790342487e+001 +8.790342487e+001 -3.2013e+000 -1.6158e+000 +3.0340e-001
230 +3.145297662e-003 +3.145297662e-003 +8.790314530e+001 +8.790314530e+001 -3.1771e+000 -1.5289e+000 +2.8356e-001
236 +1.000630250e-003 +1.000630250e-003 +8.790100063e+001 +8.790100063e+001 -3.1804e+000 -1.6092e+000 +2.6109e-001
242 +3.026346784e-004 +3.026346784e-004 +8.790030263e+001 +8.790030263e+001 -3.1562e+000 -1.5693e+000 +2.6521e-001
258 +2.009584868e-004 +2.009584868e-004 +8.790020096e+001 +8.790020096e+001 -3.1734e+000 -1.5740e+000 +2.7944e-001
270 +1.648211542e-004 +1.648211542e-004 +8.790016482e+001 +8.790016482e+001 -3.1704e+000 -1.5942e+000 +2.7329e-001
271 +5.971554593e-005 +5.971554593e-005 +8.790005972e+001 +8.790005972e+001 -3.1729e+000 -1.5797e+000 +2.7366e-001
289 +1.043912286e-005 +1.043912286e-005 +8.790001044e+001 +8.790001044e+001 -3.1669e+000 -1.5808e+000 +2.7318e-001
316 +6.960311708e-006 +6.960311708e-006 +8.790000696e+001 +8.790000696e+001 -3.1667e+000 -1.5835e+000 +2.7276e-001
335 +2.454975004e-006 +2.454975004e-006 +8.790000245e+001 +8.790000245e+001 -3.1651e+000 -1.5829e+000 +2.6980e-001
349 +2.308959893e-006 +2.308959893e-006 +8.790000231e+001 +8.790000231e+001 -3.1672e+000 -1.5819e+000 +2.6923e-001
372 +3.792387275e-007 +3.792387275e-007 +8.790000038e+001 +8.790000038e+001 -3.1659e+000 -1.5827e+000 +2.7022e-001
421 +3.673101219e-007 +3.673101219e-007 +8.790000037e+001 +8.790000037e+001 -3.1668e+000 -1.5829e+000 +2.7041e-001
425 +2.302280109e-007 +2.302280109e-007 +8.790000023e+001 +8.790000023e+001 -3.1665e+000 -1.5822e+000 +2.6996e-001
490 +1.451104339e-007 +1.451104339e-007 +8.790000015e+001 +8.790000015e+001 -3.1660e+000 -1.5823e+000 +2.7035e-001
502 +1.426060692e-008 +1.426060692e-008 +8.790000001e+001 +8.790000001e+001 -3.1665e+000 -1.5823e+000 +2.7043e-001
528 +1.221445700e-008 +1.221445700e-008 +8.790000001e+001 +8.790000001e+001 -3.1664e+000 -1.5824e+000 +2.7029e-001
539 +3.520824521e-009 +3.520824521e-009 +8.790000000e+001 +8.790000000e+001 -3.1663e+000 -1.5824e+000 +2.7040e-001
1092 +0.000000000e+000 +0.000000000e+000 +8.790000000e+001 +8.790000000e+001 -3.1664e+000 -1.5824e+000 +2.7040e-001
% function evaluation | noise-free fitness - Fopt (2.199800000000e+002) | best noise-free fitness - Fopt | measured fitness | best measured fitness | x1 | x2...
1 +6.706406356e-001 +6.706406356e-001 +2.206506406e+002 +2.206506406e+002 +4.8227e-001 -3.2051e+000 +4.0648e-002
53 +6.198104668e-001 +6.198104668e-001 +2.205998105e+002 +2.205998105e+002 +9.1139e-001 -3.0021e+000 -3.9200e-001
59 +3.092988357e-001 +3.092988357e-001 +2.202892988e+002 +2.202892988e+002 +1.1450e+000 -3.5143e+000 -6.9473e-001
97 +2.557189655e-001 +2.557189655e-001 +2.202357190e+002 +2.202357190e+002 +8.9263e-001 -3.7021e+000 -6.8966e-001
154 +1.368299209e-001 +1.368299209e-001 +2.201168299e+002 +2.201168299e+002 +9.1117e-001 -3.5631e+000 -4.9704e-001
172 +8.433745526e-002 +8.433745526e-002 +2.200643375e+002 +2.200643375e+002 +8.4111e-001 -3.8814e+000 -3.8597e-001
192 +2.843001101e-002 +2.843001101e-002 +2.200084300e+002 +2.200084300e+002 +8.7350e-001 -3.7118e+000 -2.3371e-001
201 +1.203852696e-002 +1.203852696e-002 +2.199920385e+002 +2.199920385e+002 +1.0351e+000 -3.6898e+000 -1.2094e-001
245 +9.790710070e-003 +9.790710070e-003 +2.199897907e+002 +2.199897907e+002 +1.1284e+000 -3.7323e+000 -2.1967e-001
262 +9.015153655e-003 +9.015153655e-003 +2.199890152e+002 +2.199890152e+002 +1.0991e+000 -3.6897e+000 -2.1740e-001
266 +8.045785522e-003 +8.045785522e-003 +2.199880458e+002 +2.199880458e+002 +1.1081e+000 -3.7090e+000 -1.9582e-001
268 +7.743883002e-003 +7.743883002e-003 +2.199877439e+002 +2.199877439e+002 +1.1119e+000 -3.7255e+000 -2.3143e-001
281 +6.605778036e-003 +6.605778036e-003 +2.199866058e+002 +2.199866058e+002 +1.1134e+000 -3.7644e+000 -2.2122e-001
285 +4.645752099e-003 +4.645752099e-003 +2.199846458e+002 +2.199846458e+002 +1.0958e+000 -3.7296e+000 -2.0705e-001
294 +2.795622544e-003 +2.795622544e-003 +2.199827956e+002 +2.199827956e+002 +1.0795e+000 -3.7491e+000 -2.3204e-001
301 +2.581343618e-003 +2.581343618e-003 +2.199825813e+002 +2.199825813e+002 +1.0756e+000 -3.7291e+000 -2.0657e-001
305 +2.388798325e-003 +2.388798325e-003 +2.199823888e+002 +2.199823888e+002 +1.0760e+000 -3.7376e+000 -2.2098e-001
313 +1.389062201e-003 +1.389062201e-003 +2.199813891e+002 +2.199813891e+002 +1.0633e+000 -3.7450e+000 -2.2582e-001
321 +8.661072182e-004 +8.661072182e-004 +2.199808661e+002 +2.199808661e+002 +1.0599e+000 -3.7652e+000 -2.1803e-001
342 +4.277448182e-004 +4.277448182e-004 +2.199804277e+002 +2.199804277e+002 +1.0181e+000 -3.7664e+000 -2.1768e-001
346 +1.851529688e-004 +1.851529688e-004 +2.199801852e+002 +2.199801852e+002 +1.0427e+000 -3.7545e+000 -2.1683e-001
360 +1.635793272e-004 +1.635793272e-004 +2.199801636e+002 +2.199801636e+002 +1.0319e+000 -3.7553e+000 -2.1968e-001
369 +6.153778983e-005 +6.153778983e-005 +2.199800615e+002 +2.199800615e+002 +1.0365e+000 -3.7539e+000 -2.1347e-001
452 +5.555931787e-005 +5.555931787e-005 +2.199800556e+002 +2.199800556e+002 +1.0327e+000 -3.7536e+000 -2.1343e-001
457 +5.337215765e-005 +5.337215765e-005 +2.199800534e+002 +2.199800534e+002 +1.0329e+000 -3.7547e+000 -2.1386e-001
458 +2.350122466e-005 +2.350122466e-005 +2.199800235e+002 +2.199800235e+002 +1.0349e+000 -3.7532e+000 -2.0568e-001
468 +2.029343563e-005 +2.029343563e-005 +2.199800203e+002 +2.199800203e+002 +1.0342e+000 -3.7540e+000 -2.0990e-001
469 +1.623629535e-005 +1.623629535e-005 +2.199800162e+002 +2.199800162e+002 +1.0333e+000 -3.7543e+000 -2.0945e-001
471 +1.169168249e-005 +1.169168249e-005 +2.199800117e+002 +2.199800117e+002 +1.0335e+000 -3.7552e+000 -2.0963e-001
486 +1.073298949e-005 +1.073298949e-005 +2.199800107e+002 +2.199800107e+002 +1.0333e+000 -3.7544e+000 -2.0790e-001
498 +3.228238995e-006 +3.228238995e-006 +2.199800032e+002 +2.199800032e+002 +1.0335e+000 -3.7558e+000 -2.0682e-001
530 +3.032401395e-006 +3.032401395e-006 +2.199800030e+002 +2.199800030e+002 +1.0334e+000 -3.7563e+000 -2.0604e-001
547 +2.936600282e-006 +2.936600282e-006 +2.199800029e+002 +2.199800029e+002 +1.0333e+000 -3.7564e+000 -2.0603e-001
550 +1.792634976e-006 +1.792634976e-006 +2.199800018e+002 +2.199800018e+002 +1.0333e+000 -3.7581e+000 -2.0597e-001
551 +1.572115593e-006 +1.572115593e-006 +2.199800016e+002 +2.199800016e+002 +1.0333e+000 -3.7564e+000 -2.0761e-001
555 +1.427144753e-006 +1.427144753e-006 +2.199800014e+002 +2.199800014e+002 +1.0333e+000 -3.7566e+000 -2.0663e-001
556 +8.873550996e-007 +8.873550996e-007 +2.199800009e+002 +2.199800009e+002 +1.0333e+000 -3.7570e+000 -2.0657e-001
563 +2.167354580e-007 +2.167354580e-007 +2.199800002e+002 +2.199800002e+002 +1.0333e+000 -3.7579e+000 -2.0733e-001
586 +4.524932251e-008 +4.524932251e-008 +2.199800000e+002 +2.199800000e+002 +1.0334e+000 -3.7575e+000 -2.0707e-001
635 +2.955727041e-008 +2.955727041e-008 +2.199800000e+002 +2.199800000e+002 +1.0335e+000 -3.7576e+000 -2.0704e-001
648 +7.500517540e-009 +7.500517540e-009 +2.199800000e+002 +2.199800000e+002 +1.0337e+000 -3.7575e+000 -2.0722e-001
1148 +0.000000000e+000 +0.000000000e+000 +2.199800000e+002 +2.199800000e+002 +1.0336e+000 -3.7576e+000 -2.0720e-001
% function evaluation | noise-free fitness - Fopt (-2.784000000000e+001) | best noise-free fitness - Fopt | measured fitness | best measured fitness | x1 | x2...
1 +2.476929806e+001 +2.476929806e+001 -3.070701939e+000 -3.070701939e+000 -4.3966e+000 +4.3843e+000 +2.8541e+000
2 +1.812339676e+001 +1.812339676e+001 -9.716603240e+000 -9.716603240e+000 -4.0902e+000 +3.9911e+000 +1.7968e+000
3 +1.135594131e+001 +1.135594131e+001 -1.648405869e+001 -1.648405869e+001 -2.1983e+000 -4.5648e-001 +1.7397e+000
8 +8.029206645e+000 +8.029206645e+000 -1.981079336e+001 -1.981079336e+001 -2.8376e+000 +1.3855e+000 +1.9489e+000
16 +7.451587445e+000 +7.451587445e+000 -2.038841255e+001 -2.038841255e+001 -4.3165e-001 +2.6618e-001 -8.3148e-001
21 +3.111438584e+000 +3.111438584e+000 -2.472856142e+001 -2.472856142e+001 -1.9643e+000 +1.7576e+000 +1.3132e+000
30 +2.298784229e+000 +2.298784229e+000 -2.554121577e+001 -2.554121577e+001 -1.5757e+000 +1.4528e+000 +8.9829e-001
61 +1.849640214e+000 +1.849640214e+000 -2.599035979e+001 -2.599035979e+001 +7.7219e-001 +2.1934e+000 +2.0186e-001
68 +1.540306668e+000 +1.540306668e+000 -2.629969333e+001 -2.629969333e+001 -6.4889e-001 +3.3222e+000 +1.5249e+000
82 +4.089437801e-001 +4.089437801e-001 -2.743105622e+001 -2.743105622e+001 -6.7465e-002 +2.3982e+000 +4.7881e-001
104 +2.023350210e-001 +2.023350210e-001 -2.763766498e+001 -2.763766498e+001 -7.1000e-001 +2.0854e+000 +1.0632e+000
145 +1.551507085e-001 +1.551507085e-001 -2.768484929e+001 -2.768484929e+001 -2.8644e-001 +2.1339e+000 +6.7531e-001
151 +8.304020814e-002 +8.304020814e-002 -2.775695979e+001 -2.775695979e+001 -5.6778e-001 +2.2520e+000 +1.0062e+000
155 +7.123334130e-002 +7.123334130e-002 -2.776876666e+001 -2.776876666e+001 -4.3846e-001 +2.2888e+000 +8.4610e-001
157 +5.710454258e-002 +5.710454258e-002 -2.778289546e+001 -2.778289546e+001 -1.9904e-001 +2.2751e+000 +8.3797e-001
172 +4.641864452e-002 +4.641864452e-002 -2.779358136e+001 -2.779358136e+001 -4.7363e-001 +2.2686e+000 +9.5975e-001
174 +2.597562261e-002 +2.597562261e-002 -2.781402438e+001 -2.781402438e+001 -3.9935e-001 +2.3452e+000 +1.0622e+000
176 +1.941708089e-002 +1.941708089e-002 -2.782058292e+001 -2.782058292e+001 -4.0086e-001 +2.1564e+000 +1.0417e+000
187 +1.241671655e-002 +1.241671655e-002 -2.782758328e+001 -2.782758328e+001 -3.3716e-001 +2.2011e+000 +9.6342e-001
208 +8.339006452e-003 +8.339006452e-003 -2.783166099e+001 -2.783166099e+001 -2.9290e-001 +2.2163e+000 +9.6721e-001
214 +2.016527336e-003 +2.016527336e-003 -2.783798347e+001 -2.783798347e+001 -2.5569e-001 +2.2325e+000 +1.0226e+000
238 +1.264686983e-003 +1.264686983e-003 -2.783873531e+001 -2.783873531e+001 -2.8767e-001 +2.1993e+000 +1.0432e+000
248 +1.178867414e-003 +1.178867414e-003 -2.783882113e+001 -2.783882113e+001 -2.7869e-001 +2.2536e+000 +1.0827e+000
249 +1.617865432e-004 +1.617865432e-004 -2.783983821e+001 -2.783983821e+001 -2.8002e-001 +2.2328e+000 +1.0686e+000
269 +1.135264878e-004 +1.135264878e-004 -2.783988647e+001 -2.783988647e+001 -2.7843e-001 +2.2253e+000 +1.0515e+000
275 +7.734878708e-005 +7.734878708e-005 -2.783992265e+001 -2.783992265e+001 -2.7670e-001 +2.2348e+000 +1.0588e+000
277 +1.765704125e-005 +1.765704125e-005 -2.783998234e+001 -2.783998234e+001 -2.8604e-001 +2.2306e+000 +1.0530e+000
290 +1.361149605e-005 +1.361149605e-005 -2.783998639e+001 -2.783998639e+001 -2.8583e-001 +2.2335e+000 +1.0536e+000
302 +1.304064915e-005 +1.304064915e-005 -2.783998696e+001 -2.783998696e+001 -2.8199e-001 +2.2324e+000 +1.0546e+000
305 +9.870728650e-006 +9.870728650e-006 -2.783999013e+001 -2.783999013e+001 -2.8613e-001 +2.2333e+000 +1.0593e+000
306 +6.111920083e-006 +6.111920083e-006 -2.783999389e+001 -2.783999389e+001 -2.8387e-001 +2.2332e+000 +1.0548e+000
310 +1.009245338e-006 +1.009245338e-006 -2.783999899e+001 -2.783999899e+001 -2.8409e-001 +2.2326e+000 +1.0565e+000
345 +5.930924765e-007 +5.930924765e-007 -2.783999941e+001 -2.783999941e+001 -2.8429e-001 +2.2324e+000 +1.0564e+000
348 +2.217049655e-008 +2.217049655e-008 -2.783999998e+001 -2.783999998e+001 -2.8482e-001 +2.2321e+000 +1.0568e+000
489 +8.627583981e-009 +8.627583981e-009 -2.783999999e+001 -2.783999999e+001 -2.8473e-001 +2.2320e+000 +1.0568e+000
948 +0.000000000e+000 +0.000000000e+000 -2.784000000e+001 -2.784000000e+001 -2.8480e-001 +2.2320e+000 +1.0568e+000
% function evaluation | noise-free fitness - Fopt (2.027000000000e+001) | best noise-free fitness - Fopt | measured fitness | best measured fitness | x1 | x2...
1 +4.062042674e+000 +4.062042674e+000 +2.433204267e+001 +2.433204267e+001 +1.8545e+000 -2.7477e+000 -3.3157e+000
2 +2.860090090e+000 +2.860090090e+000 +2.313009009e+001 +2.313009009e+001 +4.3226e+000 -6.7543e-001 -4.4506e+000
5 +1.645880379e+000 +1.645880379e+000 +2.191588038e+001 +2.191588038e+001 +2.9658e+000 +3.2186e-002 -2.8860e+000
10 +6.551608430e-001 +6.551608430e-001 +2.092516084e+001 +2.092516084e+001 +3.6081e+000 -5.4936e-001 -3.4321e+000
29 +6.399456082e-001 +6.399456082e-001 +2.090994561e+001 +2.090994561e+001 +3.6534e+000 -6.3175e-001 -3.5845e+000
35 +3.976624598e-001 +3.976624598e-001 +2.066766246e+001 +2.066766246e+001 +2.6550e+000 -6.1724e-001 -3.5234e+000
40 +3.152656088e-001 +3.152656088e-001 +2.058526561e+001 +2.058526561e+001 +3.3909e+000 -7.0502e-001 -3.3238e+000
46 +2.096622706e-001 +2.096622706e-001 +2.047966227e+001 +2.047966227e+001 +2.7032e+000 -1.3881e+000 -3.2827e+000
47 +1.062862124e-001 +1.062862124e-001 +2.037628621e+001 +2.037628621e+001 +2.9392e+000 -9.3357e-001 -3.7038e+000
63 +2.059106017e-002 +2.059106017e-002 +2.029059106e+001 +2.029059106e+001 +3.0148e+000 -9.9748e-001 -3.5278e+000
76 +1.769572501e-002 +1.769572501e-002 +2.028769573e+001 +2.028769573e+001 +2.9319e+000 -1.0308e+000 -3.4634e+000
87 +1.171602019e-002 +1.171602019e-002 +2.028171602e+001 +2.028171602e+001 +3.0541e+000 -1.0151e+000 -3.4780e+000
91 +9.122433748e-003 +9.122433748e-003 +2.027912243e+001 +2.027912243e+001 +2.9395e+000 -1.1385e+000 -3.4625e+000
92 +2.300383099e-003 +2.300383099e-003 +2.027230038e+001 +2.027230038e+001 +2.9896e+000 -1.1030e+000 -3.4683e+000
111 +2.108585421e-003 +2.108585421e-003 +2.027210859e+001 +2.027210859e+001 +3.0239e+000 -1.1407e+000 -3.4123e+000
112 +1.242985662e-003 +1.242985662e-003 +2.027124299e+001 +2.027124299e+001 +3.0051e+000 -1.0949e+000 -3.4524e+000
114 +1.188227799e-003 +1.188227799e-003 +2.027118823e+001 +2.027118823e+001 +3.0226e+000 -1.0860e+000 -3.4412e+000
115 +4.127354489e-004 +4.127354489e-004 +2.027041274e+001 +2.027041274e+001 +3.0237e+000 -1.0991e+000 -3.4526e+000
124 +2.074600122e-004 +2.074600122e-004 +2.027020746e+001 +2.027020746e+001 +3.0331e+000 -1.1033e+000 -3.4496e+000
177 +1.153960771e-004 +1.153960771e-004 +2.027011540e+001 +2.027011540e+001 +3.0245e+000 -1.1149e+000 -3.4584e+000
193 +6.867794662e-005 +6.867794662e-005 +2.027006868e+001 +2.027006868e+001 +3.0332e+000 -1.1095e+000 -3.4499e+000
216 +6.521962414e-005 +6.521962414e-005 +2.027006522e+001 +2.027006522e+001 +3.0282e+000 -1.1109e+000 -3.4537e+000
222 +1.621929659e-005 +1.621929659e-005 +2.027001622e+001 +2.027001622e+001 +3.0281e+000 -1.1182e+000 -3.4502e+000
223 +1.261041864e-005 +1.261041864e-005 +2.027001261e+001 +2.027001261e+001 +3.0304e+000 -1.1150e+000 -3.4530e+000
228 +5.834273541e-006 +5.834273541e-006 +2.027000583e+001 +2.027000583e+001 +3.0315e+000 -1.1156e+000 -3.4525e+000
245 +5.256033386e-006 +5.256033386e-006 +2.027000526e+001 +2.027000526e+001 +3.0324e+000 -1.1184e+000 -3.4533e+000
247 +3.745643024e-006 +3.745643024e-006 +2.027000375e+001 +2.027000375e+001 +3.0337e+000 -1.1185e+000 -3.4513e+000
262 +3.476267025e-006 +3.476267025e-006 +2.027000348e+001 +2.027000348e+001 +3.0319e+000 -1.1185e+000 -3.4529e+000
278 +2.793755996e-006 +2.793755996e-006 +2.027000279e+001 +2.027000279e+001 +3.0314e+000 -1.1191e+000 -3.4515e+000
301 +7.683216019e-007 +7.683216019e-007 +2.027000077e+001 +2.027000077e+001 +3.0317e+000 -1.1168e+000 -3.4509e+000
319 +5.072011717e-007 +5.072011717e-007 +2.027000051e+001 +2.027000051e+001 +3.0317e+000 -1.1178e+000 -3.4506e+000
325 +6.841336742e-008 +6.841336742e-008 +2.027000007e+001 +2.027000007e+001 +3.0321e+000 -1.1178e+000 -3.4511e+000
423 +2.233036511e-008 +2.233036511e-008 +2.027000002e+001 +2.027000002e+001 +3.0321e+000 -1.1176e+000 -3.4511e+000
451 +2.123133669e-009 +2.123133669e-009 +2.027000000e+001 +2.027000000e+001 +3.0320e+000 -1.1176e+000 -3.4512e+000
879 +0.000000000e+000 +0.000000000e+000 +2.027000000e+001 +2.027000000e+001 +3.0320e+000 -1.1176e+000 -3.4512e+000
% function evaluation | noise-free fitness - Fopt (9.302900000000e+002) | best noise-free fitness - Fopt | measured fitness | best measured fitness | x1 | x2...
1 +2.683238644e+001 +2.683238644e+001 +9.571223864e+002 +9.571223864e+002 -1.0553e+000 -8.6071e-001 +1.6426e+000
12 +2.149133662e+001 +2.149133662e+001 +9.517813366e+002 +9.517813366e+002 -5.8163e+000 +1.3989e-001 -5.0645e+000
16 +6.418048386e+000 +6.418048386e+000 +9.367080484e+002 +9.367080484e+002 -3.4767e-001 -6.8892e-001 -1.3445e+000
17 +5.035674014e+000 +5.035674014e+000 +9.353256740e+002 +9.353256740e+002 -8.4915e-001 -1.0710e+000 -1.3952e+000
22 +1.778671378e+000 +1.778671378e+000 +9.320686714e+002 +9.320686714e+002 -1.6082e+000 -6.7880e-003 -2.6895e+000
46 +5.368814583e-001 +5.368814583e-001 +9.308268815e+002 +9.308268815e+002 -1.2329e+000 -5.2706e-001 -3.1892e+000
66 +3.192126417e-001 +3.192126417e-001 +9.306092126e+002 +9.306092126e+002 -1.7846e+000 -6.7161e-001 -3.1304e+000
77 +9.363610738e-002 +9.363610738e-002 +9.303836361e+002 +9.303836361e+002 -1.3816e+000 -9.4745e-001 -3.3513e+000
85 +7.924590961e-002 +7.924590961e-002 +9.303692459e+002 +9.303692459e+002 -1.5218e+000 -1.1194e+000 -3.2448e+000
110 +1.044865713e-002 +1.044865713e-002 +9.303004487e+002 +9.303004487e+002 -1.6853e+000 -9.9197e-001 -3.5357e+000
130 +1.013235508e-002 +1.013235508e-002 +9.303001324e+002 +9.303001324e+002 -1.6421e+000 -1.1355e+000 -3.5699e+000
300 +3.872973413e-003 +3.872973413e-003 +9.302938730e+002 +9.302938730e+002 -1.6268e+000 -1.1257e+000 -3.5077e+000
322 +1.962619211e-003 +1.962619211e-003 +9.302919626e+002 +9.302919626e+002 -1.6571e+000 -1.0847e+000 -3.4877e+000
337 +1.066703807e-003 +1.066703807e-003 +9.302910667e+002 +9.302910667e+002 -1.6108e+000 -1.0859e+000 -3.4803e+000
422 +2.614791241e-004 +2.614791241e-004 +9.302902615e+002 +9.302902615e+002 -1.6308e+000 -1.0568e+000 -3.4919e+000
428 +1.843586247e-004 +1.843586247e-004 +9.302901844e+002 +9.302901844e+002 -1.6336e+000 -1.0604e+000 -3.4997e+000
434 +1.806908690e-004 +1.806908690e-004 +9.302901807e+002 +9.302901807e+002 -1.6334e+000 -1.0683e+000 -3.5004e+000
440 +1.540773211e-004 +1.540773211e-004 +9.302901541e+002 +9.302901541e+002 -1.6328e+000 -1.0615e+000 -3.5042e+000
446 +1.430829387e-004 +1.430829387e-004 +9.302901431e+002 +9.302901431e+002 -1.6314e+000 -1.0691e+000 -3.5045e+000
451 +1.013706213e-004 +1.013706213e-004 +9.302901014e+002 +9.302901014e+002 -1.6304e+000 -1.0665e+000 -3.5041e+000
460 +8.428825095e-005 +8.428825095e-005 +9.302900843e+002 +9.302900843e+002 -1.6295e+000 -1.0613e+000 -3.5033e+000
476 +2.236940657e-005 +2.236940657e-005 +9.302900224e+002 +9.302900224e+002 -1.6238e+000 -1.0606e+000 -3.5011e+000
481 +1.843234020e-005 +1.843234020e-005 +9.302900184e+002 +9.302900184e+002 -1.6229e+000 -1.0603e+000 -3.5022e+000
485 +4.560115258e-006 +4.560115258e-006 +9.302900046e+002 +9.302900046e+002 -1.6206e+000 -1.0627e+000 -3.5007e+000
488 +4.370093961e-006 +4.370093961e-006 +9.302900044e+002 +9.302900044e+002 -1.6228e+000 -1.0640e+000 -3.5019e+000
505 +3.083900765e-006 +3.083900765e-006 +9.302900031e+002 +9.302900031e+002 -1.6224e+000 -1.0633e+000 -3.5024e+000
511 +1.682459242e-006 +1.682459242e-006 +9.302900017e+002 +9.302900017e+002 -1.6216e+000 -1.0632e+000 -3.5018e+000
527 +5.208796665e-007 +5.208796665e-007 +9.302900005e+002 +9.302900005e+002 -1.6212e+000 -1.0638e+000 -3.5019e+000
557 +4.416001502e-007 +4.416001502e-007 +9.302900004e+002 +9.302900004e+002 -1.6206e+000 -1.0637e+000 -3.5018e+000
574 +3.345128334e-007 +3.345128334e-007 +9.302900003e+002 +9.302900003e+002 -1.6205e+000 -1.0637e+000 -3.5020e+000
578 +2.248775672e-007 +2.248775672e-007 +9.302900002e+002 +9.302900002e+002 -1.6206e+000 -1.0638e+000 -3.5020e+000
599 +2.074958729e-007 +2.074958729e-007 +9.302900002e+002 +9.302900002e+002 -1.6204e+000 -1.0638e+000 -3.5022e+000
602 +6.873960956e-008 +6.873960956e-008 +9.302900001e+002 +9.302900001e+002 -1.6206e+000 -1.0639e+000 -3.5023e+000
622 +1.029286523e-008 +1.029286523e-008 +9.302900000e+002 +9.302900000e+002 -1.6208e+000 -1.0639e+000 -3.5024e+000
827 +7.287781045e-009 +7.287781045e-009 +9.302900000e+002 +9.302900000e+002 -1.6208e+000 -1.0639e+000 -3.5024e+000
1172 +0.000000000e+000 +0.000000000e+000 +9.302900000e+002 +9.302900000e+002 -1.6208e+000 -1.0640e+000 -3.5024e+000
% function evaluation | noise-free fitness - Fopt (7.786100000000e+002) | best noise-free fitness - Fopt | measured fitness | best measured fitness | x1 | x2...
1 +1.877780764e+002 +1.877780764e+002 +9.663880764e+002 +9.663880764e+002 +6.5382e+000 -5.8310e+000 +5.8696e+000
2 +1.039500953e+002 +1.039500953e+002 +8.825600953e+002 +8.825600953e+002 +4.1362e+000 -4.5474e+000 -9.1751e+000
4 +3.071522277e+001 +3.071522277e+001 +8.093252228e+002 +8.093252228e+002 +3.0185e-001 -6.8814e+000 -4.9139e+000
16 +1.638637962e+001 +1.638637962e+001 +7.949963796e+002 +7.949963796e+002 -1.3838e+000 -7.2121e-001 -3.7554e+000
19 +4.715208659e+000 +4.715208659e+000 +7.833252087e+002 +7.833252087e+002 -2.6354e+000 -4.2619e+000 -4.6136e+000
51 +3.442587204e+000 +3.442587204e+000 +7.820525872e+002 +7.820525872e+002 -2.9019e+000 -4.8596e+000 -4.0777e+000
61 +2.266104243e+000 +2.266104243e+000 +7.808761042e+002 +7.808761042e+002 -3.4933e+000 -5.2792e+000 -2.7469e+000
66 +5.308426524e-001 +5.308426524e-001 +7.791408427e+002 +7.791408427e+002 -3.4073e+000 -3.9968e+000 -3.4209e+000
81 +2.387630133e-001 +2.387630133e-001 +7.788487630e+002 +7.788487630e+002 -3.7771e+000 -4.1489e+000 -3.2117e+000
100 +9.588979617e-002 +9.588979617e-002 +7.787058898e+002 +7.787058898e+002 -3.8333e+000 -3.6626e+000 -3.1261e+000
122 +4.092832863e-002 +4.092832863e-002 +7.786509283e+002 +7.786509283e+002 -3.8774e+000 -3.8726e+000 -3.0469e+000
151 +3.083972892e-002 +3.083972892e-002 +7.786408397e+002 +7.786408397e+002 -3.9249e+000 -3.9491e+000 -2.9274e+000
156 +7.773748576e-003 +7.773748576e-003 +7.786177737e+002 +7.786177737e+002 -3.8009e+000 -3.8738e+000 -2.9168e+000
199 +3.885157339e-003 +3.885157339e-003 +7.786138852e+002 +7.786138852e+002 -3.8400e+000 -3.8383e+000 -2.9157e+000
233 +1.350199614e-003 +1.350199614e-003 +7.786113502e+002 +7.786113502e+002 -3.8487e+000 -3.7902e+000 -2.8773e+000
243 +8.982716553e-004 +8.982716553e-004 +7.786108983e+002 +7.786108983e+002 -3.8530e+000 -3.7982e+000 -2.8456e+000
244 +7.922629844e-004 +7.922629844e-004 +7.786107923e+002 +7.786107923e+002 -3.8564e+000 -3.8289e+000 -2.8482e+000
251 +2.164418828e-004 +2.164418828e-004 +7.786102164e+002 +7.786102164e+002 -3.8443e+000 -3.8114e+000 -2.8651e+000
332 +4.535078835e-005 +4.535078835e-005 +7.786100454e+002 +7.786100454e+002 -3.8376e+000 -3.8194e+000 -2.8615e+000
349 +2.320086742e-005 +2.320086742e-005 +7.786100232e+002 +7.786100232e+002 -3.8370e+000 -3.8150e+000 -2.8561e+000
361 +1.446612021e-005 +1.446612021e-005 +7.786100145e+002 +7.786100145e+002 -3.8356e+000 -3.8176e+000 -2.8600e+000
380 +7.415366895e-006 +7.415366895e-006 +7.786100074e+002 +7.786100074e+002 -3.8348e+000 -3.8170e+000 -2.8594e+000
398 +4.529981652e-006 +4.529981652e-006 +7.786100045e+002 +7.786100045e+002 -3.8317e+000 -3.8184e+000 -2.8567e+000
407 +2.058067139e-007 +2.058067139e-007 +7.786100002e+002 +7.786100002e+002 -3.8324e+000 -3.8168e+000 -2.8577e+000
496 +7.685150649e-008 +7.685150649e-008 +7.786100001e+002 +7.786100001e+002 -3.8330e+000 -3.8167e+000 -2.8578e+000
498 +5.290451099e-008 +5.290451099e-008 +7.786100001e+002 +7.786100001e+002 -3.8329e+000 -3.8170e+000 -2.8577e+000
502 +3.652905889e-008 +3.652905889e-008 +7.786100000e+002 +7.786100000e+002 -3.8329e+000 -3.8169e+000 -2.8577e+000
508 +2.696151569e-008 +2.696151569e-008 +7.786100000e+002 +7.786100000e+002 -3.8329e+000 -3.8167e+000 -2.8575e+000
512 +1.222554147e-008 +1.222554147e-008 +7.786100000e+002 +7.786100000e+002 -3.8328e+000 -3.8168e+000 -2.8577e+000
524 +4.572029866e-009 +4.572029866e-009 +7.786100000e+002 +7.786100000e+002 -3.8328e+000 -3.8168e+000 -2.8575e+000
982 +0.000000000e+000 +0.000000000e+000 +7.786100000e+002 +7.786100000e+002 -3.8328e+000 -3.8168e+000 -2.8576e+000
% function evaluation | noise-free fitness - Fopt (-2.051000000000e+001) | best noise-free fitness - Fopt | measured fitness | best measured fitness | x1 | x2...
1 +7.014267496e+001 +7.014267496e+001 +4.963267496e+001 +4.963267496e+001 -1.9115e+000 +9.8495e+000 +4.8213e-001
3 +2.211247664e+001 +2.211247664e+001 +1.602476642e+000 +1.602476642e+000 +4.4917e-001 +2.7649e+000 -4.2415e-002
6 +2.103140129e+001 +2.103140129e+001 +5.214012852e-001 +5.214012852e-001 +9.0057e-001 +2.9768e+000 +3.8329e+000
10 +1.496161216e+001 +1.496161216e+001 -5.548387836e+000 -5.548387836e+000 -3.3101e+000 -4.4883e-001 +5.6575e+000
16 +7.528526107e+000 +7.528526107e+000 -1.298147389e+001 -1.298147389e+001 -7.7675e-001 +2.4961e+000 +3.2258e+000
17 +3.282190761e+000 +3.282190761e+000 -1.722780924e+001 -1.722780924e+001 -1.6863e+000 +1.2828e+000 +2.9187e+000
18 +1.199353425e-001 +1.199353425e-001 -2.039006466e+001 -2.039006466e+001 -3.5436e+000 +1.5898e+000 +2.4578e+000
101 +4.703617942e-002 +4.703617942e-002 -2.046296382e+001 -2.046296382e+001 -3.4923e+000 +1.7638e+000 +2.7003e+000
152 +4.335891992e-002 +4.335891992e-002 -2.046664108e+001 -2.046664108e+001 -3.2755e+000 +1.6949e+000 +2.4828e+000
177 +3.162798018e-002 +3.162798018e-002 -2.047837202e+001 -2.047837202e+001 -3.4860e+000 +1.7391e+000 +2.5716e+000
200 +2.119140503e-002 +2.119140503e-002 -2.048880859e+001 -2.048880859e+001 -3.4136e+000 +1.7346e+000 +2.5271e+000
205 +1.805925919e-002 +1.805925919e-002 -2.049194074e+001 -2.049194074e+001 -3.4092e+000 +1.7811e+000 +2.4677e+000
206 +1.235454279e-002 +1.235454279e-002 -2.049764546e+001 -2.049764546e+001 -3.4202e+000 +1.7934e+000 +2.4995e+000
215 +1.106668137e-002 +1.106668137e-002 -2.049893332e+001 -2.049893332e+001 -3.4680e+000 +1.8606e+000 +2.5667e+000
230 +4.771576126e-003 +4.771576126e-003 -2.050522842e+001 -2.050522842e+001 -3.3872e+000 +1.8046e+000 +2.5432e+000
233 +2.101165796e-003 +2.101165796e-003 -2.050789883e+001 -2.050789883e+001 -3.3704e+000 +1.8223e+000 +2.5544e+000
239 +1.998418065e-003 +1.998418065e-003 -2.050800158e+001 -2.050800158e+001 -3.3771e+000 +1.8558e+000 +2.5191e+000
265 +1.004201190e-003 +1.004201190e-003 -2.050899580e+001 -2.050899580e+001 -3.3337e+000 +1.8787e+000 +2.5604e+000
273 +9.262321519e-004 +9.262321519e-004 -2.050907377e+001 -2.050907377e+001 -3.3584e+000 +1.8382e+000 +2.5679e+000
312 +2.793068823e-004 +2.793068823e-004 -2.050972069e+001 -2.050972069e+001 -3.3736e+000 +1.8590e+000 +2.5498e+000
354 +7.361408824e-005 +7.361408824e-005 -2.050992639e+001 -2.050992639e+001 -3.3709e+000 +1.8636e+000 +2.5612e+000
424 +5.695853897e-005 +5.695853897e-005 -2.050994304e+001 -2.050994304e+001 -3.3707e+000 +1.8675e+000 +2.5599e+000
425 +2.623141775e-005 +2.623141775e-005 -2.050997377e+001 -2.050997377e+001 -3.3582e+000 +1.8678e+000 +2.5609e+000
437 +6.725378938e-006 +6.725378938e-006 -2.050999327e+001 -2.050999327e+001 -3.3657e+000 +1.8672e+000 +2.5594e+000
450 +2.281823445e-006 +2.281823445e-006 -2.050999772e+001 -2.050999772e+001 -3.3642e+000 +1.8682e+000 +2.5596e+000
453 +2.088375147e-006 +2.088375147e-006 -2.050999791e+001 -2.050999791e+001 -3.3624e+000 +1.8676e+000 +2.5589e+000
496 +1.902876573e-006 +1.902876573e-006 -2.050999810e+001 -2.050999810e+001 -3.3633e+000 +1.8661e+000 +2.5592e+000
499 +1.317469469e-006 +1.317469469e-006 -2.050999868e+001 -2.050999868e+001 -3.3637e+000 +1.8667e+000 +2.5591e+000
518 +5.803697434e-007 +5.803697434e-007 -2.050999942e+001 -2.050999942e+001 -3.3637e+000 +1.8667e+000 +2.5598e+000
531 +4.775713869e-007 +4.775713869e-007 -2.050999952e+001 -2.050999952e+001 -3.3639e+000 +1.8673e+000 +2.5600e+000
542 +4.270713170e-007 +4.270713170e-007 -2.050999957e+001 -2.050999957e+001 -3.3627e+000 +1.8674e+000 +2.5597e+000
545 +3.415252827e-007 +3.415252827e-007 -2.050999966e+001 -2.050999966e+001 -3.3633e+000 +1.8673e+000 +2.5594e+000
547 +2.418214677e-007 +2.418214677e-007 -2.050999976e+001 -2.050999976e+001 -3.3636e+000 +1.8669e+000 +2.5602e+000
552 +1.488076578e-007 +1.488076578e-007 -2.050999985e+001 -2.050999985e+001 -3.3633e+000 +1.8675e+000 +2.5597e+000
560 +1.044005948e-007 +1.044005948e-007 -2.050999990e+001 -2.050999990e+001 -3.3629e+000 +1.8673e+000 +2.5601e+000
564 +8.900152082e-008 +8.900152082e-008 -2.050999991e+001 -2.050999991e+001 -3.3630e+000 +1.8673e+000 +2.5602e+000
565 +2.120401632e-010 +2.120401632e-010 -2.051000000e+001 -2.051000000e+001 -3.3632e+000 +1.8672e+000 +2.5600e+000
1128 +0.000000000e+000 +0.000000000e+000 -2.051000000e+001 -2.051000000e+001 -3.3632e+000 +1.8672e+000 +2.5600e+000
% function evaluation | noise-free fitness - Fopt (-1.000000000000e+003) | best noise-free fitness - Fopt | measured fitness | best measured fitness | x1 | x2...
1 +5.306760131e+000 +5.306760131e+000 -9.946932399e+002 -9.946932399e+002 +1.2016e+000 +4.2582e+000 -3.4465e+000
19 +4.440884105e+000 +4.440884105e+000 -9.955591159e+002 -9.955591159e+002 +3.2232e+000 +4.1478e+000 -3.6765e+000
33 +9.290399452e-001 +9.290399452e-001 -9.990709601e+002 -9.990709601e+002 +1.8091e+000 +3.0190e+000 -3.2438e+000
34 +6.917593659e-001 +6.917593659e-001 -9.993082406e+002 -9.993082406e+002 +2.6783e+000 +3.1030e+000 -3.1784e+000
47 +6.261191930e-001 +6.261191930e-001 -9.993738808e+002 -9.993738808e+002 +1.6241e+000 +2.3747e+000 -2.7680e+000
78 +2.897625656e-001 +2.897625656e-001 -9.997102374e+002 -9.997102374e+002 +2.3037e+000 +1.8797e+000 -2.7672e+000
100 +2.788064064e-001 +2.788064064e-001 -9.997211936e+002 -9.997211936e+002 +1.9870e+000 +2.0978e+000 -2.8624e+000
111 +2.112938602e-001 +2.112938602e-001 -9.997887061e+002 -9.997887061e+002 +2.7007e+000 +2.7427e+000 -2.6908e+000
127 +4.362045306e-002 +4.362045306e-002 -9.999563795e+002 -9.999563795e+002 +2.2720e+000 +2.3388e+000 -2.6734e+000
138 +1.214350488e-002 +1.214350488e-002 -9.999878565e+002 -9.999878565e+002 +2.4109e+000 +2.4684e+000 -2.7220e+000
188 +1.153546674e-002 +1.153546674e-002 -9.999884645e+002 -9.999884645e+002 +2.3990e+000 +2.4337e+000 -2.7096e+000
198 +1.091006483e-002 +1.091006483e-002 -9.999890899e+002 -9.999890899e+002 +2.4528e+000 +2.3669e+000 -2.7229e+000
204 +7.246301459e-003 +7.246301459e-003 -9.999927537e+002 -9.999927537e+002 +2.4335e+000 +2.3965e+000 -2.7297e+000
225 +7.127006450e-003 +7.127006450e-003 -9.999928730e+002 -9.999928730e+002 +2.3762e+000 +2.3969e+000 -2.7367e+000
232 +4.493816361e-003 +4.493816361e-003 -9.999955062e+002 -9.999955062e+002 +2.3806e+000 +2.3983e+000 -2.7540e+000
253 +2.246256826e-004 +2.246256826e-004 -9.999997754e+002 -9.999997754e+002 +2.4136e+000 +2.3901e+000 -2.8151e+000
287 +2.170215655e-004 +2.170215655e-004 -9.999997830e+002 -9.999997830e+002 +2.4077e+000 +2.3986e+000 -2.8240e+000
323 +9.190132027e-005 +9.190132027e-005 -9.999999081e+002 -9.999999081e+002 +2.4196e+000 +2.3979e+000 -2.8093e+000
339 +4.838694213e-005 +4.838694213e-005 -9.999999516e+002 -9.999999516e+002 +2.4083e+000 +2.4014e+000 -2.8091e+000
354 +4.377986306e-005 +4.377986306e-005 -9.999999562e+002 -9.999999562e+002 +2.4125e+000 +2.3986e+000 -2.8099e+000
382 +4.132057404e-005 +4.132057404e-005 -9.999999587e+002 -9.999999587e+002 +2.4114e+000 +2.3989e+000 -2.8131e+000
388 +3.512071191e-005 +3.512071191e-005 -9.999999649e+002 -9.999999649e+002 +2.4111e+000 +2.3995e+000 -2.8128e+000
406 +2.314634548e-005 +2.314634548e-005 -9.999999769e+002 -9.999999769e+002 +2.4122e+000 +2.4007e+000 -2.8140e+000
421 +2.070110736e-005 +2.070110736e-005 -9.999999793e+002 -9.999999793e+002 +2.4124e+000 +2.4078e+000 -2.8152e+000
426 +1.874748364e-005 +1.874748364e-005 -9.999999813e+002 -9.999999813e+002 +2.4120e+000 +2.4020e+000 -2.8091e+000
438 +5.283617156e-006 +5.283617156e-006 -9.999999947e+002 -9.999999947e+002 +2.4119e+000 +2.4040e+000 -2.8133e+000
441 +4.444700039e-006 +4.444700039e-006 -9.999999956e+002 -9.999999956e+002 +2.4129e+000 +2.4067e+000 -2.8127e+000
446 +3.723294071e-006 +3.723294071e-006 -9.999999963e+002 -9.999999963e+002 +2.4133e+000 +2.4049e+000 -2.8139e+000
451 +1.338843504e-006 +1.338843504e-006 -9.999999987e+002 -9.999999987e+002 +2.4126e+000 +2.4054e+000 -2.8117e+000
482 +6.716700227e-007 +6.716700227e-007 -9.999999993e+002 -9.999999993e+002 +2.4141e+000 +2.4053e+000 -2.8117e+000
503 +5.784103223e-007 +5.784103223e-007 -9.999999994e+002 -9.999999994e+002 +2.4141e+000 +2.4047e+000 -2.8114e+000
511 +2.175465852e-007 +2.175465852e-007 -9.999999998e+002 -9.999999998e+002 +2.4135e+000 +2.4052e+000 -2.8123e+000
520 +1.539275445e-007 +1.539275445e-007 -9.999999998e+002 -9.999999998e+002 +2.4132e+000 +2.4049e+000 -2.8120e+000
526 +1.329259476e-007 +1.329259476e-007 -9.999999999e+002 -9.999999999e+002 +2.4133e+000 +2.4048e+000 -2.8118e+000
530 +7.315975381e-008 +7.315975381e-008 -9.999999999e+002 -9.999999999e+002 +2.4135e+000 +2.4046e+000 -2.8121e+000
531 +5.613890153e-008 +5.613890153e-008 -9.999999999e+002 -9.999999999e+002 +2.4137e+000 +2.4050e+000 -2.8119e+000
533 +3.115496838e-008 +3.115496838e-008 -1.000000000e+003 -1.000000000e+003 +2.4136e+000 +2.4049e+000 -2.8122e+000
561 +1.802789029e-008 +1.802789029e-008 -1.000000000e+003 -1.000000000e+003 +2.4136e+000 +2.4049e+000 -2.8120e+000
570 +3.616491995e-009 +3.616491995e-009 -1.000000000e+003 -1.000000000e+003 +2.4136e+000 +2.4048e+000 -2.8120e+000
790 +0.000000000e+000 +0.000000000e+000 -1.000000000e+003 -1.000000000e+003 +2.4136e+000 +2.4048e+000 -2.8120e+000
% function evaluation | noise-free fitness - Fopt (-1.730800000000e+002) | best noise-free fitness - Fopt | measured fitness | best measured fitness | x1 | x2...
1 +1.088751997e+002 +1.088751997e+002 -6.420480030e+001 -6.420480030e+001 +1.3715e+000 +3.7374e+000 -4.2641e+000
2 +7.002199174e+001 +7.002199174e+001 -1.030580083e+002 -1.030580083e+002 +4.2124e-001 +1.8274e+000 -3.7009e+000
9 +5.200841002e+001 +5.200841002e+001 -1.210715900e+002 -1.210715900e+002 -7.1775e+000 +2.6002e+000 +3.5153e-001
28 +2.829992985e+001 +2.829992985e+001 -1.447800701e+002 -1.447800701e+002 -3.5473e+000 +1.1661e+000 -1.1265e+000
31 +2.303811456e+001 +2.303811456e+001 -1.500418854e+002 -1.500418854e+002 -4.0909e+000 -7.5265e+000 -1.5256e+000
47 +1.226336103e+001 +1.226336103e+001 -1.608166390e+002 -1.608166390e+002 -4.4249e+000 -2.8244e+000 -2.1039e+000
51 +1.146418474e+001 +1.146418474e+001 -1.616158153e+002 -1.616158153e+002 -5.6886e+000 -6.0868e+000 +1.8779e-001
53 +2.548268502e+000 +2.548268502e+000 -1.705317315e+002 -1.705317315e+002 -3.9484e+000 -2.1236e+000 +7.3904e-001
69 +1.824292996e+000 +1.824292996e+000 -1.712557070e+002 -1.712557070e+002 -4.4477e+000 -3.0982e+000 +2.7851e-001
78 +1.096856967e+000 +1.096856967e+000 -1.719831430e+002 -1.719831430e+002 -4.6225e+000 -3.8995e+000 +1.2639e+000
79 +6.721051347e-001 +6.721051347e-001 -1.724078949e+002 -1.724078949e+002 -4.4143e+000 -3.7012e+000 +1.0436e+000
97 +5.052301943e-001 +5.052301943e-001 -1.725747698e+002 -1.725747698e+002 -4.2830e+000 -3.7958e+000 +1.3773e+000
98 +3.039222714e-001 +3.039222714e-001 -1.727760777e+002 -1.727760777e+002 -3.9819e+000 -3.4112e+000 +8.5023e-001
111 +2.761191111e-001 +2.761191111e-001 -1.728038809e+002 -1.728038809e+002 -4.0533e+000 -3.7953e+000 +1.4392e+000
114 +6.127401017e-002 +6.127401017e-002 -1.730187260e+002 -1.730187260e+002 -3.3853e+000 -3.5475e+000 +1.1517e+000
121 +3.312272815e-002 +3.312272815e-002 -1.730468773e+002 -1.730468773e+002 -3.7081e+000 -3.5302e+000 +1.0767e+000
133 +2.679188113e-002 +2.679188113e-002 -1.730532081e+002 -1.730532081e+002 -3.5479e+000 -3.6479e+000 +1.3552e+000
150 +1.296005447e-002 +1.296005447e-002 -1.730670399e+002 -1.730670399e+002 -3.5501e+000 -3.5831e+000 +1.1236e+000
156 +8.087876119e-003 +8.087876119e-003 -1.730719121e+002 -1.730719121e+002 -3.6529e+000 -3.6860e+000 +1.2474e+000
161 +5.725092622e-003 +5.725092622e-003 -1.730742749e+002 -1.730742749e+002 -3.6308e+000 -3.6835e+000 +1.2316e+000
169 +5.181689099e-003 +5.181689099e-003 -1.730748183e+002 -1.730748183e+002 -3.5629e+000 -3.6422e+000 +1.2482e+000
181 +4.450392553e-004 +4.450392553e-004 -1.730795550e+002 -1.730795550e+002 -3.5971e+000 -3.6159e+000 +1.2046e+000
224 +3.046950187e-004 +3.046950187e-004 -1.730796953e+002 -1.730796953e+002 -3.6318e+000 -3.6204e+000 +1.2143e+000
227 +1.054353814e-005 +1.054353814e-005 -1.730799895e+002 -1.730799895e+002 -3.6185e+000 -3.6137e+000 +1.2090e+000
253 +2.253927534e-006 +2.253927534e-006 -1.730799977e+002 -1.730799977e+002 -3.6165e+000 -3.6111e+000 +1.2101e+000
320 +2.603510723e-007 +2.603510723e-007 -1.730799997e+002 -1.730799997e+002 -3.6170e+000 -3.6117e+000 +1.2115e+000
369 +7.042274319e-008 +7.042274319e-008 -1.730799999e+002 -1.730799999e+002 -3.6167e+000 -3.6121e+000 +1.2114e+000
441 +5.906738920e-008 +5.906738920e-008 -1.730799999e+002 -1.730799999e+002 -3.6170e+000 -3.6119e+000 +1.2113e+000
444 +4.994549840e-008 +4.994549840e-008 -1.730800000e+002 -1.730800000e+002 -3.6170e+000 -3.6119e+000 +1.2113e+000
446 +3.767371481e-008 +3.767371481e-008 -1.730800000e+002 -1.730800000e+002 -3.6169e+000 -3.6118e+000 +1.2112e+000
478 +3.612504429e-008 +3.612504429e-008 -1.730800000e+002 -1.730800000e+002 -3.6168e+000 -3.6118e+000 +1.2113e+000
481 +3.094527301e-008 +3.094527301e-008 -1.730800000e+002 -1.730800000e+002 -3.6169e+000 -3.6119e+000 +1.2113e+000
483 +2.687514211e-008 +2.687514211e-008 -1.730800000e+002 -1.730800000e+002 -3.6168e+000 -3.6119e+000 +1.2113e+000
489 +1.095563107e-008 +1.095563107e-008 -1.730800000e+002 -1.730800000e+002 -3.6167e+000 -3.6120e+000 +1.2113e+000
499 +4.071665671e-009 +4.071665671e-009 -1.730800000e+002 -1.730800000e+002 -3.6168e+000 -3.6121e+000 +1.2112e+000
1013 +0.000000000e+000 +0.000000000e+000 -1.730800000e+002 -1.730800000e+002 -3.6168e+000 -3.6120e+000 +1.2112e+000
% function evaluation | noise-free fitness - Fopt (5.309000000000e+001) | best noise-free fitness - Fopt | measured fitness | best measured fitness | x1 | x2...
1 +2.659994464e+002 +2.659994464e+002 +3.190894464e+002 +3.190894464e+002 +7.8701e+000 +8.3971e+000 -6.6219e+000
2 +5.763609812e+001 +5.763609812e+001 +1.107260981e+002 +1.107260981e+002 -3.6835e+000 +3.6038e+000 -1.9682e+000
3 +2.684737536e+001 +2.684737536e+001 +7.993737536e+001 +7.993737536e+001 -2.4898e-001 +1.3939e+000 -1.6186e+000
4 +6.736956552e+000 +6.736956552e+000 +5.982695655e+001 +5.982695655e+001 -3.3725e+000 -2.7126e+000 -2.2034e+000
9 +6.233061619e+000 +6.233061619e+000 +5.932306162e+001 +5.932306162e+001 -5.3860e-002 -1.8830e+000 -1.8220e+000
10 +2.113353876e+000 +2.113353876e+000 +5.520335388e+001 +5.520335388e+001 -7.9034e-001 -2.4415e+000 -1.2746e+000
39 +9.064031634e-001 +9.064031634e-001 +5.399640316e+001 +5.399640316e+001 -2.0730e+000 -3.0657e+000 -1.2052e+000
67 +3.198304135e-001 +3.198304135e-001 +5.340983041e+001 +5.340983041e+001 -1.1373e+000 -3.9532e+000 -7.7867e-001
91 +1.432514275e-001 +1.432514275e-001 +5.323325143e+001 +5.323325143e+001 -1.7974e+000 -3.7478e+000 -5.6832e-001
138 +9.284621762e-002 +9.284621762e-002 +5.318284622e+001 +5.318284622e+001 -1.4491e+000 -3.6645e+000 -3.4723e-001
206 +8.053809630e-002 +8.053809630e-002 +5.317053810e+001 +5.317053810e+001 -1.7665e+000 -3.5669e+000 -5.8080e-001
214 +7.124939678e-002 +7.124939678e-002 +5.316124940e+001 +5.316124940e+001 -1.7182e+000 -3.4072e+000 -5.9202e-001
223 +1.937130741e-002 +1.937130741e-002 +5.310937131e+001 +5.310937131e+001 -1.6233e+000 -3.5112e+000 -6.3349e-001
230 +3.026956020e-003 +3.026956020e-003 +5.309302696e+001 +5.309302696e+001 -1.5363e+000 -3.5550e+000 -6.0387e-001
256 +7.974270512e-004 +7.974270512e-004 +5.309079743e+001 +5.309079743e+001 -1.4663e+000 -3.5314e+000 -6.0369e-001
272 +4.161250375e-004 +4.161250375e-004 +5.309041613e+001 +5.309041613e+001 -1.4988e+000 -3.5508e+000 -6.1119e-001
294 +3.273135719e-004 +3.273135719e-004 +5.309032731e+001 +5.309032731e+001 -1.4977e+000 -3.5504e+000 -6.1435e-001
297 +2.955600265e-004 +2.955600265e-004 +5.309029556e+001 +5.309029556e+001 -1.4980e+000 -3.5398e+000 -6.0841e-001
305 +2.377259325e-004 +2.377259325e-004 +5.309023773e+001 +5.309023773e+001 -1.4875e+000 -3.5500e+000 -6.1240e-001
318 +1.951437592e-004 +1.951437592e-004 +5.309019514e+001 +5.309019514e+001 -1.5012e+000 -3.5373e+000 -6.2117e-001
321 +1.568536526e-004 +1.568536526e-004 +5.309015685e+001 +5.309015685e+001 -1.4984e+000 -3.5383e+000 -6.2724e-001
327 +3.819778254e-005 +3.819778254e-005 +5.309003820e+001 +5.309003820e+001 -1.4905e+000 -3.5374e+000 -6.1638e-001
367 +3.045930236e-005 +3.045930236e-005 +5.309003046e+001 +5.309003046e+001 -1.4924e+000 -3.5359e+000 -6.2205e-001
376 +7.062921846e-006 +7.062921846e-006 +5.309000706e+001 +5.309000706e+001 -1.4888e+000 -3.5357e+000 -6.2077e-001
409 +6.164975616e-006 +6.164975616e-006 +5.309000616e+001 +5.309000616e+001 -1.4869e+000 -3.5352e+000 -6.2112e-001
415 +3.801124485e-006 +3.801124485e-006 +5.309000380e+001 +5.309000380e+001 -1.4871e+000 -3.5375e+000 -6.2354e-001
425 +8.890975352e-007 +8.890975352e-007 +5.309000089e+001 +5.309000089e+001 -1.4871e+000 -3.5377e+000 -6.2253e-001
503 +4.584464577e-007 +4.584464577e-007 +5.309000046e+001 +5.309000046e+001 -1.4867e+000 -3.5377e+000 -6.2202e-001
511 +4.113853720e-007 +4.113853720e-007 +5.309000041e+001 +5.309000041e+001 -1.4866e+000 -3.5374e+000 -6.2178e-001
557 +3.058427680e-007 +3.058427680e-007 +5.309000031e+001 +5.309000031e+001 -1.4867e+000 -3.5378e+000 -6.2180e-001
564 +1.896043287e-007 +1.896043287e-007 +5.309000019e+001 +5.309000019e+001 -1.4868e+000 -3.5378e+000 -6.2155e-001
580 +1.843997097e-007 +1.843997097e-007 +5.309000018e+001 +5.309000018e+001 -1.4870e+000 -3.5377e+000 -6.2196e-001
633 +1.194976917e-007 +1.194976917e-007 +5.309000012e+001 +5.309000012e+001 -1.4870e+000 -3.5378e+000 -6.2144e-001
649 +1.083363728e-007 +1.083363728e-007 +5.309000011e+001 +5.309000011e+001 -1.4869e+000 -3.5376e+000 -6.2158e-001
710 +9.277361102e-008 +9.277361102e-008 +5.309000009e+001 +5.309000009e+001 -1.4869e+000 -3.5376e+000 -6.2159e-001
737 +8.725069023e-008 +8.725069023e-008 +5.309000009e+001 +5.309000009e+001 -1.4869e+000 -3.5376e+000 -6.2161e-001
745 +7.355721010e-008 +7.355721010e-008 +5.309000007e+001 +5.309000007e+001 -1.4869e+000 -3.5376e+000 -6.2152e-001
752 +6.747523429e-008 +6.747523429e-008 +5.309000007e+001 +5.309000007e+001 -1.4869e+000 -3.5376e+000 -6.2157e-001
753 +5.959856963e-008 +5.959856963e-008 +5.309000006e+001 +5.309000006e+001 -1.4870e+000 -3.5376e+000 -6.2159e-001
770 +5.024266869e-008 +5.024266869e-008 +5.309000005e+001 +5.309000005e+001 -1.4870e+000 -3.5376e+000 -6.2160e-001
779 +4.942157261e-008 +4.942157261e-008 +5.309000005e+001 +5.309000005e+001 -1.4871e+000 -3.5374e+000 -6.2166e-001
781 +3.533419601e-008 +3.533419601e-008 +5.309000004e+001 +5.309000004e+001 -1.4870e+000 -3.5376e+000 -6.2162e-001
784 +2.881200345e-008 +2.881200345e-008 +5.309000003e+001 +5.309000003e+001 -1.4870e+000 -3.5375e+000 -6.2158e-001
788 +2.564694057e-008 +2.564694057e-008 +5.309000003e+001 +5.309000003e+001 -1.4870e+000 -3.5376e+000 -6.2159e-001
792 +2.317506187e-008 +2.317506187e-008 +5.309000002e+001 +5.309000002e+001 -1.4871e+000 -3.5375e+000 -6.2169e-001
795 +2.708397062e-009 +2.708397062e-009 +5.309000000e+001 +5.309000000e+001 -1.4872e+000 -3.5376e+000 -6.2163e-001
1071 +0.000000000e+000 +0.000000000e+000 +5.309000000e+001 +5.309000000e+001 -1.4872e+000 -3.5376e+000 -6.2160e-001
