% function evaluation | noise-free fitness - Fopt (7.948000000000e+001) | best noise-free fitness - Fopt | measured fitness | best measured fitness | x1 | x2...
1 +5.358948541e+002 +5.358948541e+002 +6.153748541e+002 +6.153748541e+002 -6.3801e+000 +2.1022e+001
2 +2.844485433e+001 +2.844485433e+001 +1.079248543e+002 +1.079248543e+002 -3.4064e+000 +2.7232e+000
3 +9.710259770e+000 +9.710259770e+000 +8.919025977e+001 +8.919025977e+001 -2.7975e+000 -5.1981e-001
21 +5.245536257e+000 +5.245536257e+000 +8.472553626e+001 +8.472553626e+001 +2.7922e-001 +1.1334e+000
22 +4.829852703e+000 +4.829852703e+000 +8.430985270e+001 +8.430985270e+001 -2.9974e-001 +9.7030e-001
41 +2.277507476e+000 +2.277507476e+000 +8.175750748e+001 +8.175750748e+001 -2.6797e-001 +2.5964e-001
45 +1.971636809e+000 +1.971636809e+000 +8.145163681e+001 +8.145163681e+001 -2.8336e-001 +1.4095e-001
51 +1.469980432e+000 +1.469980432e+000 +8.094998043e+001 +8.094998043e+001 +4.8393e-001 +3.3393e-002
60 +2.164161097e-001 +2.164161097e-001 +7.969641611e+001 +7.969641611e+001 -1.9503e-001 -1.0309e+000
64 +1.960564838e-001 +1.960564838e-001 +7.967605648e+001 +7.967605648e+001 +3.1023e-001 -7.1776e-001
65 +1.300603295e-001 +1.300603295e-001 +7.961006033e+001 +7.961006033e+001 +1.4085e-001 -8.1398e-001
71 +3.185266542e-002 +3.185266542e-002 +7.951185267e+001 +7.951185267e+001 +2.5956e-001 -1.3351e+000
81 +1.135382076e-002 +1.135382076e-002 +7.949135382e+001 +7.949135382e+001 +2.6186e-001 -1.2630e+000
100 +6.084891135e-003 +6.084891135e-003 +7.948608489e+001 +7.948608489e+001 +2.2529e-001 -1.0838e+000
116 +2.691703002e-003 +2.691703002e-003 +7.948269170e+001 +7.948269170e+001 +2.1793e-001 -1.1952e+000
118 +1.530596292e-003 +1.530596292e-003 +7.948153060e+001 +7.948153060e+001 +2.1973e-001 -1.1359e+000
120 +1.109536791e-003 +1.109536791e-003 +7.948110954e+001 +7.948110954e+001 +2.2010e-001 -1.1632e+000
170 +7.945350169e-004 +7.945350169e-004 +7.948079454e+001 +7.948079454e+001 +2.8096e-001 -1.1555e+000
175 +1.414253664e-004 +1.414253664e-004 +7.948014143e+001 +7.948014143e+001 +2.6441e-001 -1.1594e+000
183 +8.225761221e-005 +8.225761221e-005 +7.948008226e+001 +7.948008226e+001 +2.6183e-001 -1.1577e+000
203 +1.902569447e-005 +1.902569447e-005 +7.948001903e+001 +7.948001903e+001 +2.5652e-001 -1.1591e+000
222 +7.253980456e-006 +7.253980456e-006 +7.948000725e+001 +7.948000725e+001 +2.5483e-001 -1.1586e+000
243 +2.596075433e-006 +2.596075433e-006 +7.948000260e+001 +7.948000260e+001 +2.5327e-001 -1.1583e+000
251 +2.570087446e-006 +2.570087446e-006 +7.948000257e+001 +7.948000257e+001 +2.5410e-001 -1.1559e+000
259 +3.362760168e-007 +3.362760168e-007 +7.948000034e+001 +7.948000034e+001 +2.5253e-001 -1.1563e+000
305 +3.010896705e-007 +3.010896705e-007 +7.948000030e+001 +7.948000030e+001 +2.5228e-001 -1.1570e+000
310 +6.117387841e-008 +6.117387841e-008 +7.948000006e+001 +7.948000006e+001 +2.5284e-001 -1.1570e+000
311 +3.561206086e-008 +3.561206086e-008 +7.948000004e+001 +7.948000004e+001 +2.5264e-001 -1.1569e+000
331 +2.852326020e-008 +2.852326020e-008 +7.948000003e+001 +7.948000003e+001 +2.5294e-001 -1.1567e+000
336 +1.628433210e-008 +1.628433210e-008 +7.948000002e+001 +7.948000002e+001 +2.5292e-001 -1.1568e+000
337 +7.603887298e-009 +7.603887298e-009 +7.948000001e+001 +7.948000001e+001 +2.5277e-001 -1.1567e+000
553 +0.000000000e+000 +0.000000000e+000 +7.948000000e+001 +7.948000000e+001 +2.5280e-001 -1.1568e+000
% function evaluation | noise-free fitness - Fopt (3.944800000000e+002) | best noise-free fitness - Fopt | measured fitness | best measured fitness | x1 | x2...
1 +2.553692060e+001 +2.553692060e+001 +4.200169206e+002 +4.200169206e+002 +1.0009e+000 -1.6519e+000
2 +1.957406605e+000 +1.957406605e+000 +3.964374066e+002 +3.964374066e+002 -5.2333e+000 -2.4716e+000
15 +7.930276903e-002 +7.930276903e-002 +3.945593028e+002 +3.945593028e+002 -3.6168e+000 -2.8875e+000
23 +2.632171777e-002 +2.632171777e-002 +3.945063217e+002 +3.945063217e+002 -3.8651e+000 -2.7316e+000
31 +1.155163366e-002 +1.155163366e-002 +3.944915516e+002 +3.944915516e+002 -3.8187e+000 -2.9625e+000
34 +8.992246737e-003 +8.992246737e-003 +3.944889922e+002 +3.944889922e+002 -3.8114e+000 -2.8527e+000
44 +8.791172322e-003 +8.791172322e-003 +3.944887912e+002 +3.944887912e+002 -3.9904e+000 -2.9084e+000
47 +5.720434796e-003 +5.720434796e-003 +3.944857204e+002 +3.944857204e+002 -3.8424e+000 -2.8396e+000
48 +2.315987987e-003 +2.315987987e-003 +3.944823160e+002 +3.944823160e+002 -3.8573e+000 -2.9155e+000
55 +2.119434922e-003 +2.119434922e-003 +3.944821194e+002 +3.944821194e+002 -3.8706e+000 -2.8537e+000
61 +1.546309454e-003 +1.546309454e-003 +3.944815463e+002 +3.944815463e+002 -3.8644e+000 -2.8707e+000
62 +4.177492923e-004 +4.177492923e-004 +3.944804177e+002 +3.944804177e+002 -3.8843e+000 -2.8756e+000
66 +1.282129432e-004 +1.282129432e-004 +3.944801282e+002 +3.944801282e+002 -3.8918e+000 -2.8812e+000
94 +8.797413733e-005 +8.797413733e-005 +3.944800880e+002 +3.944800880e+002 -3.8914e+000 -2.8966e+000
102 +3.542736408e-006 +3.542736408e-006 +3.944800035e+002 +3.944800035e+002 -3.8982e+000 -2.8885e+000
116 +3.392211397e-006 +3.392211397e-006 +3.944800034e+002 +3.944800034e+002 -3.8972e+000 -2.8890e+000
121 +1.715798589e-006 +1.715798589e-006 +3.944800017e+002 +3.944800017e+002 -3.8971e+000 -2.8902e+000
122 +9.067803148e-007 +9.067803148e-007 +3.944800009e+002 +3.944800009e+002 -3.8988e+000 -2.8896e+000
131 +5.173731665e-007 +5.173731665e-007 +3.944800005e+002 +3.944800005e+002 -3.8978e+000 -2.8908e+000
145 +1.572815904e-007 +1.572815904e-007 +3.944800002e+002 +3.944800002e+002 -3.8986e+000 -2.8901e+000
153 +9.445670912e-008 +9.445670912e-008 +3.944800001e+002 +3.944800001e+002 -3.8981e+000 -2.8903e+000
156 +1.906084890e-008 +1.906084890e-008 +3.944800000e+002 +3.944800000e+002 -3.8983e+000 -2.8903e+000
192 +3.205570920e-009 +3.205570920e-009 +3.944800000e+002 +3.944800000e+002 -3.8984e+000 -2.8903e+000
356 +0.000000000e+000 +0.000000000e+000 +3.944800000e+002 +3.944800000e+002 -3.8984e+000 -2.8904e+000
% function evaluation | noise-free fitness - Fopt (-2.471100000000e+002) | best noise-free fitness - Fopt | measured fitness | best measured fitness | x1 | x2...
1 +1.816574564e+001 +1.816574564e+001 -2.289442544e+002 -2.289442544e+002 -2.5913e-001 +2.5779e+000
7 +1.357696304e+001 +1.357696304e+001 -2.335330370e+002 -2.335330370e+002 -5.9587e-001 +2.0255e+000
12 +1.053065910e+001 +1.053065910e+001 -2.365793409e+002 -2.365793409e+002 -5.5459e-001 +2.9468e-001
20 +3.336485852e+000 +3.336485852e+000 -2.437735141e+002 -2.437735141e+002 -2.9391e+000 +1.8151e+000
25 +2.234820831e+000 +2.234820831e+000 -2.448751792e+002 -2.448751792e+002 -2.3248e+000 -4.8606e-002
27 +1.203206385e+000 +1.203206385e+000 -2.459067936e+002 -2.459067936e+002 -3.7664e+000 +1.2996e+000
30 +1.197662789e+000 +1.197662789e+000 -2.459123372e+002 -2.459123372e+002 -3.1292e+000 +1.0692e+000
32 +9.188891118e-001 +9.188891118e-001 -2.461911109e+002 -2.461911109e+002 -3.6185e+000 +1.1447e+000
37 +2.412432992e-001 +2.412432992e-001 -2.468687567e+002 -2.468687567e+002 -3.3879e+000 -6.6474e-002
41 +1.227344569e-001 +1.227344569e-001 -2.469872655e+002 -2.469872655e+002 -3.5564e+000 +4.5651e-001
59 +7.646496276e-002 +7.646496276e-002 -2.470335350e+002 -2.470335350e+002 -3.5911e+000 +2.0219e-002
62 +7.120109628e-002 +7.120109628e-002 -2.470387989e+002 -2.470387989e+002 -3.5497e+000 +2.9995e-001
64 +4.072579900e-002 +4.072579900e-002 -2.470692742e+002 -2.470692742e+002 -3.8831e+000 +3.8638e-001
75 +1.874497834e-003 +1.874497834e-003 -2.471081255e+002 -2.471081255e+002 -3.8309e+000 +2.3177e-001
106 +5.821947415e-004 +5.821947415e-004 -2.471094178e+002 -2.471094178e+002 -3.8013e+000 +1.7924e-001
122 +4.652161236e-004 +4.652161236e-004 -2.471095348e+002 -2.471095348e+002 -3.7971e+000 +1.8167e-001
127 +3.680561933e-004 +3.680561933e-004 -2.471096319e+002 -2.471096319e+002 -3.7885e+000 +1.8677e-001
133 +2.899761909e-004 +2.899761909e-004 -2.471097100e+002 -2.471097100e+002 -3.7814e+000 +2.0466e-001
134 +1.264448635e-004 +1.264448635e-004 -2.471098736e+002 -2.471098736e+002 -3.7956e+000 +2.1408e-001
136 +2.399529737e-005 +2.399529737e-005 -2.471099760e+002 -2.471099760e+002 -3.7937e+000 +2.0443e-001
143 +1.421170643e-005 +1.421170643e-005 -2.471099858e+002 -2.471099858e+002 -3.7979e+000 +2.0694e-001
151 +1.165121782e-005 +1.165121782e-005 -2.471099883e+002 -2.471099883e+002 -3.7969e+000 +2.0626e-001
165 +5.213406581e-006 +5.213406581e-006 -2.471099948e+002 -2.471099948e+002 -3.8001e+000 +2.0477e-001
169 +2.824161243e-006 +2.824161243e-006 -2.471099972e+002 -2.471099972e+002 -3.8000e+000 +2.0273e-001
170 +7.168396792e-007 +7.168396792e-007 -2.471099993e+002 -2.471099993e+002 -3.7982e+000 +2.0401e-001
176 +5.505449394e-007 +5.505449394e-007 -2.471099994e+002 -2.471099994e+002 -3.7986e+000 +2.0250e-001
188 +4.247617085e-007 +4.247617085e-007 -2.471099996e+002 -2.471099996e+002 -3.7979e+000 +2.0284e-001
192 +4.326966518e-008 +4.326966518e-008 -2.471100000e+002 -2.471100000e+002 -3.7982e+000 +2.0323e-001
208 +2.027874757e-008 +2.027874757e-008 -2.471100000e+002 -2.471100000e+002 -3.7983e+000 +2.0323e-001
224 +1.803192617e-008 +1.803192617e-008 -2.471100000e+002 -2.471100000e+002 -3.7984e+000 +2.0333e-001
237 +8.412342822e-009 +8.412342822e-009 -2.471100000e+002 -2.471100000e+002 -3.7985e+000 +2.0325e-001
424 +0.000000000e+000 +0.000000000e+000 -2.471100000e+002 -2.471100000e+002 -3.7984e+000 +2.0320e-001
% function evaluation | noise-free fitness - Fopt (-1.520400000000e+002) | best noise-free fitness - Fopt | measured fitness | best measured fitness | x1 | x2...
1 +5.064958139e+001 +5.064958139e+001 -1.013904186e+002 -1.013904186e+002 +4.4745e+000 -3.8832e+000
4 +3.501031191e+001 +3.501031191e+001 -1.170296881e+002 -1.170296881e+002 +5.0315e+000 -1.2093e+000
6 +2.763133153e+001 +2.763133153e+001 -1.244086685e+002 -1.244086685e+002 +4.0240e+000 -1.6120e+000
8 +2.719242656e+001 +2.719242656e+001 -1.248475734e+002 -1.248475734e+002 +4.5074e+000 -6.7258e-001
11 +2.200846178e+001 +2.200846178e+001 -1.300315382e+002 -1.300315382e+002 +3.9093e+000 -7.1267e-001
20 +7.712241953e+000 +7.712241953e+000 -1.443277580e+002 -1.443277580e+002 +2.4574e-001 -1.3053e+000
21 +3.471879505e+000 +3.471879505e+000 -1.485681205e+002 -1.485681205e+002 +1.5637e+000 +1.7701e+000
26 +1.880018023e+000 +1.880018023e+000 -1.501599820e+002 -1.501599820e+002 -1.5076e+000 +2.0084e+000
28 +1.274603727e+000 +1.274603727e+000 -1.507653963e+002 -1.507653963e+002 +5.2459e-001 +2.2288e+000
55 +6.422504799e-001 +6.422504799e-001 -1.513977495e+002 -1.513977495e+002 -1.0147e+000 +1.7131e+000
63 +1.107758073e-001 +1.107758073e-001 -1.519292242e+002 -1.519292242e+002 -5.9346e-001 +1.3582e+000
75 +7.989813911e-002 +7.989813911e-002 -1.519601019e+002 -1.519601019e+002 -5.3098e-001 +1.5256e+000
81 +6.035873282e-002 +6.035873282e-002 -1.519796413e+002 -1.519796413e+002 -1.8451e-001 +1.1927e+000
87 +5.504189403e-002 +5.504189403e-002 -1.519849581e+002 -1.519849581e+002 -5.0172e-001 +1.4174e+000
88 +3.082572851e-002 +3.082572851e-002 -1.520091743e+002 -1.520091743e+002 -4.3078e-001 +1.3602e+000
106 +2.375291883e-002 +2.375291883e-002 -1.520162471e+002 -1.520162471e+002 -4.2119e-001 +1.4304e+000
107 +1.930812732e-002 +1.930812732e-002 -1.520206919e+002 -1.520206919e+002 -3.8936e-001 +1.4902e+000
112 +3.775430617e-003 +3.775430617e-003 -1.520362246e+002 -1.520362246e+002 -2.2343e-001 +1.4671e+000
113 +3.117213040e-003 +3.117213040e-003 -1.520368828e+002 -1.520368828e+002 -2.1714e-001 +1.4487e+000
121 +1.470448966e-003 +1.470448966e-003 -1.520385296e+002 -1.520385296e+002 -2.4436e-001 +1.3932e+000
130 +1.089201293e-003 +1.089201293e-003 -1.520389108e+002 -1.520389108e+002 -2.7913e-001 +1.4548e+000
131 +1.160712898e-004 +1.160712898e-004 -1.520398839e+002 -1.520398839e+002 -2.5644e-001 +1.4245e+000
132 +5.971672712e-005 +5.971672712e-005 -1.520399403e+002 -1.520399403e+002 -2.6057e-001 +1.4280e+000
150 +4.281116162e-006 +4.281116162e-006 -1.520399957e+002 -1.520399957e+002 -2.6739e-001 +1.4219e+000
159 +1.085207202e-006 +1.085207202e-006 -1.520399989e+002 -1.520399989e+002 -2.6805e-001 +1.4246e+000
185 +1.028908514e-006 +1.028908514e-006 -1.520399990e+002 -1.520399990e+002 -2.6793e-001 +1.4233e+000
189 +2.038157163e-007 +2.038157163e-007 -1.520399998e+002 -1.520399998e+002 -2.6683e-001 +1.4237e+000
202 +7.281772696e-008 +7.281772696e-008 -1.520399999e+002 -1.520399999e+002 -2.6747e-001 +1.4240e+000
212 +3.417022754e-008 +3.417022754e-008 -1.520400000e+002 -1.520400000e+002 -2.6717e-001 +1.4238e+000
218 +2.932338816e-008 +2.932338816e-008 -1.520400000e+002 -1.520400000e+002 -2.6717e-001 +1.4238e+000
225 +2.401074539e-008 +2.401074539e-008 -1.520400000e+002 -1.520400000e+002 -2.6721e-001 +1.4238e+000
232 +1.605644684e-008 +1.605644684e-008 -1.520400000e+002 -1.520400000e+002 -2.6717e-001 +1.4239e+000
251 +1.224000812e-008 +1.224000812e-008 -1.520400000e+002 -1.520400000e+002 -2.6722e-001 +1.4239e+000
253 +8.795922213e-009 +8.795922213e-009 -1.520400000e+002 -1.520400000e+002 -2.6723e-001 +1.4239e+000
486 +0.000000000e+000 +0.000000000e+000 -1.520400000e+002 -1.520400000e+002 -2.6720e-001 +1.4240e+000
% function evaluation | noise-free fitness - Fopt (-2.525000000000e+001) | best noise-free fitness - Fopt | measured fitness | best measured fitness | x1 | x2...
1 +1.044698867e+002 +1.044698867e+002 +7.921988673e+001 +7.921988673e+001 -2.3998e+000 -7.6291e+000
3 +2.681775107e+001 +2.681775107e+001 +1.567751066e+000 +1.567751066e+000 -1.0315e+000 -1.6524e+000
4 +2.435664042e+001 +2.435664042e+001 -8.933595761e-001 -8.933595761e-001 +1.0015e+000 -3.5516e+000
6 +5.921825896e+000 +5.921825896e+000 -1.932817410e+001 -1.932817410e+001 +2.4042e+000 -1.4760e+000
23 +3.947137345e-001 +3.947137345e-001 -2.485528627e+001 -2.485528627e+001 +2.9906e+000 +7.0981e-001
31 +1.670812281e-001 +1.670812281e-001 -2.508291877e+001 -2.508291877e+001 +3.2102e+000 +6.9593e-001
39 +9.035522589e-002 +9.035522589e-002 -2.515964477e+001 -2.515964477e+001 +3.8752e+000 +7.8457e-001
51 +1.225569570e-002 +1.225569570e-002 -2.523774430e+001 -2.523774430e+001 +3.7012e+000 +7.0390e-001
60 +3.483855841e-004 +3.483855841e-004 -2.524965161e+001 -2.524965161e+001 +3.6273e+000 +6.2174e-001
113 +2.040888800e-004 +2.040888800e-004 -2.524979591e+001 -2.524979591e+001 +3.6215e+000 +6.2283e-001
124 +1.215044394e-004 +1.215044394e-004 -2.524987850e+001 -2.524987850e+001 +3.6196e+000 +6.2549e-001
131 +9.410504240e-005 +9.410504240e-005 -2.524990589e+001 -2.524990589e+001 +3.6229e+000 +6.3056e-001
133 +6.988015161e-005 +6.988015161e-005 -2.524993012e+001 -2.524993012e+001 +3.6221e+000 +6.3200e-001
136 +4.826620585e-005 +4.826620585e-005 -2.524995173e+001 -2.524995173e+001 +3.6213e+000 +6.3427e-001
145 +3.223809272e-005 +3.223809272e-005 -2.524996776e+001 -2.524996776e+001 +3.6196e+000 +6.3303e-001
150 +2.343646345e-005 +2.343646345e-005 -2.524997656e+001 -2.524997656e+001 +3.6156e+000 +6.3050e-001
151 +7.234738895e-006 +7.234738895e-006 -2.524999277e+001 -2.524999277e+001 +3.6171e+000 +6.3561e-001
159 +2.960111861e-006 +2.960111861e-006 -2.524999704e+001 -2.524999704e+001 +3.6152e+000 +6.3674e-001
166 +1.777019495e-006 +1.777019495e-006 -2.524999822e+001 -2.524999822e+001 +3.6157e+000 +6.3554e-001
169 +1.123406328e-006 +1.123406328e-006 -2.524999888e+001 -2.524999888e+001 +3.6153e+000 +6.3462e-001
171 +8.237104154e-008 +8.237104154e-008 -2.524999992e+001 -2.524999992e+001 +3.6141e+000 +6.3524e-001
182 +7.563212989e-008 +7.563212989e-008 -2.524999992e+001 -2.524999992e+001 +3.6147e+000 +6.3524e-001
191 +4.104879636e-008 +4.104879636e-008 -2.524999996e+001 -2.524999996e+001 +3.6142e+000 +6.3510e-001
193 +2.980425862e-008 +2.980425862e-008 -2.524999997e+001 -2.524999997e+001 +3.6146e+000 +6.3513e-001
213 +8.832795828e-009 +8.832795828e-009 -2.524999999e+001 -2.524999999e+001 +3.6145e+000 +6.3513e-001
382 +0.000000000e+000 +0.000000000e+000 -2.525000000e+001 -2.525000000e+001 +3.6144e+000 +6.3520e-001
% function evaluation | noise-free fitness - Fopt (8.790000000000e+001) | best noise-free fitness - Fopt | measured fitness | best measured fitness | x1 | x2...
1 +1.700671372e+003 +1.700671372e+003 +1.788571372e+003 +1.788571372e+003 +3.7842e+001 +2.7783e+000
2 +3.939990033e+001 +3.939990033e+001 +1.272999003e+002 +1.272999003e+002 +3.1092e+000 -1.4539e+000
3 +2.616245868e+001 +2.616245868e+001 +1.140624587e+002 +1.140624587e+002 -1.6016e+000 +3.2873e+000
4 +2.424543434e+001 +2.424543434e+001 +1.121454343e+002 +1.121454343e+002 -1.4269e+000 -6.1889e+000
6 +7.834400732e+000 +7.834400732e+000 +9.573440073e+001 +9.573440073e+001 -5.9593e+000 -1.7665e+000
8 +7.245951795e+000 +7.245951795e+000 +9.514595179e+001 +9.514595179e+001 -4.9500e-001 -1.2514e+000
9 +1.197963914e+000 +1.197963914e+000 +8.909796391e+001 +8.909796391e+001 -2.0732e+000 -1.6360e+000
21 +3.759418118e-001 +3.759418118e-001 +8.827594181e+001 +8.827594181e+001 -3.3803e+000 -2.1570e+000
35 +2.635264374e-001 +2.635264374e-001 +8.816352644e+001 +8.816352644e+001 -3.6572e+000 -1.7330e+000
41 +7.578496669e-002 +7.578496669e-002 +8.797578497e+001 +8.797578497e+001 -3.3727e+000 -1.7647e+000
52 +7.175074400e-002 +7.175074400e-002 +8.797175074e+001 +8.797175074e+001 -3.1954e+000 -1.8487e+000
59 +3.636610869e-002 +3.636610869e-002 +8.793636611e+001 +8.793636611e+001 -3.1595e+000 -1.7730e+000
73 +2.073082515e-002 +2.073082515e-002 +8.792073083e+001 +8.792073083e+001 -3.2603e+000 -1.6915e+000
83 +3.149624439e-003 +3.149624439e-003 +8.790314962e+001 +8.790314962e+001 -3.2131e+000 -1.6136e+000
102 +2.690088856e-003 +2.690088856e-003 +8.790269009e+001 +8.790269009e+001 -3.2182e+000 -1.5790e+000
105 +2.084652173e-003 +2.084652173e-003 +8.790208465e+001 +8.790208465e+001 -3.2049e+000 -1.6070e+000
110 +1.833465034e-003 +1.833465034e-003 +8.790183347e+001 +8.790183347e+001 -3.2080e+000 -1.5925e+000
112 +1.783777848e-003 +1.783777848e-003 +8.790178378e+001 +8.790178378e+001 -3.2072e+000 -1.5933e+000
126 +1.649821572e-003 +1.649821572e-003 +8.790164982e+001 +8.790164982e+001 -3.2070e+000 -1.5845e+000
132 +1.381564303e-003 +1.381564303e-003 +8.790138156e+001 +8.790138156e+001 -3.2035e+000 -1.5808e+000
150 +1.370738675e-003 +1.370738675e-003 +8.790137074e+001 +8.790137074e+001 -3.2034e+000 -1.5807e+000
163 +9.700546384e-004 +9.700546384e-004 +8.790097005e+001 +8.790097005e+001 -3.1971e+000 -1.5773e+000
194 +9.499698541e-004 +9.499698541e-004 +8.790094997e+001 +8.790094997e+001 -3.1970e+000 -1.5786e+000
200 +6.898415644e-004 +6.898415644e-004 +8.790068984e+001 +8.790068984e+001 -3.1926e+000 -1.5803e+000
208 +6.570470552e-004 +6.570470552e-004 +8.790065705e+001 +8.790065705e+001 -3.1919e+000 -1.5798e+000
219 +6.028651524e-004 +6.028651524e-004 +8.790060287e+001 +8.790060287e+001 -3.1905e+000 -1.5775e+000
224 +5.179189375e-004 +5.179189375e-004 +8.790051792e+001 +8.790051792e+001 -3.1888e+000 -1.5783e+000
225 +4.517394880e-004 +4.517394880e-004 +8.790045174e+001 +8.790045174e+001 -3.1875e+000 -1.5795e+000
231 +2.211782409e-004 +2.211782409e-004 +8.790022118e+001 +8.790022118e+001 -3.1812e+000 -1.5809e+000
232 +5.493537742e-005 +5.493537742e-005 +8.790005494e+001 +8.790005494e+001 -3.1730e+000 -1.5791e+000
243 +1.743182504e-005 +1.743182504e-005 +8.790001743e+001 +8.790001743e+001 -3.1701e+000 -1.5805e+000
249 +8.233684284e-006 +8.233684284e-006 +8.790000823e+001 +8.790000823e+001 -3.1687e+000 -1.5807e+000
253 +6.747931664e-006 +6.747931664e-006 +8.790000675e+001 +8.790000675e+001 -3.1689e+000 -1.5830e+000
261 +5.198037400e-006 +5.198037400e-006 +8.790000520e+001 +8.790000520e+001 -3.1641e+000 -1.5821e+000
266 +8.545281247e-007 +8.545281247e-007 +8.790000085e+001 +8.790000085e+001 -3.1673e+000 -1.5821e+000
270 +2.223080173e-007 +2.223080173e-007 +8.790000022e+001 +8.790000022e+001 -3.1660e+000 -1.5827e+000
278 +1.711635633e-007 +1.711635633e-007 +8.790000017e+001 +8.790000017e+001 -3.1668e+000 -1.5825e+000
292 +1.652918655e-007 +1.652918655e-007 +8.790000017e+001 +8.790000017e+001 -3.1660e+000 -1.5824e+000
294 +1.352816952e-007 +1.352816952e-007 +8.790000014e+001 +8.790000014e+001 -3.1663e+000 -1.5821e+000
311 +3.028823414e-008 +3.028823414e-008 +8.790000003e+001 +8.790000003e+001 -3.1663e+000 -1.5823e+000
312 +1.271392591e-008 +1.271392591e-008 +8.790000001e+001 +8.790000001e+001 -3.1663e+000 -1.5825e+000
322 +4.034589551e-009 +4.034589551e-009 +8.790000000e+001 +8.790000000e+001 -3.1664e+000 -1.5825e+000
519 +0.000000000e+000 +0.000000000e+000 +8.790000000e+001 +8.790000000e+001 -3.1664e+000 -1.5824e+000
% function evaluation | noise-free fitness - Fopt (2.199800000000e+002) | best noise-free fitness - Fopt | measured fitness | best measured fitness | x1 | x2...
1 +3.422198512e+001 +3.422198512e+001 +2.542019851e+002 +2.542019851e+002 -1.4071e+000 +1.5589e+000
2 +1.223496634e+001 +1.223496634e+001 +2.322149663e+002 +2.322149663e+002 -1.1775e+000 -1.0473e+000
11 +1.106042130e+001 +1.106042130e+001 +2.310404213e+002 +2.310404213e+002 +1.0045e+000 -4.3201e-001
21 +1.034425145e+001 +1.034425145e+001 +2.303242514e+002 +2.303242514e+002 -1.3077e+000 -1.5525e+000
32 +8.167899643e+000 +8.167899643e+000 +2.281478996e+002 +2.281478996e+002 -1.5019e+000 -2.4388e+000
34 +3.191939067e+000 +3.191939067e+000 +2.231719391e+002 +2.231719391e+002 +1.3296e-001 -2.2146e+000
37 +1.620738499e+000 +1.620738499e+000 +2.216007385e+002 +2.216007385e+002 +3.8613e-002 -2.9634e+000
41 +9.745213255e-002 +9.745213255e-002 +2.200774521e+002 +2.200774521e+002 +7.6436e-001 -3.5996e+000
82 +2.418138261e-002 +2.418138261e-002 +2.200041814e+002 +2.200041814e+002 +9.9881e-001 -3.6060e+000
99 +2.512509865e-004 +2.512509865e-004 +2.199802513e+002 +2.199802513e+002 +1.0286e+000 -3.7425e+000
163 +1.551672434e-004 +1.551672434e-004 +2.199801552e+002 +2.199801552e+002 +1.0460e+000 -3.7589e+000
171 +1.150518781e-004 +1.150518781e-004 +2.199801151e+002 +2.199801151e+002 +1.0441e+000 -3.7552e+000
183 +7.824600681e-005 +7.824600681e-005 +2.199800782e+002 +2.199800782e+002 +1.0404e+000 -3.7519e+000
188 +4.286350730e-005 +4.286350730e-005 +2.199800429e+002 +2.199800429e+002 +1.0396e+000 -3.7551e+000
197 +1.812667148e-005 +1.812667148e-005 +2.199800181e+002 +2.199800181e+002 +1.0378e+000 -3.7572e+000
198 +3.840738856e-006 +3.840738856e-006 +2.199800038e+002 +2.199800038e+002 +1.0333e+000 -3.7557e+000
221 +2.553103656e-006 +2.553103656e-006 +2.199800026e+002 +2.199800026e+002 +1.0352e+000 -3.7573e+000
232 +7.919708764e-007 +7.919708764e-007 +2.199800008e+002 +2.199800008e+002 +1.0345e+000 -3.7577e+000
238 +7.197358229e-007 +7.197358229e-007 +2.199800007e+002 +2.199800007e+002 +1.0342e+000 -3.7582e+000
241 +7.006482576e-007 +7.006482576e-007 +2.199800007e+002 +2.199800007e+002 +1.0344e+000 -3.7579e+000
247 +5.700225358e-007 +5.700225358e-007 +2.199800006e+002 +2.199800006e+002 +1.0344e+000 -3.7576e+000
253 +3.450301165e-007 +3.450301165e-007 +2.199800003e+002 +2.199800003e+002 +1.0341e+000 -3.7579e+000
255 +1.265431706e-007 +1.265431706e-007 +2.199800001e+002 +2.199800001e+002 +1.0338e+000 -3.7579e+000
270 +1.218442662e-007 +1.218442662e-007 +2.199800001e+002 +2.199800001e+002 +1.0338e+000 -3.7579e+000
273 +1.131814145e-007 +1.131814145e-007 +2.199800001e+002 +2.199800001e+002 +1.0339e+000 -3.7578e+000
276 +1.047125124e-007 +1.047125124e-007 +2.199800001e+002 +2.199800001e+002 +1.0335e+000 -3.7579e+000
282 +8.550867392e-008 +8.550867392e-008 +2.199800001e+002 +2.199800001e+002 +1.0337e+000 -3.7579e+000
283 +6.864530633e-008 +6.864530633e-008 +2.199800001e+002 +2.199800001e+002 +1.0337e+000 -3.7578e+000
285 +6.026451160e-008 +6.026451160e-008 +2.199800001e+002 +2.199800001e+002 +1.0337e+000 -3.7574e+000
286 +5.448404750e-008 +5.448404750e-008 +2.199800001e+002 +2.199800001e+002 +1.0337e+000 -3.7578e+000
291 +2.696225465e-009 +2.696225465e-009 +2.199800000e+002 +2.199800000e+002 +1.0336e+000 -3.7576e+000
462 +0.000000000e+000 +0.000000000e+000 +2.199800000e+002 +2.199800000e+002 +1.0336e+000 -3.7576e+000
% function evaluation | noise-free fitness - Fopt (-2.784000000000e+001) | best noise-free fitness - Fopt | measured fitness | best measured fitness | x1 | x2...
1 +1.127677659e+002 +1.127677659e+002 +8.492776591e+001 +8.492776591e+001 -1.2971e+000 +1.2803e+001
2 +5.329800730e+001 +5.329800730e+001 +2.545800730e+001 +2.545800730e+001 -7.5669e+000 +2.7513e+000
3 +2.617610719e+001 +2.617610719e+001 -1.663892810e+000 -1.663892810e+000 -3.0205e+000 +6.5554e+000
4 +1.597903966e+001 +1.597903966e+001 -1.186096034e+001 -1.186096034e+001 +1.1197e+000 +5.9745e+000
5 +4.029617839e+000 +4.029617839e+000 -2.381038216e+001 -2.381038216e+001 -1.6493e+000 +3.7043e+000
6 +2.370728653e+000 +2.370728653e+000 -2.546927135e+001 -2.546927135e+001 -1.3226e-001 +3.7641e+000
45 +1.227789526e+000 +1.227789526e+000 -2.661221047e+001 -2.661221047e+001 -1.3516e+000 +1.9324e+000
92 +5.807570018e-001 +5.807570018e-001 -2.725924300e+001 -2.725924300e+001 -3.7599e-001 +2.9886e+000
108 +5.453557071e-001 +5.453557071e-001 -2.729464429e+001 -2.729464429e+001 -9.3944e-001 +2.5738e+000
111 +5.105377797e-001 +5.105377797e-001 -2.732946222e+001 -2.732946222e+001 -9.5625e-001 +2.4763e+000
115 +7.759324192e-003 +7.759324192e-003 -2.783224068e+001 -2.783224068e+001 -2.6043e-001 +2.3166e+000
183 +4.979206075e-003 +4.979206075e-003 -2.783502079e+001 -2.783502079e+001 -3.2213e-001 +2.2919e+000
184 +2.287400305e-003 +2.287400305e-003 -2.783771260e+001 -2.783771260e+001 -2.9877e-001 +2.2777e+000
203 +1.854807170e-003 +1.854807170e-003 -2.783814519e+001 -2.783814519e+001 -3.2009e-001 +2.2073e+000
206 +5.200560116e-004 +5.200560116e-004 -2.783947994e+001 -2.783947994e+001 -3.0725e-001 +2.2360e+000
234 +2.987689980e-004 +2.987689980e-004 -2.783970123e+001 -2.783970123e+001 -2.8862e-001 +2.2489e+000
243 +1.773497394e-004 +1.773497394e-004 -2.783982265e+001 -2.783982265e+001 -2.7834e-001 +2.2436e+000
249 +2.951898610e-005 +2.951898610e-005 -2.783997048e+001 -2.783997048e+001 -2.8518e-001 +2.2374e+000
263 +6.495138582e-006 +6.495138582e-006 -2.783999350e+001 -2.783999350e+001 -2.8649e-001 +2.2339e+000
392 +4.181140962e-006 +4.181140962e-006 -2.783999582e+001 -2.783999582e+001 -2.8677e-001 +2.2326e+000
404 +1.559276239e-006 +1.559276239e-006 -2.783999844e+001 -2.783999844e+001 -2.8519e-001 +2.2308e+000
424 +7.995885056e-007 +7.995885056e-007 -2.783999920e+001 -2.783999920e+001 -2.8535e-001 +2.2313e+000
433 +6.577800562e-007 +6.577800562e-007 -2.783999934e+001 -2.783999934e+001 -2.8525e-001 +2.2313e+000
434 +5.808766410e-007 +5.808766410e-007 -2.783999942e+001 -2.783999942e+001 -2.8519e-001 +2.2313e+000
436 +1.738416024e-007 +1.738416024e-007 -2.783999983e+001 -2.783999983e+001 -2.8461e-001 +2.2316e+000
447 +5.382036505e-008 +5.382036505e-008 -2.783999995e+001 -2.783999995e+001 -2.8478e-001 +2.2318e+000
452 +1.512620074e-008 +1.512620074e-008 -2.783999998e+001 -2.783999998e+001 -2.8491e-001 +2.2319e+000
467 +1.081255974e-008 +1.081255974e-008 -2.783999999e+001 -2.783999999e+001 -2.8474e-001 +2.2319e+000
476 +7.923667056e-009 +7.923667056e-009 -2.783999999e+001 -2.783999999e+001 -2.8480e-001 +2.2319e+000
615 +0.000000000e+000 +0.000000000e+000 -2.784000000e+001 -2.784000000e+001 -2.8480e-001 +2.2320e+000
% function evaluation | noise-free fitness - Fopt (2.027000000000e+001) | best noise-free fitness - Fopt | measured fitness | best measured fitness | x1 | x2...
1 +3.715487554e+000 +3.715487554e+000 +2.398548755e+001 +2.398548755e+001 +1.1514e+000 -1.5403e+000
16 +8.111998496e-001 +8.111998496e-001 +2.108119985e+001 +2.108119985e+001 +2.1647e+000 -1.3605e+000
21 +1.704959673e-001 +1.704959673e-001 +2.044049597e+001 +2.044049597e+001 +2.8807e+000 -1.5018e+000
48 +1.381462491e-001 +1.381462491e-001 +2.040814625e+001 +2.040814625e+001 +2.6782e+000 -1.2314e+000
49 +1.795256708e-002 +1.795256708e-002 +2.028795257e+001 +2.028795257e+001 +2.9033e+000 -1.0802e+000
101 +1.378193865e-002 +1.378193865e-002 +2.028378194e+001 +2.028378194e+001 +3.0478e+000 -1.0013e+000
114 +1.288143894e-002 +1.288143894e-002 +2.028288144e+001 +2.028288144e+001 +3.0097e+000 -1.0063e+000
138 +7.436599323e-003 +7.436599323e-003 +2.027743660e+001 +2.027743660e+001 +3.1082e+000 -1.1580e+000
141 +1.292355871e-003 +1.292355871e-003 +2.027129236e+001 +2.027129236e+001 +3.0617e+000 -1.0974e+000
167 +1.066210725e-003 +1.066210725e-003 +2.027106621e+001 +2.027106621e+001 +3.0188e+000 -1.0877e+000
178 +6.541653275e-004 +6.541653275e-004 +2.027065417e+001 +2.027065417e+001 +3.0105e+000 -1.1037e+000
194 +4.815838716e-004 +4.815838716e-004 +2.027048158e+001 +2.027048158e+001 +3.0320e+000 -1.0957e+000
201 +4.309969467e-004 +4.309969467e-004 +2.027043100e+001 +2.027043100e+001 +3.0178e+000 -1.1025e+000
211 +3.541123373e-004 +3.541123373e-004 +2.027035411e+001 +2.027035411e+001 +3.0362e+000 -1.0993e+000
212 +6.948861568e-005 +6.948861568e-005 +2.027006949e+001 +2.027006949e+001 +3.0307e+000 -1.1094e+000
215 +3.707746596e-005 +3.707746596e-005 +2.027003708e+001 +2.027003708e+001 +3.0356e+000 -1.1127e+000
228 +1.070539049e-005 +1.070539049e-005 +2.027001071e+001 +2.027001071e+001 +3.0296e+000 -1.1198e+000
234 +5.062851400e-007 +5.062851400e-007 +2.027000051e+001 +2.027000051e+001 +3.0325e+000 -1.1170e+000
243 +3.345330200e-007 +3.345330200e-007 +2.027000033e+001 +2.027000033e+001 +3.0316e+000 -1.1172e+000
249 +2.058025927e-007 +2.058025927e-007 +2.027000021e+001 +2.027000021e+001 +3.0317e+000 -1.1173e+000
253 +1.665420513e-008 +1.665420513e-008 +2.027000002e+001 +2.027000002e+001 +3.0320e+000 -1.1175e+000
271 +3.566164253e-009 +3.566164253e-009 +2.027000000e+001 +2.027000000e+001 +3.0320e+000 -1.1175e+000
465 +0.000000000e+000 +0.000000000e+000 +2.027000000e+001 +2.027000000e+001 +3.0320e+000 -1.1176e+000
% function evaluation | noise-free fitness - Fopt (9.302900000000e+002) | best noise-free fitness - Fopt | measured fitness | best measured fitness | x1 | x2...
1 +2.208976661e+001 +2.208976661e+001 +9.523797666e+002 +9.523797666e+002 +2.3572e+000 -3.5670e+000
5 +1.195124974e+001 +1.195124974e+001 +9.422412497e+002 +9.422412497e+002 +1.4189e+000 -2.7106e+000
28 +1.030636885e+001 +1.030636885e+001 +9.405963688e+002 +9.405963688e+002 +1.3632e+000 -2.2482e+000
44 +3.921712229e+000 +3.921712229e+000 +9.342117122e+002 +9.342117122e+002 -3.4724e+000 -1.7663e+000
53 +1.553660101e-001 +1.553660101e-001 +9.304453660e+002 +9.304453660e+002 -2.0095e+000 -9.9832e-001
63 +1.009971965e-001 +1.009971965e-001 +9.303909972e+002 +9.303909972e+002 -1.5660e+000 -1.3770e+000
74 +7.739453343e-002 +7.739453343e-002 +9.303673945e+002 +9.303673945e+002 -1.8142e+000 -1.2639e+000
75 +6.644934729e-002 +6.644934729e-002 +9.303564493e+002 +9.303564493e+002 -1.7338e+000 -1.2957e+000
87 +4.576523963e-002 +4.576523963e-002 +9.303357652e+002 +9.303357652e+002 -1.8055e+000 -1.1719e+000
92 +3.541480297e-002 +3.541480297e-002 +9.303254148e+002 +9.303254148e+002 -1.7524e+000 -1.1985e+000
101 +2.975725080e-002 +2.975725080e-002 +9.303197573e+002 +9.303197573e+002 -1.5882e+000 -1.2334e+000
111 +2.927014684e-002 +2.927014684e-002 +9.303192701e+002 +9.303192701e+002 -1.6771e+000 -1.2256e+000
119 +2.369189296e-002 +2.369189296e-002 +9.303136919e+002 +9.303136919e+002 -1.4837e+000 -1.1341e+000
120 +1.874393057e-002 +1.874393057e-002 +9.303087439e+002 +9.303087439e+002 -1.6494e+000 -1.1979e+000
124 +4.212850012e-004 +4.212850012e-004 +9.302904213e+002 +9.302904213e+002 -1.6101e+000 -1.0815e+000
155 +1.413007827e-004 +1.413007827e-004 +9.302901413e+002 +9.302901413e+002 -1.6320e+000 -1.0680e+000
162 +5.043069450e-005 +5.043069450e-005 +9.302900504e+002 +9.302900504e+002 -1.6252e+000 -1.0584e+000
178 +2.882379579e-005 +2.882379579e-005 +9.302900288e+002 +9.302900288e+002 -1.6157e+000 -1.0657e+000
192 +1.468914695e-005 +1.468914695e-005 +9.302900147e+002 +9.302900147e+002 -1.6221e+000 -1.0604e+000
218 +1.400334065e-005 +1.400334065e-005 +9.302900140e+002 +9.302900140e+002 -1.6176e+000 -1.0621e+000
224 +1.063456307e-005 +1.063456307e-005 +9.302900106e+002 +9.302900106e+002 -1.6193e+000 -1.0611e+000
232 +4.442333307e-006 +4.442333307e-006 +9.302900044e+002 +9.302900044e+002 -1.6206e+000 -1.0619e+000
244 +1.215830935e-006 +1.215830935e-006 +9.302900012e+002 +9.302900012e+002 -1.6217e+000 -1.0633e+000
261 +1.013242240e-006 +1.013242240e-006 +9.302900010e+002 +9.302900010e+002 -1.6211e+000 -1.0631e+000
262 +1.861618557e-007 +1.861618557e-007 +9.302900002e+002 +9.302900002e+002 -1.6204e+000 -1.0638e+000
272 +2.891295026e-008 +2.891295026e-008 +9.302900000e+002 +9.302900000e+002 -1.6210e+000 -1.0640e+000
278 +1.170633368e-008 +1.170633368e-008 +9.302900000e+002 +9.302900000e+002 -1.6208e+000 -1.0641e+000
288 +6.150457921e-009 +6.150457921e-009 +9.302900000e+002 +9.302900000e+002 -1.6208e+000 -1.0639e+000
643 +0.000000000e+000 +0.000000000e+000 +9.302900000e+002 +9.302900000e+002 -1.6208e+000 -1.0640e+000
% function evaluation | noise-free fitness - Fopt (7.786100000000e+002) | best noise-free fitness - Fopt | measured fitness | best measured fitness | x1 | x2...
1 +9.789384380e+001 +9.789384380e+001 +8.765038438e+002 +8.765038438e+002 +3.4735e+000 +2.8549e+000
2 +5.492228979e+001 +5.492228979e+001 +8.335322898e+002 +8.335322898e+002 -4.6632e+000 +3.5475e+000
5 +3.626755663e+001 +3.626755663e+001 +8.148775566e+002 +8.148775566e+002 -3.7561e+000 +2.2050e+000
7 +3.487493630e+001 +3.487493630e+001 +8.134849363e+002 +8.134849363e+002 -7.9042e-001 +1.2447e+000
9 +1.489643652e+001 +1.489643652e+001 +7.935064365e+002 +7.935064365e+002 -2.0616e+000 -3.8760e-001
16 +1.236311798e+001 +1.236311798e+001 +7.909731180e+002 +7.909731180e+002 -4.7423e+000 -4.2033e-001
26 +1.023876509e+001 +1.023876509e+001 +7.888487651e+002 +7.888487651e+002 -3.8616e+000 -6.1712e-001
27 +6.315029608e+000 +6.315029608e+000 +7.849250296e+002 +7.849250296e+002 -6.0600e+000 -4.9807e+000
30 +9.961120838e-001 +9.961120838e-001 +7.796061121e+002 +7.796061121e+002 -2.9401e+000 -4.2630e+000
31 +6.211514923e-002 +6.211514923e-002 +7.786721151e+002 +7.786721151e+002 -3.7729e+000 -3.5749e+000
105 +2.622556529e-002 +2.622556529e-002 +7.786362256e+002 +7.786362256e+002 -3.9934e+000 -3.8376e+000
107 +3.257806987e-003 +3.257806987e-003 +7.786132578e+002 +7.786132578e+002 -3.8145e+000 -3.8709e+000
120 +1.498380277e-004 +1.498380277e-004 +7.786101498e+002 +7.786101498e+002 -3.8206e+000 -3.8175e+000
122 +6.864787986e-005 +6.864787986e-005 +7.786100686e+002 +7.786100686e+002 -3.8387e+000 -3.8226e+000
236 +1.218068712e-005 +1.218068712e-005 +7.786100122e+002 +7.786100122e+002 -3.8345e+000 -3.8198e+000
252 +1.426437848e-006 +1.426437848e-006 +7.786100014e+002 +7.786100014e+002 -3.8317e+000 -3.8163e+000
262 +3.306807912e-007 +3.306807912e-007 +7.786100003e+002 +7.786100003e+002 -3.8325e+000 -3.8163e+000
281 +1.874809641e-009 +1.874809641e-009 +7.786100000e+002 +7.786100000e+002 -3.8328e+000 -3.8168e+000
477 +0.000000000e+000 +0.000000000e+000 +7.786100000e+002 +7.786100000e+002 -3.8328e+000 -3.8168e+000
% function evaluation | noise-free fitness - Fopt (-2.051000000000e+001) | best noise-free fitness - Fopt | measured fitness | best measured fitness | x1 | x2...
1 +3.298248710e+002 +3.298248710e+002 +3.093148710e+002 +3.093148710e+002 +1.4757e+001 +3.0918e+000
2 +1.144303616e+002 +1.144303616e+002 +9.392036163e+001 +9.392036163e+001 +7.2722e+000 +3.0159e+000
3 +8.950020103e+001 +8.950020103e+001 +6.899020103e+001 +6.899020103e+001 +5.8955e+000 +3.8105e+000
4 +6.762793576e+001 +6.762793576e+001 +4.711793576e+001 +4.711793576e+001 +3.7971e+000 +5.9118e+000
5 +6.255723987e+001 +6.255723987e+001 +4.204723987e+001 +4.204723987e+001 +4.4549e+000 +3.0650e+000
7 +5.866743217e+001 +5.866743217e+001 +3.815743217e+001 +3.815743217e+001 +4.2919e+000 +1.6073e+000
8 +5.079311566e+001 +5.079311566e+001 +3.028311566e+001 +3.028311566e+001 -1.0467e+001 +2.4426e+000
11 +4.248223108e+001 +4.248223108e+001 +2.197223108e+001 +2.197223108e+001 +2.7204e+000 -4.7202e-001
13 +1.063159995e+001 +1.063159995e+001 -9.878400054e+000 -9.878400054e+000 -5.5451e+000 +4.2902e+000
14 +7.494054403e+000 +7.494054403e+000 -1.301594560e+001 -1.301594560e+001 -9.3440e-001 +6.0428e-001
16 +2.719242589e+000 +2.719242589e+000 -1.779075741e+001 -1.779075741e+001 -1.7263e+000 +1.6680e+000
18 +1.788844511e+000 +1.788844511e+000 -1.872115549e+001 -1.872115549e+001 -4.6349e+000 +2.2815e+000
22 +4.265065328e-001 +4.265065328e-001 -2.008349347e+001 -2.008349347e+001 -2.7711e+000 +2.1428e+000
28 +8.918089745e-002 +8.918089745e-002 -2.042081910e+001 -2.042081910e+001 -3.5057e+000 +2.1297e+000
32 +7.278586388e-002 +7.278586388e-002 -2.043721414e+001 -2.043721414e+001 -3.4851e+000 +2.1079e+000
47 +6.806665303e-002 +6.806665303e-002 -2.044193335e+001 -2.044193335e+001 -3.6231e+000 +1.8900e+000
54 +4.923848206e-002 +4.923848206e-002 -2.046076152e+001 -2.046076152e+001 -3.5231e+000 +2.0210e+000
67 +1.133335380e-002 +1.133335380e-002 -2.049866665e+001 -2.049866665e+001 -3.3676e+000 +1.9736e+000
74 +3.027642400e-004 +3.027642400e-004 -2.050969724e+001 -2.050969724e+001 -3.3497e+000 +1.8562e+000
112 +2.563419292e-004 +2.563419292e-004 -2.050974366e+001 -2.050974366e+001 -3.3791e+000 +1.8658e+000
114 +1.929330278e-004 +1.929330278e-004 -2.050980707e+001 -2.050980707e+001 -3.3753e+000 +1.8741e+000
129 +5.660666100e-005 +5.660666100e-005 -2.050994339e+001 -2.050994339e+001 -3.3707e+000 +1.8664e+000
159 +5.418812889e-005 +5.418812889e-005 -2.050994581e+001 -2.050994581e+001 -3.3704e+000 +1.8687e+000
168 +3.638867539e-005 +3.638867539e-005 -2.050996361e+001 -2.050996361e+001 -3.3686e+000 +1.8644e+000
176 +1.195895786e-005 +1.195895786e-005 -2.050998804e+001 -2.050998804e+001 -3.3653e+000 +1.8700e+000
178 +2.004477910e-006 +2.004477910e-006 -2.050999800e+001 -2.050999800e+001 -3.3644e+000 +1.8664e+000
199 +8.619988172e-007 +8.619988172e-007 -2.050999914e+001 -2.050999914e+001 -3.3641e+000 +1.8669e+000
208 +5.814738202e-008 +5.814738202e-008 -2.050999994e+001 -2.050999994e+001 -3.3634e+000 +1.8672e+000
228 +5.143915516e-008 +5.143915516e-008 -2.050999995e+001 -2.050999995e+001 -3.3632e+000 +1.8670e+000
235 +4.129080011e-008 +4.129080011e-008 -2.050999996e+001 -2.050999996e+001 -3.3631e+000 +1.8670e+000
237 +3.989658381e-009 +3.989658381e-009 -2.051000000e+001 -2.051000000e+001 -3.3632e+000 +1.8673e+000
486 +0.000000000e+000 +0.000000000e+000 -2.051000000e+001 -2.051000000e+001 -3.3632e+000 +1.8672e+000
% function evaluation | noise-free fitness - Fopt (-1.000000000000e+003) | best noise-free fitness - Fopt | measured fitness | best measured fitness | x1 | x2...
1 +5.801630669e+001 +5.801630669e+001 -9.419836933e+002 -9.419836933e+002 -4.2843e+000 +6.0317e+000
2 +1.743174585e+001 +1.743174585e+001 -9.825682541e+002 -9.825682541e+002 +6.4707e+000 +3.3907e+000
5 +7.067598301e+000 +7.067598301e+000 -9.929324017e+002 -9.929324017e+002 +9.5575e-001 +4.6279e+000
10 +7.270394635e-001 +7.270394635e-001 -9.992729605e+002 -9.992729605e+002 +2.3619e+000 +3.2559e+000
22 +3.207180905e-001 +3.207180905e-001 -9.996792819e+002 -9.996792819e+002 +2.0794e+000 +1.9476e+000
38 +6.355924308e-002 +6.355924308e-002 -9.999364408e+002 -9.999364408e+002 +2.2499e+000 +2.2131e+000
52 +1.795559901e-003 +1.795559901e-003 -9.999982044e+002 -9.999982044e+002 +2.4308e+000 +2.4435e+000
74 +1.641256881e-003 +1.641256881e-003 -9.999983587e+002 -9.999983587e+002 +2.3737e+000 +2.3979e+000
106 +1.263078508e-003 +1.263078508e-003 -9.999987369e+002 -9.999987369e+002 +2.4095e+000 +2.3695e+000
108 +1.113208934e-003 +1.113208934e-003 -9.999988868e+002 -9.999988868e+002 +2.4136e+000 +2.3714e+000
126 +4.027993159e-004 +4.027993159e-004 -9.999995972e+002 -9.999995972e+002 +2.4194e+000 +2.3856e+000
131 +6.465645015e-006 +6.465645015e-006 -9.999999935e+002 -9.999999935e+002 +2.4119e+000 +2.4029e+000
188 +4.622116762e-006 +4.622116762e-006 -9.999999954e+002 -9.999999954e+002 +2.4116e+000 +2.4042e+000
189 +1.999827987e-006 +1.999827987e-006 -9.999999980e+002 -9.999999980e+002 +2.4133e+000 +2.4062e+000
195 +1.987762062e-007 +1.987762062e-007 -9.999999998e+002 -9.999999998e+002 +2.4132e+000 +2.4049e+000
201 +7.939820534e-008 +7.939820534e-008 -9.999999999e+002 -9.999999999e+002 +2.4136e+000 +2.4051e+000
222 +5.450726803e-008 +5.450726803e-008 -9.999999999e+002 -9.999999999e+002 +2.4134e+000 +2.4049e+000
231 +8.103484106e-009 +8.103484106e-009 -1.000000000e+003 -1.000000000e+003 +2.4136e+000 +2.4049e+000
487 +0.000000000e+000 +0.000000000e+000 -1.000000000e+003 -1.000000000e+003 +2.4136e+000 +2.4048e+000
% function evaluation | noise-free fitness - Fopt (-1.730800000000e+002) | best noise-free fitness - Fopt | measured fitness | best measured fitness | x1 | x2...
1 +2.342475989e+001 +2.342475989e+001 -1.496552401e+002 -1.496552401e+002 -2.1912e+000 +1.0132e+000
15 +2.068747145e+001 +2.068747145e+001 -1.523925285e+002 -1.523925285e+002 -5.7269e-001 -2.3252e-001
26 +1.582866648e+001 +1.582866648e+001 -1.572513335e+002 -1.572513335e+002 -1.4842e+000 -2.5332e-001
27 +1.526586389e+001 +1.526586389e+001 -1.578141361e+002 -1.578141361e+002 -5.2454e+000 -6.0452e-002
28 +1.046023486e+001 +1.046023486e+001 -1.626197651e+002 -1.626197651e+002 -2.7816e+000 -4.8746e-001
42 +9.886553378e+000 +9.886553378e+000 -1.631934466e+002 -1.631934466e+002 -3.4969e+000 -4.7000e-001
51 +8.718685620e+000 +8.718685620e+000 -1.643613144e+002 -1.643613144e+002 -3.1003e+000 -7.0477e-001
57 +7.943303529e+000 +7.943303529e+000 -1.651366965e+002 -1.651366965e+002 -4.1420e+000 -8.4298e-001
58 +5.657834853e+000 +5.657834853e+000 -1.674221651e+002 -1.674221651e+002 -4.0916e+000 -1.2813e+000
62 +4.717366276e+000 +4.717366276e+000 -1.683626337e+002 -1.683626337e+002 -4.4616e+000 -1.6111e+000
63 +3.591099244e+000 +3.591099244e+000 -1.694889008e+002 -1.694889008e+002 -3.6926e+000 -1.7185e+000
64 +3.224732736e-001 +3.224732736e-001 -1.727575267e+002 -1.727575267e+002 -4.1801e+000 -3.6841e+000
73 +1.898743131e-001 +1.898743131e-001 -1.728901257e+002 -1.728901257e+002 -3.7296e+000 -3.1911e+000
86 +1.716063336e-001 +1.716063336e-001 -1.729083937e+002 -1.729083937e+002 -4.0168e+000 -3.7197e+000
90 +1.562805365e-001 +1.562805365e-001 -1.729237195e+002 -1.729237195e+002 -3.9453e+000 -3.8320e+000
91 +2.678353191e-004 +2.678353191e-004 -1.730797322e+002 -1.730797322e+002 -3.6009e+000 -3.6157e+000
196 +1.338934054e-004 +1.338934054e-004 -1.730798661e+002 -1.730798661e+002 -3.6173e+000 -3.6236e+000
207 +1.025102253e-004 +1.025102253e-004 -1.730798975e+002 -1.730798975e+002 -3.6238e+000 -3.6193e+000
209 +3.180722118e-005 +3.180722118e-005 -1.730799682e+002 -1.730799682e+002 -3.6201e+000 -3.6166e+000
221 +2.851042021e-005 +2.851042021e-005 -1.730799715e+002 -1.730799715e+002 -3.6200e+000 -3.6078e+000
222 +2.725259765e-005 +2.725259765e-005 -1.730799727e+002 -1.730799727e+002 -3.6165e+000 -3.6172e+000
226 +1.525347244e-005 +1.525347244e-005 -1.730799847e+002 -1.730799847e+002 -3.6129e+000 -3.6122e+000
227 +6.681979102e-006 +6.681979102e-006 -1.730799933e+002 -1.730799933e+002 -3.6165e+000 -3.6094e+000
322 +4.492072350e-006 +4.492072350e-006 -1.730799955e+002 -1.730799955e+002 -3.6162e+000 -3.6140e+000
363 +2.695956795e-006 +2.695956795e-006 -1.730799973e+002 -1.730799973e+002 -3.6153e+000 -3.6113e+000
364 +1.651245952e-006 +1.651245952e-006 -1.730799983e+002 -1.730799983e+002 -3.6172e+000 -3.6108e+000
380 +1.037349392e-006 +1.037349392e-006 -1.730799990e+002 -1.730799990e+002 -3.6163e+000 -3.6111e+000
385 +9.748642356e-007 +9.748642356e-007 -1.730799990e+002 -1.730799990e+002 -3.6163e+000 -3.6112e+000
390 +5.928451117e-007 +5.928451117e-007 -1.730799994e+002 -1.730799994e+002 -3.6160e+000 -3.6122e+000
394 +5.139534096e-007 +5.139534096e-007 -1.730799995e+002 -1.730799995e+002 -3.6161e+000 -3.6117e+000
399 +2.623566786e-007 +2.623566786e-007 -1.730799997e+002 -1.730799997e+002 -3.6163e+000 -3.6118e+000
405 +2.159905250e-007 +2.159905250e-007 -1.730799998e+002 -1.730799998e+002 -3.6164e+000 -3.6118e+000
414 +2.080222146e-007 +2.080222146e-007 -1.730799998e+002 -1.730799998e+002 -3.6163e+000 -3.6120e+000
416 +1.154247400e-007 +1.154247400e-007 -1.730799999e+002 -1.730799999e+002 -3.6165e+000 -3.6120e+000
428 +5.772065492e-008 +5.772065492e-008 -1.730799999e+002 -1.730799999e+002 -3.6166e+000 -3.6118e+000
432 +3.541856586e-008 +3.541856586e-008 -1.730800000e+002 -1.730800000e+002 -3.6166e+000 -3.6120e+000
443 +2.218570216e-008 +2.218570216e-008 -1.730800000e+002 -1.730800000e+002 -3.6167e+000 -3.6121e+000
445 +4.064816039e-009 +4.064816039e-009 -1.730800000e+002 -1.730800000e+002 -3.6167e+000 -3.6120e+000
604 +0.000000000e+000 +0.000000000e+000 -1.730800000e+002 -1.730800000e+002 -3.6168e+000 -3.6120e+000
% function evaluation | noise-free fitness - Fopt (5.309000000000e+001) | best noise-free fitness - Fopt | measured fitness | best measured fitness | x1 | x2...
1 +3.816476291e+001 +3.816476291e+001 +9.125476291e+001 +9.125476291e+001 -3.0185e+000 +2.4474e+000
4 +3.763212120e+001 +3.763212120e+001 +9.072212120e+001 +9.072212120e+001 -1.5878e+000 +2.5961e+000
5 +2.752398496e+001 +2.752398496e+001 +8.061398496e+001 +8.061398496e+001 -5.3006e-001 +1.6207e+000
13 +2.259556236e+001 +2.259556236e+001 +7.568556236e+001 +7.568556236e+001 -2.2197e+000 +1.1591e+000
23 +5.615170337e+000 +5.615170337e+000 +5.870517034e+001 +5.870517034e+001 -3.6357e+000 -4.5371e+000
47 +1.721577572e+000 +1.721577572e+000 +5.481157757e+001 +5.481157757e+001 -5.9478e-001 -2.5757e+000
81 +1.528079443e+000 +1.528079443e+000 +5.461807944e+001 +5.461807944e+001 -6.3312e-001 -2.6439e+000
93 +1.146135391e+000 +1.146135391e+000 +5.423613539e+001 +5.423613539e+001 -1.2048e+000 -2.5050e+000
102 +9.777135911e-001 +9.777135911e-001 +5.406771359e+001 +5.406771359e+001 -1.1354e+000 -2.6135e+000
104 +8.556529414e-001 +8.556529414e-001 +5.394565294e+001 +5.394565294e+001 -1.1673e+000 -2.6697e+000
108 +7.542186689e-001 +7.542186689e-001 +5.384421867e+001 +5.384421867e+001 -1.0354e+000 -2.7959e+000
112 +6.442215516e-001 +6.442215516e-001 +5.373422155e+001 +5.373422155e+001 -1.2045e+000 -2.7864e+000
115 +5.624032995e-001 +5.624032995e-001 +5.365240330e+001 +5.365240330e+001 -1.0870e+000 -2.9034e+000
121 +3.618000042e-001 +3.618000042e-001 +5.345180000e+001 +5.345180000e+001 -1.4216e+000 -2.9397e+000
125 +2.837291398e-001 +2.837291398e-001 +5.337372914e+001 +5.337372914e+001 -1.0992e+000 -3.1727e+000
150 +5.073990598e-002 +5.073990598e-002 +5.314073991e+001 +5.314073991e+001 -1.4792e+000 -3.7627e+000
151 +4.976907654e-002 +4.976907654e-002 +5.313976908e+001 +5.313976908e+001 -1.3999e+000 -3.7429e+000
153 +1.638668403e-003 +1.638668403e-003 +5.309163867e+001 +5.309163867e+001 -1.4728e+000 -3.5755e+000
191 +1.353424097e-003 +1.353424097e-003 +5.309135342e+001 +5.309135342e+001 -1.4627e+000 -3.5102e+000
199 +1.062278182e-003 +1.062278182e-003 +5.309106228e+001 +5.309106228e+001 -1.4551e+000 -3.5317e+000
200 +3.269633707e-004 +3.269633707e-004 +5.309032696e+001 +5.309032696e+001 -1.4820e+000 -3.5549e+000
217 +1.156119567e-004 +1.156119567e-004 +5.309011561e+001 +5.309011561e+001 -1.4792e+000 -3.5447e+000
222 +2.567091933e-005 +2.567091933e-005 +5.309002567e+001 +5.309002567e+001 -1.4825e+000 -3.5357e+000
223 +2.060101885e-006 +2.060101885e-006 +5.309000206e+001 +5.309000206e+001 -1.4862e+000 -3.5366e+000
263 +1.875259890e-006 +1.875259890e-006 +5.309000188e+001 +5.309000188e+001 -1.4871e+000 -3.5390e+000
264 +4.601407753e-007 +4.601407753e-007 +5.309000046e+001 +5.309000046e+001 -1.4869e+000 -3.5370e+000
268 +1.128519358e-007 +1.128519358e-007 +5.309000011e+001 +5.309000011e+001 -1.4874e+000 -3.5379e+000
274 +9.090803843e-008 +9.090803843e-008 +5.309000009e+001 +5.309000009e+001 -1.4874e+000 -3.5374e+000
289 +2.134356691e-008 +2.134356691e-008 +5.309000002e+001 +5.309000002e+001 -1.4872e+000 -3.5377e+000
291 +3.645084234e-011 +3.645084234e-011 +5.309000000e+001 +5.309000000e+001 -1.4872e+000 -3.5376e+000
513 +0.000000000e+000 +0.000000000e+000 +5.309000000e+001 +5.309000000e+001 -1.4872e+000 -3.5376e+000
