% function evaluation | noise-free fitness - Fopt (-1.000000000000e+003) | best noise-free fitness - Fopt | measured fitness | best measured fitness | x1 | x2...
1 +1.039893383e+002 +1.039893383e+002 -8.960106617e+002 -8.960106617e+002 -1.1342e+000 -3.7369e+000 -7.9481e+000 -3.0745e+000 +1.2868e+000 -3.9361e+000 -8.1482e+000 +1.1969e+000 -3.6758e+000 +2.1780e-001
2 +1.005700018e+002 +1.005700018e+002 -8.994299982e+002 -8.994299982e+002 -1.4308e-001 -5.6427e+000 -5.3289e+000 +3.9299e-002 -7.2371e-001 +2.3205e+000 -5.5088e+000 -2.8640e+000 -8.6412e+000 -4.3600e+000
3 +9.144687951e+001 +9.144687951e+001 -9.085531205e+002 -9.085531205e+002 +4.9893e-001 -4.6755e+000 -3.0224e+000 -4.4221e+000 -6.7273e+000 +2.8856e+000 -6.4482e+000 +1.7986e+000 -2.9565e+000 -4.7621e+000
4 +9.011892184e+001 +9.011892184e+001 -9.098810782e+002 -9.098810782e+002 -1.6163e+000 -5.5802e+000 -5.1302e+000 -1.6162e+000 -5.5508e+000 +2.1105e+000 -6.7065e+000 -4.7506e+000 -7.8075e-001 -5.8865e+000
6 +8.851056526e+001 +8.851056526e+001 -9.114894347e+002 -9.114894347e+002 -1.8500e+000 -5.7362e+000 -1.2358e+000 -2.5553e+000 -1.4043e+000 +2.6639e+000 -3.8882e+000 -6.1897e+000 +4.5456e+000 -4.4095e+000
10 +8.446206373e+001 +8.446206373e+001 -9.155379363e+002 -9.155379363e+002 -1.6040e+000 -4.0356e+000 -5.1897e+000 -3.3847e+000 -5.2691e-001 +9.2356e-001 -2.2171e+000 -1.7458e+000 -5.7347e-001 -1.8188e+000
31 +8.279648919e+001 +8.279648919e+001 -9.172035108e+002 -9.172035108e+002 -6.2486e+000 -2.9885e+000 -4.3692e-001 -2.8553e+000 -2.6186e+000 +5.4381e+000 -2.8330e+000 +2.7688e-001 -3.8567e+000 -3.0589e+000
80 +7.788552185e+001 +7.788552185e+001 -9.221144781e+002 -9.221144781e+002 -4.3043e-001 -5.3035e-001 -4.0009e+000 -1.4083e+000 -1.3026e+000 +3.0569e+000 -3.6071e+000 -7.8910e-001 -4.3983e+000 -1.3438e+000
199 +7.665036584e+001 +7.665036584e+001 -9.233496342e+002 -9.233496342e+002 -3.2126e+000 -2.5422e+000 -2.4486e+000 +3.0296e+000 -5.9798e+000 +1.2558e+000 -1.2661e+000 -2.4620e+000 -2.8957e+000 +2.3528e+000
211 +6.324800618e+001 +6.324800618e+001 -9.367519938e+002 -9.367519938e+002 -4.5141e-001 -4.1878e-001 -2.3937e+000 +3.3197e-002 -1.3467e+000 +3.9092e-001 -2.8639e+000 -3.4433e-001 +3.9477e+000 +1.3924e+000
404 +6.059037678e+001 +6.059037678e+001 -9.394096232e+002 -9.394096232e+002 -1.7948e+000 -1.7160e+000 -2.5322e+000 +1.9348e+000 -4.8482e+000 +3.2077e+000 +2.2555e+000 +1.4115e+000 -5.1352e+000 +3.3649e+000
448 +5.024486567e+001 +5.024486567e+001 -9.497551343e+002 -9.497551343e+002 -4.7502e+000 -1.6537e+000 -4.5746e+000 +1.1461e+000 -2.8160e+000 +2.9508e+000 +4.6588e+000 +6.9541e-001 -1.1801e+000 +1.0412e+000
483 +4.678988744e+001 +4.678988744e+001 -9.532101126e+002 -9.532101126e+002 -1.7402e+000 -5.7950e-001 -3.9465e+000 +1.3830e+000 -2.8727e+000 +2.6870e+000 +3.8953e+000 +1.1979e+000 -1.2723e+000 +1.6467e+000
505 +1.835121057e+001 +1.835121057e+001 -9.816487894e+002 -9.816487894e+002 -4.7340e+000 -1.3349e+000 -4.6202e+000 +1.8538e+000 -3.1661e+000 +3.5811e+000 +3.4017e+000 -3.1044e-001 -2.1172e+000 +1.7575e+000
601 +1.765794257e+001 +1.765794257e+001 -9.823420574e+002 -9.823420574e+002 -3.2826e+000 -2.9610e-001 -3.7944e+000 +3.3265e+000 -2.7936e+000 +3.4946e+000 +4.5610e+000 +1.8650e-001 -2.8533e+000 +1.7660e+000
656 +9.640173117e+000 +9.640173117e+000 -9.903598269e+002 -9.903598269e+002 -3.6126e+000 -1.5077e+000 -3.9298e+000 +1.7401e+000 -2.9796e+000 +3.8732e+000 +5.1870e+000 +1.9278e-001 -2.2984e+000 +2.2468e+000
684 +8.958989323e+000 +8.958989323e+000 -9.910410107e+002 -9.910410107e+002 -3.2475e+000 -9.0527e-001 -3.7879e+000 +1.8500e+000 -3.5395e+000 +3.4469e+000 +3.9604e+000 +2.8167e-001 -3.6958e+000 +2.6735e+000
710 +8.275025496e+000 +8.275025496e+000 -9.917249745e+002 -9.917249745e+002 -3.2350e+000 -1.9417e+000 -3.9121e+000 +1.9384e+000 -3.1207e+000 +3.8583e+000 +3.6781e+000 +1.1767e-001 -3.0382e+000 +1.9256e+000
718 +6.933671824e+000 +6.933671824e+000 -9.930663282e+002 -9.930663282e+002 -3.2342e+000 -1.4638e+000 -4.4347e+000 +2.2412e+000 -3.5054e+000 +3.7959e+000 +4.0662e+000 +2.6625e-002 -2.9222e+000 +2.3055e+000
857 +6.794797063e+000 +6.794797063e+000 -9.932052029e+002 -9.932052029e+002 -2.8165e+000 -2.0098e+000 -3.7860e+000 +2.4043e+000 -3.8143e+000 +4.1662e+000 +4.0965e+000 -2.0381e-001 -3.0660e+000 +3.3095e+000
870 +6.030932868e+000 +6.030932868e+000 -9.939690671e+002 -9.939690671e+002 -3.5747e+000 -2.0188e+000 -3.9283e+000 +2.0435e+000 -3.4162e+000 +4.0064e+000 +3.7986e+000 -3.7007e-001 -3.2689e+000 +2.1494e+000
875 +5.846198985e+000 +5.846198985e+000 -9.941538010e+002 -9.941538010e+002 -3.6143e+000 -1.8887e+000 -4.1113e+000 +2.8185e+000 -3.5784e+000 +3.9404e+000 +4.0319e+000 -3.6373e-001 -3.7919e+000 +2.6983e+000
895 +4.630205096e+000 +4.630205096e+000 -9.953697949e+002 -9.953697949e+002 -3.9049e+000 -1.5560e+000 -3.9536e+000 +2.2620e+000 -3.7711e+000 +4.1813e+000 +3.8051e+000 -6.2429e-002 -3.0499e+000 +2.8053e+000
926 +4.427628238e+000 +4.427628238e+000 -9.955723718e+002 -9.955723718e+002 -3.8216e+000 -1.3103e+000 -3.6927e+000 +3.1201e+000 -3.4869e+000 +4.5147e+000 +3.8460e+000 -5.1663e-002 -3.1713e+000 +3.6948e+000
934 +3.418113359e+000 +3.418113359e+000 -9.965818866e+002 -9.965818866e+002 -3.8148e+000 -1.5588e+000 -3.6794e+000 +2.1721e+000 -3.3320e+000 +4.6380e+000 +4.4150e+000 -1.7231e-001 -2.8916e+000 +2.9144e+000
971 +2.970702375e+000 +2.970702375e+000 -9.970292976e+002 -9.970292976e+002 -3.7574e+000 -1.6265e+000 -4.1274e+000 +2.1528e+000 -3.2802e+000 +4.1379e+000 +4.2247e+000 -1.9637e-001 -3.1164e+000 +2.6596e+000
980 +2.577136233e+000 +2.577136233e+000 -9.974228638e+002 -9.974228638e+002 -3.5826e+000 -1.3565e+000 -3.5412e+000 +1.9417e+000 -3.1931e+000 +4.3404e+000 +4.2842e+000 -1.7704e-002 -3.4961e+000 +3.4641e+000
1034 +2.143299696e+000 +2.143299696e+000 -9.978567003e+002 -9.978567003e+002 -3.5549e+000 -1.6208e+000 -3.5418e+000 +2.3988e+000 -3.0549e+000 +4.0298e+000 +4.0903e+000 -2.7869e-001 -2.9319e+000 +3.6748e+000
1071 +2.123202069e+000 +2.123202069e+000 -9.978767979e+002 -9.978767979e+002 -3.7671e+000 -1.9963e+000 -4.0395e+000 +2.0838e+000 -3.0628e+000 +3.9820e+000 +4.2238e+000 -2.8203e-001 -3.3146e+000 +3.1259e+000
1098 +2.017028942e+000 +2.017028942e+000 -9.979829711e+002 -9.979829711e+002 -4.0606e+000 -1.9463e+000 -3.4297e+000 +2.1220e+000 -3.1820e+000 +4.0695e+000 +4.1269e+000 -3.7172e-001 -3.4980e+000 +3.0213e+000
1192 +1.986991737e+000 +1.986991737e+000 -9.980130083e+002 -9.980130083e+002 -4.2429e+000 -1.7557e+000 -3.4005e+000 +2.1927e+000 -2.9664e+000 +4.0691e+000 +4.2565e+000 -2.9451e-001 -3.7063e+000 +3.2475e+000
1239 +1.948244001e+000 +1.948244001e+000 -9.980517560e+002 -9.980517560e+002 -3.9927e+000 -1.9522e+000 -3.5413e+000 +2.3771e+000 -2.8989e+000 +4.0030e+000 +3.9514e+000 -4.6845e-001 -3.6179e+000 +3.4498e+000
1256 +1.897445836e+000 +1.897445836e+000 -9.981025542e+002 -9.981025542e+002 -3.9780e+000 -1.9245e+000 -3.5653e+000 +2.5340e+000 -2.8778e+000 +4.0041e+000 +4.2147e+000 -3.2353e-001 -3.7374e+000 +3.3877e+000
1263 +1.835793588e+000 +1.835793588e+000 -9.981642064e+002 -9.981642064e+002 -4.1243e+000 -1.8431e+000 -3.3119e+000 +2.2593e+000 -3.1672e+000 +4.0125e+000 +4.0757e+000 -4.2861e-001 -3.6575e+000 +3.4424e+000
1275 +1.724059356e+000 +1.724059356e+000 -9.982759406e+002 -9.982759406e+002 -4.0675e+000 -1.8581e+000 -3.6737e+000 +2.2197e+000 -3.1450e+000 +4.0341e+000 +4.1128e+000 -5.4656e-001 -3.9469e+000 +3.5525e+000
1348 +1.662253309e+000 +1.662253309e+000 -9.983377467e+002 -9.983377467e+002 -3.9680e+000 -1.8485e+000 -3.5727e+000 +2.1889e+000 -3.1664e+000 +4.0324e+000 +4.1343e+000 -5.2225e-001 -3.7124e+000 +3.7258e+000
1396 +1.617803848e+000 +1.617803848e+000 -9.983821962e+002 -9.983821962e+002 -4.3506e+000 -2.0172e+000 -3.4205e+000 +2.4066e+000 -2.8557e+000 +4.0029e+000 +4.1547e+000 -5.0103e-001 -3.9737e+000 +3.5435e+000
1413 +1.582586367e+000 +1.582586367e+000 -9.984174136e+002 -9.984174136e+002 -4.0052e+000 -1.9965e+000 -3.2519e+000 +2.2591e+000 -3.1558e+000 +4.0309e+000 +4.2137e+000 -5.9805e-001 -3.9116e+000 +3.9241e+000
1467 +1.468228223e+000 +1.468228223e+000 -9.985317718e+002 -9.985317718e+002 -4.0414e+000 -1.8494e+000 -3.3410e+000 +2.3341e+000 -3.0228e+000 +3.9915e+000 +4.1750e+000 -5.5282e-001 -3.8749e+000 +3.5455e+000
1468 +1.399132049e+000 +1.399132049e+000 -9.986008680e+002 -9.986008680e+002 -4.0668e+000 -1.7763e+000 -3.3507e+000 +2.2339e+000 -3.0098e+000 +4.0085e+000 +4.1746e+000 -5.9602e-001 -3.9497e+000 +3.9234e+000
1551 +1.355242158e+000 +1.355242158e+000 -9.986447578e+002 -9.986447578e+002 -4.1356e+000 -1.8842e+000 -3.3550e+000 +2.3940e+000 -3.0043e+000 +4.0266e+000 +4.2550e+000 -6.3566e-001 -4.0226e+000 +3.5286e+000
1571 +1.294714385e+000 +1.294714385e+000 -9.987052856e+002 -9.987052856e+002 -4.1105e+000 -1.9176e+000 -3.3579e+000 +2.6253e+000 -3.0028e+000 +3.9561e+000 +4.1977e+000 -7.2599e-001 -3.8869e+000 +3.5445e+000
1593 +1.250793410e+000 +1.250793410e+000 -9.987492066e+002 -9.987492066e+002 -4.0224e+000 -1.7828e+000 -3.4120e+000 +2.4926e+000 -3.1825e+000 +3.9826e+000 +4.1635e+000 -6.4373e-001 -3.8620e+000 +3.7072e+000
1596 +9.774113922e-001 +9.774113922e-001 -9.990225886e+002 -9.990225886e+002 -4.2004e+000 -1.6549e+000 -3.3772e+000 +2.6285e+000 -3.1578e+000 +4.0196e+000 +4.2441e+000 -7.2046e-001 -3.8725e+000 +3.8486e+000
1762 +9.327919786e-001 +9.327919786e-001 -9.990672080e+002 -9.990672080e+002 -4.2117e+000 -1.6911e+000 -3.2911e+000 +2.7650e+000 -3.0002e+000 +4.0338e+000 +4.1869e+000 -8.2766e-001 -3.8843e+000 +3.8500e+000
1873 +8.666089301e-001 +8.666089301e-001 -9.991333911e+002 -9.991333911e+002 -4.1767e+000 -1.5781e+000 -3.3749e+000 +2.7653e+000 -3.1705e+000 +4.0350e+000 +4.2077e+000 -9.2542e-001 -3.9609e+000 +3.9214e+000
1979 +8.484920299e-001 +8.484920299e-001 -9.991515080e+002 -9.991515080e+002 -4.1758e+000 -1.4874e+000 -3.3603e+000 +2.8949e+000 -3.0736e+000 +4.0092e+000 +4.2195e+000 -8.2307e-001 -3.8944e+000 +3.9532e+000
2015 +8.312873468e-001 +8.312873468e-001 -9.991687127e+002 -9.991687127e+002 -4.3753e+000 -1.4783e+000 -3.3195e+000 +2.9890e+000 -3.0420e+000 +4.0482e+000 +4.1452e+000 -8.3941e-001 -4.0084e+000 +4.0088e+000
2140 +8.009908614e-001 +8.009908614e-001 -9.991990091e+002 -9.991990091e+002 -4.2905e+000 -1.5580e+000 -3.3528e+000 +2.9135e+000 -3.0965e+000 +4.0216e+000 +4.2015e+000 -9.0595e-001 -3.9890e+000 +3.9606e+000
2157 +7.759619997e-001 +7.759619997e-001 -9.992240380e+002 -9.992240380e+002 -4.2854e+000 -1.4861e+000 -3.3606e+000 +2.8730e+000 -3.1039e+000 +4.0054e+000 +4.2481e+000 -9.3690e-001 -3.9977e+000 +4.0847e+000
2312 +7.516644913e-001 +7.516644913e-001 -9.992483355e+002 -9.992483355e+002 -4.3896e+000 -1.4034e+000 -3.3350e+000 +2.8796e+000 -3.0907e+000 +4.0111e+000 +4.1897e+000 -9.0869e-001 -4.0522e+000 +4.0496e+000
2429 +7.400871450e-001 +7.400871450e-001 -9.992599129e+002 -9.992599129e+002 -4.3849e+000 -1.4769e+000 -3.3684e+000 +2.8577e+000 -3.0799e+000 +3.9797e+000 +4.1801e+000 -9.2163e-001 -4.0781e+000 +4.0244e+000
2523 +7.239738629e-001 +7.239738629e-001 -9.992760261e+002 -9.992760261e+002 -4.3823e+000 -1.5145e+000 -3.3032e+000 +2.7972e+000 -3.0722e+000 +3.9608e+000 +4.1567e+000 -9.4548e-001 -4.1727e+000 +4.0799e+000
2827 +7.060387383e-001 +7.060387383e-001 -9.992939613e+002 -9.992939613e+002 -4.3989e+000 -1.4416e+000 -3.3007e+000 +2.8999e+000 -3.0608e+000 +3.9523e+000 +4.1611e+000 -9.6771e-001 -4.1928e+000 +4.1182e+000
% function evaluation | noise-free fitness - Fopt (1.000000000000e+003) | best noise-free fitness - Fopt | measured fitness | best measured fitness | x1 | x2...
1 +9.118257680e+001 +9.118257680e+001 +1.091182577e+003 +1.091182577e+003 -3.6613e+000 +7.0001e-001 +9.5616e-001 -4.0268e+000 +5.1035e+000 -6.2201e-001 +5.0540e+000 -4.3490e+000 +5.7765e-001 +7.3149e+000
3 +8.754179342e+001 +8.754179342e+001 +1.087541793e+003 +1.087541793e+003 -3.9752e+000 +1.3048e+000 +2.1795e+000 -1.0967e+000 +3.1890e+000 +7.0378e-001 +6.5882e+000 -3.5438e+000 -3.2188e+000 +1.2013e+000
23 +8.464790570e+001 +8.464790570e+001 +1.084647906e+003 +1.084647906e+003 -1.3671e+000 +5.3864e+000 -2.9755e-001 +9.2789e-001 +8.2030e-001 +2.8049e+000 +8.4055e-002 -2.0593e+000 +1.6155e+000 +1.5936e+000
47 +8.169328586e+001 +8.169328586e+001 +1.081693286e+003 +1.081693286e+003 +9.3639e-002 +7.5627e-001 +9.8542e-001 +2.5426e+000 +2.9504e-001 -1.2636e+000 +5.5351e+000 -2.9606e+000 +2.1714e+000 +3.9609e+000
62 +6.684099447e+001 +6.684099447e+001 +1.066840994e+003 +1.066840994e+003 -4.8382e+000 -3.4264e-001 -3.7757e-001 +3.4290e+000 +1.0415e+000 -1.7416e+000 +2.1812e+000 -2.6578e+000 -3.7449e+000 -8.9110e-001
183 +6.448824424e+001 +6.448824424e+001 +1.064488244e+003 +1.064488244e+003 -3.4440e+000 +1.0785e+000 +1.8683e+000 -1.3996e+000 -2.6069e-001 -2.2580e-001 +2.1433e+000 -1.8909e+000 -2.0360e+000 +4.2826e+000
275 +5.524156765e+001 +5.524156765e+001 +1.055241568e+003 +1.055241568e+003 -1.5297e+000 -1.2056e+000 +3.0541e+000 -1.6136e+000 -1.6079e+000 +3.3862e-001 -2.7355e+000 -5.9292e+000 +2.9670e-002 +1.9463e+000
360 +4.482898070e+001 +4.482898070e+001 +1.044828981e+003 +1.044828981e+003 -2.1533e+000 +5.7677e-001 -4.9404e+000 -1.9442e-001 +8.1349e-001 -4.0599e-001 +1.6789e+000 -9.7093e-001 -2.4057e+000 -2.3203e+000
412 +2.944750450e+001 +2.944750450e+001 +1.029447504e+003 +1.029447504e+003 -2.6481e+000 +3.8998e+000 -5.3492e+000 -2.6326e-001 -6.6158e-001 +1.8848e-001 +1.4954e+000 -1.3817e+000 -2.6892e+000 -7.2278e-001
472 +2.704426677e+001 +2.704426677e+001 +1.027044267e+003 +1.027044267e+003 -1.6419e+000 +1.8810e+000 -6.2010e+000 -1.0143e+000 +1.2206e+000 +2.0482e-003 +1.5548e+000 -1.9724e-001 -2.0015e+000 -1.9945e+000
520 +1.847480492e+001 +1.847480492e+001 +1.018474805e+003 +1.018474805e+003 -3.1149e+000 +1.9299e+000 -4.6999e+000 -8.7387e-002 +4.3351e-001 +6.6437e-001 +1.2137e+000 -1.4620e-001 -1.7069e+000 -2.9265e+000
549 +1.066298835e+001 +1.066298835e+001 +1.010662988e+003 +1.010662988e+003 -3.0972e+000 +2.6169e+000 -5.1870e+000 -2.2692e+000 +4.3555e-001 -1.9223e-001 +2.3066e+000 -4.3566e-001 -2.6888e+000 -3.2461e+000
701 +1.032051868e+001 +1.032051868e+001 +1.010320519e+003 +1.010320519e+003 -2.0816e+000 +4.6917e+000 -4.9137e+000 -1.8361e+000 -3.3887e-001 +4.5533e-001 +2.2086e-001 -5.3164e-001 -2.1305e+000 -2.5969e+000
711 +9.659286323e+000 +9.659286323e+000 +1.009659286e+003 +1.009659286e+003 -2.6737e+000 +3.2700e+000 -6.0382e+000 -2.0636e+000 +4.2004e-001 +3.9645e-001 +1.1586e+000 -1.0182e-001 -2.0922e+000 -2.8307e+000
742 +9.498651981e+000 +9.498651981e+000 +1.009498652e+003 +1.009498652e+003 -2.6503e+000 +3.8557e+000 -4.4333e+000 -1.5433e+000 +7.2251e-001 +9.3117e-001 +1.6436e+000 -8.2129e-001 -1.7660e+000 -2.2773e+000
757 +4.484818038e+000 +4.484818038e+000 +1.004484818e+003 +1.004484818e+003 -2.2731e+000 +2.8247e+000 -5.0498e+000 -9.4235e-001 -5.7451e-001 +9.7563e-001 +1.2645e+000 +2.2302e-001 -2.9636e+000 -2.8941e+000
789 +3.400232913e+000 +3.400232913e+000 +1.003400233e+003 +1.003400233e+003 -2.3938e+000 +2.6417e+000 -4.9505e+000 -1.4949e+000 -1.2784e-001 +6.9870e-001 +7.3564e-001 +3.0691e-001 -2.5871e+000 -2.6534e+000
814 +2.701327116e+000 +2.701327116e+000 +1.002701327e+003 +1.002701327e+003 -2.4472e+000 +3.3791e+000 -4.6198e+000 -1.9798e+000 +5.0559e-001 +4.8777e-001 +9.3196e-001 +3.2929e-001 -2.2552e+000 -2.4644e+000
858 +2.334207272e+000 +2.334207272e+000 +1.002334207e+003 +1.002334207e+003 -2.2303e+000 +3.4895e+000 -4.7424e+000 -1.8153e+000 +1.8193e-001 +1.2429e+000 +2.0910e+000 +8.8616e-002 -2.8657e+000 -2.7614e+000
1056 +2.154772884e+000 +2.154772884e+000 +1.002154773e+003 +1.002154773e+003 -2.2062e+000 +3.5522e+000 -4.5239e+000 -1.5652e+000 -4.2201e-003 +9.6453e-001 +1.4478e+000 +6.7426e-001 -2.8172e+000 -3.1028e+000
1153 +2.073674921e+000 +2.073674921e+000 +1.002073675e+003 +1.002073675e+003 -2.4973e+000 +3.6540e+000 -4.4828e+000 -1.9791e+000 -9.9747e-002 +7.9596e-001 +1.4808e+000 -8.9744e-002 -3.0370e+000 -2.7431e+000
1186 +1.986181173e+000 +1.986181173e+000 +1.001986181e+003 +1.001986181e+003 -2.3659e+000 +3.3718e+000 -4.6587e+000 -1.8311e+000 -6.6589e-002 +6.7149e-001 +1.3257e+000 +4.6537e-001 -2.7335e+000 -2.7409e+000
% function evaluation | noise-free fitness - Fopt (-4.913000000000e+001) | best noise-free fitness - Fopt | measured fitness | best measured fitness | x1 | x2...
1 +8.492979333e+001 +8.492979333e+001 +3.579979333e+001 +3.579979333e+001 +5.5768e+000 +3.2192e+000 -2.4770e+000 -5.2335e+000 +2.3307e+000 -5.1788e+000 +4.2008e+000 -3.7068e+000 +1.0032e+000 -1.3948e+000
10 +7.603463906e+001 +7.603463906e+001 +2.690463906e+001 +2.690463906e+001 -5.9678e-001 +2.7875e+000 +6.7328e+000 +5.8904e-001 +1.2186e+000 +3.6799e+000 -6.4069e-001 +4.8932e+000 +2.0074e+000 -1.9684e-001
47 +7.570039065e+001 +7.570039065e+001 +2.657039065e+001 +2.657039065e+001 +1.2404e+000 -1.5031e+000 +1.5377e+000 -7.3677e-001 +2.0192e+000 +1.7678e-001 -6.9302e-001 -3.5726e+000 -1.9012e+000 +1.7751e+000
140 +7.307569706e+001 +7.307569706e+001 +2.394569706e+001 +2.394569706e+001 +3.2014e+000 +6.5304e-001 -3.6864e-001 -1.4860e+000 -5.2783e+000 +1.1344e+000 -3.4188e+000 +2.8889e+000 +1.0036e+000 -1.7158e+000
248 +6.972241032e+001 +6.972241032e+001 +2.059241032e+001 +2.059241032e+001 +2.6858e+000 -7.5566e-001 -3.4312e+000 +1.0337e+000 +2.4397e+000 -3.7531e+000 -3.0564e+000 -2.4979e+000 -7.2436e-001 +1.9936e+000
409 +6.120934207e+001 +6.120934207e+001 +1.207934207e+001 +1.207934207e+001 +1.0488e+000 -2.4131e+000 +2.4603e+000 +1.7870e+000 +7.3076e-001 +8.7769e-001 -5.4034e-001 -4.5246e-001 +2.3179e+000 +7.0373e-001
432 +5.702667976e+001 +5.702667976e+001 +7.896679755e+000 +7.896679755e+000 +3.4304e+000 -4.1644e+000 -1.5133e+000 +1.6160e+000 +3.8140e-001 -1.5908e+000 -1.7755e+000 -2.6562e+000 -2.2722e+000 +2.7426e+000
596 +5.173152953e+001 +5.173152953e+001 +2.601529531e+000 +2.601529531e+000 -6.5800e-001 -2.7562e+000 +4.0292e-001 +2.0151e+000 +4.2649e-001 +2.5820e+000 -2.8717e+000 -1.7925e+000 -1.8373e-001 -2.4558e-002
640 +4.611139069e+001 +4.611139069e+001 -3.018609307e+000 -3.018609307e+000 +2.2709e+000 -2.3169e+000 -2.0139e+000 +6.4198e-001 -6.2336e-001 -3.7466e+000 -4.5968e+000 -9.3261e-001 +1.6339e+000 +5.0166e+000
706 +3.481384236e+001 +3.481384236e+001 -1.431615764e+001 -1.431615764e+001 +2.9562e+000 +1.4596e+000 -2.0007e+000 +9.5206e-001 -8.3613e-001 -4.3934e+000 -2.0158e+000 -4.7863e-001 +1.8916e+000 +4.3039e+000
723 +1.833049189e+001 +1.833049189e+001 -3.079950811e+001 -3.079950811e+001 +2.5858e+000 +3.8667e-001 -1.9702e+000 +8.8860e-002 -7.8709e-001 -2.9311e+000 -3.9307e+000 -5.1335e-001 +1.1058e+000 +3.2440e+000
823 +1.132960562e+001 +1.132960562e+001 -3.780039438e+001 -3.780039438e+001 +3.1270e+000 +9.0526e-001 -2.7716e+000 +3.9714e-001 -9.0015e-001 -4.0906e+000 -4.4726e+000 -6.3269e-001 +9.9498e-001 +3.7706e+000
875 +9.725578944e+000 +9.725578944e+000 -3.940442106e+001 -3.940442106e+001 +3.9966e+000 -2.3471e-001 -1.9192e+000 +8.6208e-001 -1.0900e+000 -3.1239e+000 -3.4414e+000 -3.9740e-001 +1.6405e+000 +3.3095e+000
885 +8.651798318e+000 +8.651798318e+000 -4.047820168e+001 -4.047820168e+001 +3.9342e+000 +1.0855e+000 -1.9353e+000 +1.0540e+000 -1.5123e+000 -3.3422e+000 -4.1869e+000 +7.1694e-001 +1.9097e+000 +2.9388e+000
901 +6.996145176e+000 +6.996145176e+000 -4.213385482e+001 -4.213385482e+001 +3.7371e+000 -9.6681e-001 -2.0675e+000 -3.7021e-001 -1.7277e+000 -3.4538e+000 -4.8055e+000 -5.5467e-001 +1.3697e+000 +2.6420e+000
957 +3.653583713e+000 +3.653583713e+000 -4.547641629e+001 -4.547641629e+001 +4.7766e+000 +6.7555e-004 -1.6420e+000 +4.4735e-001 -1.8609e+000 -3.1358e+000 -4.6733e+000 -2.1148e-001 +1.9305e+000 +3.2421e+000
1007 +3.515609499e+000 +3.515609499e+000 -4.561439050e+001 -4.561439050e+001 +4.5604e+000 -7.3626e-001 -1.6069e+000 +1.1756e-001 -1.7333e+000 -3.6214e+000 -4.2780e+000 -3.1330e-001 +1.1220e+000 +2.8841e+000
1061 +1.976581845e+000 +1.976581845e+000 -4.715341815e+001 -4.715341815e+001 +4.6567e+000 +4.3761e-003 -1.4126e+000 +4.0420e-001 -2.7656e+000 -4.4694e+000 -4.0857e+000 +3.7407e-002 +1.1007e+000 +3.2413e+000
1213 +1.520983455e+000 +1.520983455e+000 -4.760901655e+001 -4.760901655e+001 +4.3520e+000 -5.7990e-002 -2.0634e+000 -1.0857e-001 -2.0018e+000 -4.1700e+000 -4.5399e+000 -9.9652e-002 +1.2419e+000 +3.1825e+000
1245 +1.398721934e+000 +1.398721934e+000 -4.773127807e+001 -4.773127807e+001 +4.4024e+000 -2.7539e-001 -2.0866e+000 +3.5135e-001 -2.2073e+000 -4.1987e+000 -4.3874e+000 -2.2054e-001 +1.6211e+000 +3.0673e+000
1336 +9.718343638e-001 +9.718343638e-001 -4.815816564e+001 -4.815816564e+001 +4.5251e+000 +2.9595e-002 -2.2383e+000 +1.3427e-002 -2.4921e+000 -4.2490e+000 -4.6718e+000 -4.8182e-001 +1.5835e+000 +3.1675e+000
1428 +9.085445658e-001 +9.085445658e-001 -4.822145543e+001 -4.822145543e+001 +4.5202e+000 +2.6250e-001 -1.8969e+000 +5.9236e-002 -2.5665e+000 -4.3515e+000 -4.3539e+000 +3.9369e-002 +1.4512e+000 +3.2544e+000
1456 +8.756966966e-001 +8.756966966e-001 -4.825430330e+001 -4.825430330e+001 +4.5518e+000 +8.7671e-002 -1.9845e+000 +1.3883e-001 -2.3186e+000 -4.2901e+000 -4.3939e+000 -2.2889e-001 +1.4409e+000 +3.3050e+000
1503 +7.475887709e-001 +7.475887709e-001 -4.838241123e+001 -4.838241123e+001 +4.4713e+000 +1.8194e-001 -1.9257e+000 +1.1106e-001 -2.5594e+000 -4.3018e+000 -4.4923e+000 -1.7727e-001 +1.3903e+000 +3.2769e+000
1696 +7.398983149e-001 +7.398983149e-001 -4.839010169e+001 -4.839010169e+001 +4.3669e+000 +1.9134e-001 -2.0722e+000 +1.7997e-001 -2.5947e+000 -4.3153e+000 -4.6023e+000 -1.0942e-001 +1.4729e+000 +3.2553e+000
1855 +7.193971474e-001 +7.193971474e-001 -4.841060285e+001 -4.841060285e+001 +4.5022e+000 +1.7451e-001 -2.0061e+000 +1.7158e-001 -2.5457e+000 -4.2865e+000 -4.6226e+000 -1.5525e-001 +1.4724e+000 +3.2532e+000
2116 +7.055781893e-001 +7.055781893e-001 -4.842442181e+001 -4.842442181e+001 +4.4446e+000 +1.6877e-001 -2.0570e+000 +1.4183e-001 -2.5537e+000 -4.2840e+000 -4.6274e+000 -2.0762e-001 +1.4647e+000 +3.2070e+000
% function evaluation | noise-free fitness - Fopt (2.977300000000e+002) | best noise-free fitness - Fopt | measured fitness | best measured fitness | x1 | x2...
1 +9.822163530e+001 +9.822163530e+001 +3.959516353e+002 +3.959516353e+002 +2.6100e+000 -3.3454e+000 +7.9993e+000 +3.2138e+000 -5.9985e+000 -1.9937e+000 -3.0785e+000 -6.3099e+000 -3.5737e+000 +8.7750e-001
3 +8.611456464e+001 +8.611456464e+001 +3.838445646e+002 +3.838445646e+002 +3.1445e+000 -3.2308e+000 +6.6695e+000 -1.7905e+000 +5.1735e-001 +3.0671e+000 -9.6338e-001 -3.5949e+000 -4.7130e+000 -9.5153e-001
27 +8.254504447e+001 +8.254504447e+001 +3.802750445e+002 +3.802750445e+002 +1.9733e+000 +3.2969e+000 +4.1216e+000 +6.8741e-001 +2.5925e+000 -3.9871e-001 -4.4186e-001 +2.3113e+000 -4.9439e+000 -5.3121e-001
30 +7.335827738e+001 +7.335827738e+001 +3.710882774e+002 +3.710882774e+002 +1.0026e+000 -3.4754e-001 +3.1690e+000 -1.2603e+000 +2.0109e+000 -1.6671e+000 -1.8311e-001 -4.9141e+000 -3.8278e+000 -2.9531e+000
122 +7.084219864e+001 +7.084219864e+001 +3.685721986e+002 +3.685721986e+002 +1.4524e-001 +8.7425e-001 +2.8060e+000 +7.6474e-001 +3.1266e+000 -9.0975e-001 -9.5115e-001 -7.4368e-001 -4.3482e+000 -5.0597e-001
220 +6.867952810e+001 +6.867952810e+001 +3.664095281e+002 +3.664095281e+002 +1.6757e+000 -1.6294e+000 +2.9543e+000 -1.7009e+000 +2.0297e+000 +1.1096e+000 +6.7192e-001 -2.4868e+000 -6.0291e+000 -5.1419e-001
466 +6.639084930e+001 +6.639084930e+001 +3.641208493e+002 +3.641208493e+002 -1.3165e+000 +8.4302e-001 +2.0455e+000 +1.4028e+000 +9.5823e-001 +1.2716e+000 +2.5911e+000 -2.5549e+000 +1.9900e+000 +4.9238e-001
477 +6.220096693e+001 +6.220096693e+001 +3.599309669e+002 +3.599309669e+002 -3.5927e+000 +1.7208e+000 +3.0454e+000 +3.2475e+000 -2.0261e-001 +1.5148e+000 +1.2697e-001 -3.6658e-001 +1.5264e+000 +7.2009e-001
514 +6.125246477e+001 +6.125246477e+001 +3.589824648e+002 +3.589824648e+002 -2.9722e+000 +4.2416e-001 +2.2163e+000 +1.6781e+000 +2.7787e-001 +1.2396e+000 +2.6361e+000 -1.2780e+000 +1.8632e+000 +1.2545e+000
516 +5.950080810e+001 +5.950080810e+001 +3.572308081e+002 +3.572308081e+002 -2.3650e+000 +1.5332e+000 +1.5994e+000 +2.0890e+000 +1.3216e+000 +1.4035e+000 +3.0838e+000 -1.8880e+000 +2.1237e+000 +2.5123e+000
544 +5.385733720e+001 +5.385733720e+001 +3.515873372e+002 +3.515873372e+002 -5.9691e+000 +3.5510e+000 +2.1695e+000 +2.1929e+000 -1.9011e+000 +8.2592e-001 +5.8856e-001 -2.6984e+000 +1.3282e+000 -5.6451e-001
557 +3.157747471e+001 +3.157747471e+001 +3.293074747e+002 +3.293074747e+002 -1.5936e+000 +4.0614e+000 +1.9446e+000 +3.8334e+000 -8.5142e-001 +1.7707e+000 +1.3968e+000 -5.0395e+000 +2.0388e+000 +8.4119e-001
616 +1.437472531e+001 +1.437472531e+001 +3.121047253e+002 +3.121047253e+002 -1.5184e+000 +3.8003e+000 +2.2128e+000 +3.6779e+000 -4.7662e-001 +7.5165e-001 +3.1550e+000 -3.9637e+000 +1.7030e+000 +8.4178e-001
652 +1.398803379e+001 +1.398803379e+001 +3.117180338e+002 +3.117180338e+002 -9.2115e-001 +2.9391e+000 +2.4982e+000 +3.5388e+000 +1.0164e-001 +1.0060e+000 +4.5157e+000 -3.3997e+000 +2.4385e+000 +2.5749e+000
733 +8.423325322e+000 +8.423325322e+000 +3.061533253e+002 +3.061533253e+002 -8.3936e-001 +3.4135e+000 +2.3044e+000 +4.7878e+000 -1.1921e+000 +1.0167e+000 +3.6442e+000 -3.1659e+000 +2.7554e+000 +1.8134e+000
973 +7.804841924e+000 +7.804841924e+000 +3.055348419e+002 +3.055348419e+002 -1.5253e+000 +4.4372e+000 +2.3655e+000 +4.4790e+000 -1.2289e+000 +8.5498e-001 +3.1178e+000 -3.2700e+000 +1.8508e+000 +2.1275e+000
994 +7.390639231e+000 +7.390639231e+000 +3.051206392e+002 +3.051206392e+002 -9.6816e-001 +4.0722e+000 +2.4285e+000 +4.4232e+000 -1.2264e+000 +1.0793e+000 +3.1651e+000 -3.4332e+000 +2.5027e+000 +2.4035e+000
1226 +7.172583681e+000 +7.172583681e+000 +3.049025837e+002 +3.049025837e+002 -1.1050e+000 +3.3130e+000 +2.0989e+000 +4.7740e+000 -1.9399e+000 +1.0567e+000 +3.3428e+000 -3.0947e+000 +2.3345e+000 +1.8034e+000
1252 +6.986542501e+000 +6.986542501e+000 +3.047165425e+002 +3.047165425e+002 -2.3438e+000 +4.2364e+000 +2.2029e+000 +4.5553e+000 -1.9980e+000 +1.0044e+000 +4.0614e+000 -3.1271e+000 +2.2875e+000 +1.7527e+000
1274 +6.670017874e+000 +6.670017874e+000 +3.044000179e+002 +3.044000179e+002 -1.3340e+000 +4.1537e+000 +1.9977e+000 +4.3419e+000 -1.2754e+000 +1.2416e+000 +3.9195e+000 -3.9130e+000 +2.1573e+000 +1.8856e+000
1296 +6.235093622e+000 +6.235093622e+000 +3.039650936e+002 +3.039650936e+002 -2.3767e+000 +4.1217e+000 +2.0236e+000 +4.1029e+000 -2.0380e+000 +1.1125e+000 +3.5257e+000 -3.1754e+000 +1.9171e+000 +2.0950e+000
1301 +4.696081904e+000 +4.696081904e+000 +3.024260819e+002 +3.024260819e+002 -1.3092e+000 +3.7718e+000 +2.2126e+000 +4.1860e+000 -1.7438e+000 +1.0034e+000 +3.8840e+000 -3.6364e+000 +2.1826e+000 +2.1492e+000
1518 +4.574327152e+000 +4.574327152e+000 +3.023043272e+002 +3.023043272e+002 -1.7357e+000 +3.7031e+000 +2.0891e+000 +4.2456e+000 -2.2225e+000 +8.3858e-001 +3.9460e+000 -3.5494e+000 +2.1929e+000 +2.2527e+000
1544 +3.836707478e+000 +3.836707478e+000 +3.015667075e+002 +3.015667075e+002 -1.8123e+000 +3.8179e+000 +2.2377e+000 +4.2847e+000 -1.8027e+000 +9.9263e-001 +4.1518e+000 -3.4910e+000 +2.1638e+000 +2.1176e+000
1625 +3.645950128e+000 +3.645950128e+000 +3.013759501e+002 +3.013759501e+002 -1.7368e+000 +3.8594e+000 +2.1373e+000 +4.1872e+000 -1.9540e+000 +9.1881e-001 +3.8189e+000 -3.3790e+000 +2.0521e+000 +2.2130e+000
1674 +3.417635982e+000 +3.417635982e+000 +3.011476360e+002 +3.011476360e+002 -1.7446e+000 +4.0402e+000 +2.1973e+000 +4.2049e+000 -2.1730e+000 +9.1052e-001 +3.9633e+000 -3.4261e+000 +1.9673e+000 +1.9974e+000
1781 +3.247069858e+000 +3.247069858e+000 +3.009770699e+002 +3.009770699e+002 -1.6277e+000 +4.0221e+000 +2.1842e+000 +4.2367e+000 -2.0680e+000 +8.9741e-001 +4.0926e+000 -3.5175e+000 +1.9121e+000 +2.0064e+000
1874 +3.136973748e+000 +3.136973748e+000 +3.008669737e+002 +3.008669737e+002 -1.7030e+000 +4.2977e+000 +2.1144e+000 +4.3284e+000 -1.9126e+000 +9.5479e-001 +4.0983e+000 -3.6549e+000 +1.9193e+000 +2.2609e+000
1966 +3.065663477e+000 +3.065663477e+000 +3.007956635e+002 +3.007956635e+002 -1.8264e+000 +4.1604e+000 +2.0998e+000 +4.2506e+000 -1.9345e+000 +9.3280e-001 +4.1441e+000 -3.6733e+000 +1.9605e+000 +2.0745e+000
1985 +3.014418858e+000 +3.014418858e+000 +3.007444189e+002 +3.007444189e+002 -1.7593e+000 +4.1467e+000 +2.0443e+000 +4.2865e+000 -2.0692e+000 +8.8722e-001 +4.1231e+000 -3.5586e+000 +1.8443e+000 +2.0520e+000
2006 +2.895654724e+000 +2.895654724e+000 +3.006256547e+002 +3.006256547e+002 -1.7738e+000 +4.1522e+000 +2.1303e+000 +4.1722e+000 -2.0831e+000 +9.1769e-001 +4.1128e+000 -3.6678e+000 +1.8713e+000 +2.0842e+000
2160 +2.861187745e+000 +2.861187745e+000 +3.005911877e+002 +3.005911877e+002 -1.7617e+000 +4.2183e+000 +2.1151e+000 +4.1416e+000 -2.1312e+000 +8.4690e-001 +4.1058e+000 -3.6863e+000 +1.8334e+000 +2.0778e+000
2302 +2.771839535e+000 +2.771839535e+000 +3.005018395e+002 +3.005018395e+002 -1.7233e+000 +4.2829e+000 +1.9694e+000 +4.1870e+000 -2.2258e+000 +8.7497e-001 +4.0799e+000 -3.7868e+000 +1.6516e+000 +2.1759e+000
2434 +2.746839098e+000 +2.746839098e+000 +3.004768391e+002 +3.004768391e+002 -1.7716e+000 +4.3703e+000 +2.0222e+000 +4.1249e+000 -2.1449e+000 +8.8679e-001 +4.0913e+000 -3.7579e+000 +1.8445e+000 +2.1440e+000
2665 +2.687272558e+000 +2.687272558e+000 +3.004172726e+002 +3.004172726e+002 -1.6902e+000 +4.3565e+000 +2.0114e+000 +4.1590e+000 -2.1525e+000 +8.6288e-001 +4.1786e+000 -3.7583e+000 +1.8476e+000 +2.2171e+000
2962 +2.627410236e+000 +2.627410236e+000 +3.003574102e+002 +3.003574102e+002 -1.6905e+000 +4.3694e+000 +2.0110e+000 +4.1185e+000 -2.1954e+000 +8.4569e-001 +4.3736e+000 -3.8003e+000 +1.7710e+000 +2.2905e+000
% function evaluation | noise-free fitness - Fopt (5.157000000000e+001) | best noise-free fitness - Fopt | measured fitness | best measured fitness | x1 | x2...
1 +8.221264304e+001 +8.221264304e+001 +1.337826430e+002 +1.337826430e+002 +5.0215e+000 +2.9885e+000 -6.0160e+000 -3.1719e+000 -2.7056e-001 +6.5069e+000 +5.8831e+000 -5.7425e+000 +2.1464e+000 +2.9234e+000
4 +7.453785819e+001 +7.453785819e+001 +1.261078582e+002 +1.261078582e+002 -2.3284e+000 -1.5734e+000 -6.3846e-001 -4.4054e+000 -5.4397e+000 +2.9969e+000 +2.4883e+000 -3.5432e+000 +1.2970e+000 +5.4953e+000
126 +6.869001482e+001 +6.869001482e+001 +1.202600148e+002 +1.202600148e+002 -2.9381e+000 +2.5418e+000 -1.9801e+000 +7.2298e-001 +1.6427e+000 +2.9642e+000 +2.0989e+000 -2.7762e+000 -4.0471e+000 +4.5015e+000
145 +6.751953058e+001 +6.751953058e+001 +1.190895306e+002 +1.190895306e+002 -2.1919e+000 +4.1864e-001 -5.2737e-001 -3.3318e+000 -2.4817e+000 +2.1219e+000 +1.8175e+000 -5.4248e-001 -4.9421e+000 +4.6845e+000
260 +6.209682651e+001 +6.209682651e+001 +1.136668265e+002 +1.136668265e+002 -3.1192e+000 +3.9500e-002 -2.2291e+000 -2.6027e+000 -3.2050e-001 -4.4086e-001 +2.0417e+000 +1.5250e-001 -1.4959e+000 +4.4470e+000
303 +5.438736534e+001 +5.438736534e+001 +1.059573653e+002 +1.059573653e+002 -2.8047e+000 +2.0304e+000 -3.0534e+000 -7.7150e-001 -7.2209e-001 +1.5517e+000 +1.3627e+000 -1.0033e+000 -2.1726e+000 +3.7068e+000
339 +3.994950650e+001 +3.994950650e+001 +9.151950650e+001 +9.151950650e+001 -2.0540e+000 +8.3718e-001 -2.2801e+000 -2.3652e+000 -2.2986e+000 +2.2379e+000 +6.0741e-001 -1.5114e+000 -5.6968e-001 +4.8102e+000
384 +3.670081085e+001 +3.670081085e+001 +8.827081085e+001 +8.827081085e+001 -2.1413e+000 +1.1002e+000 -2.0027e+000 -1.5934e+000 -1.4431e+000 +1.6046e+000 +6.4995e-001 -2.9075e+000 -2.2661e-001 +5.3275e+000
420 +2.770328099e+001 +2.770328099e+001 +7.927328099e+001 +7.927328099e+001 -1.6866e+000 +1.0048e-001 -2.1329e+000 -1.7266e+000 -8.4254e-001 +1.6316e+000 +4.5391e-001 -2.4663e+000 -6.2225e-001 +4.8033e+000
484 +2.600425361e+001 +2.600425361e+001 +7.757425361e+001 +7.757425361e+001 -1.7332e+000 +1.0553e+000 -7.3512e-001 -1.8137e+000 -8.8317e-001 +1.1982e+000 +4.1463e-001 -2.5695e+000 -9.8098e-001 +5.0774e+000
537 +2.366532203e+001 +2.366532203e+001 +7.523532203e+001 +7.523532203e+001 -1.4389e+000 +3.3663e-001 -1.8078e+000 -1.8161e+000 -2.9001e-001 +2.9170e-001 +8.8914e-001 -3.0377e+000 -5.6500e-001 +4.7249e+000
570 +2.207332584e+001 +2.207332584e+001 +7.364332584e+001 +7.364332584e+001 -1.8337e+000 +5.5754e-001 -2.1520e+000 -1.9581e+000 -5.7526e-001 +6.4018e-001 +2.7865e-001 -2.0575e+000 -9.3848e-001 +5.0336e+000
578 +2.186707372e+001 +2.186707372e+001 +7.343707372e+001 +7.343707372e+001 -1.6678e+000 +2.3175e-001 -2.2129e+000 -1.9979e+000 -1.8187e-001 +3.7424e-001 +4.4989e-001 -1.6125e+000 -1.7102e+000 +4.9413e+000
595 +2.055453482e+001 +2.055453482e+001 +7.212453482e+001 +7.212453482e+001 -2.0781e+000 +5.4364e-001 -1.5370e+000 -2.5471e+000 -5.7748e-001 +3.2290e-001 +6.2760e-001 -1.6794e+000 -1.7157e+000 +4.9957e+000
717 +2.027809495e+001 +2.027809495e+001 +7.184809495e+001 +7.184809495e+001 -1.9677e+000 +1.4757e-001 -1.6322e+000 -1.9670e+000 -5.1450e-001 +6.6615e-001 +1.7241e-001 -2.1181e+000 -1.0602e+000 +4.7104e+000
876 +1.989028672e+001 +1.989028672e+001 +7.146028672e+001 +7.146028672e+001 -1.6146e+000 -1.8965e-001 -1.5388e+000 -2.2018e+000 -6.8469e-001 +4.4112e-001 +1.4805e-001 -2.1289e+000 -7.4000e-001 +5.0391e+000
918 +1.931592744e+001 +1.931592744e+001 +7.088592744e+001 +7.088592744e+001 -1.6239e+000 +1.4864e-001 -1.3739e+000 -2.1877e+000 -5.4808e-001 +5.2277e-001 +1.4259e-001 -2.1548e+000 -1.2581e+000 +5.0019e+000
1059 +1.903203573e+001 +1.903203573e+001 +7.060203573e+001 +7.060203573e+001 -1.6457e+000 -3.7155e-003 -1.4940e+000 -2.3305e+000 -3.4958e-001 +4.8254e-001 +2.0596e-002 -2.1777e+000 -1.0596e+000 +4.7756e+000
1271 +1.852796316e+001 +1.852796316e+001 +7.009796316e+001 +7.009796316e+001 -1.5439e+000 +8.7813e-002 -1.3026e+000 -2.3732e+000 -1.4692e-001 +6.2135e-002 +2.9260e-002 -2.1290e+000 -1.0844e+000 +4.7711e+000
% function evaluation | noise-free fitness - Fopt (-4.870000000000e+000) | best noise-free fitness - Fopt | measured fitness | best measured fitness | x1 | x2...
1 +1.969451206e+002 +1.969451206e+002 +1.920751206e+002 +1.920751206e+002 +3.1698e+000 +4.3605e+000 +8.9471e+000 +2.3775e+000 +1.2314e+000 -8.1920e-002 +5.9958e-001 +1.4155e+001 -1.4366e+000 +8.3149e+000
4 +9.608771450e+001 +9.608771450e+001 +9.121771450e+001 +9.121771450e+001 +4.9375e+000 +4.5597e+000 -7.6323e+000 +3.7201e+000 -3.6944e+000 +4.4858e+000 +4.3615e+000 +1.5612e+000 +3.1582e+000 +6.6808e+000
8 +9.523345460e+001 +9.523345460e+001 +9.036345460e+001 +9.036345460e+001 +1.5848e+000 +2.7971e+000 +2.5130e+000 +4.0552e+000 -7.5531e+000 +6.4688e+000 -8.0270e-001 +3.7500e+000 +1.5139e+000 +4.6101e+000
12 +8.705716314e+001 +8.705716314e+001 +8.218716314e+001 +8.218716314e+001 +1.5522e+000 +4.4229e+000 -3.3895e-001 +1.9737e+000 -2.1332e+000 +2.1840e+000 +9.7101e-001 +3.7647e+000 +3.2956e+000 +5.9697e+000
27 +8.227009840e+001 +8.227009840e+001 +7.740009840e+001 +7.740009840e+001 +3.2885e+000 -4.8096e+000 -2.8302e+000 +3.7839e-001 -2.2989e+000 -2.5818e+000 +1.0917e+000 +4.9793e+000 +5.4424e+000 +5.8403e+000
88 +8.020918906e+001 +8.020918906e+001 +7.533918906e+001 +7.533918906e+001 +4.2563e+000 -1.5351e+000 +4.5634e+000 +3.1110e+000 -1.6231e+000 +2.9089e+000 -6.5125e-001 +7.5863e-001 +1.0039e+000 -1.9077e+000
155 +7.302154827e+001 +7.302154827e+001 +6.815154827e+001 +6.815154827e+001 +2.8045e+000 -2.3790e+000 +2.5136e+000 +2.1913e+000 -6.3216e-001 +2.1578e+000 +4.9536e+000 +1.9245e+000 -1.0054e+000 +2.1070e+000
240 +6.456244527e+001 +6.456244527e+001 +5.969244527e+001 +5.969244527e+001 +3.0172e+000 -3.4907e+000 +1.3977e+000 +2.2114e+000 -1.5478e+000 +2.8634e+000 +8.7896e-001 +1.5684e+000 +2.1928e+000 +3.7982e-001
303 +5.246076146e+001 +5.246076146e+001 +4.759076146e+001 +4.759076146e+001 +3.1055e+000 -4.7528e+000 +9.6063e-001 +2.5651e+000 -1.1150e+000 +1.5606e+000 +2.4733e+000 +6.1429e-001 +1.9269e+000 +2.6604e+000
371 +4.502397638e+001 +4.502397638e+001 +4.015397638e+001 +4.015397638e+001 +3.8076e+000 -1.8487e+000 +1.4090e+000 +3.0381e+000 -1.1626e+000 +1.9060e+000 +3.1286e+000 +1.6161e+000 +3.7251e+000 +1.1635e+000
415 +3.319129868e+001 +3.319129868e+001 +2.832129868e+001 +2.832129868e+001 +3.2681e+000 -4.9532e+000 +3.4611e-001 +1.6835e+000 -1.7862e+000 +2.2308e-001 +3.2597e+000 +3.3065e+000 +3.6498e+000 +1.9581e+000
422 +2.312825155e+001 +2.312825155e+001 +1.825825155e+001 +1.825825155e+001 +4.4733e+000 -3.7715e+000 +1.2963e+000 +3.8646e+000 -4.6867e-001 +6.7859e-001 +2.1143e+000 +1.1481e+000 +3.2736e+000 +1.1206e+000
431 +2.233419043e+001 +2.233419043e+001 +1.746419043e+001 +1.746419043e+001 +3.0986e+000 -4.0129e+000 +2.0281e+000 +3.4265e+000 -1.4111e+000 +9.3023e-001 +3.9778e+000 +2.0001e+000 +2.9963e+000 +1.1377e+000
493 +2.035669487e+001 +2.035669487e+001 +1.548669487e+001 +1.548669487e+001 +2.9236e+000 -4.2563e+000 +2.1562e+000 +2.0233e+000 +3.7256e-001 -2.3193e-001 +5.0509e+000 +1.4150e+000 +2.8449e+000 +7.1741e-001
494 +1.462862305e+001 +1.462862305e+001 +9.758623053e+000 +9.758623053e+000 +3.8627e+000 -3.8751e+000 +1.0839e+000 +2.4047e+000 -1.1564e+000 +5.3892e-001 +2.5528e+000 +2.1310e+000 +2.3287e+000 +5.4107e-002
526 +1.344383333e+001 +1.344383333e+001 +8.573833332e+000 +8.573833332e+000 +3.4857e+000 -4.4341e+000 +1.7486e+000 +2.4441e+000 -1.5517e+000 +1.6868e-001 +3.2868e+000 +1.8344e+000 +3.1453e+000 +1.1332e+000
563 +1.098357135e+001 +1.098357135e+001 +6.113571348e+000 +6.113571348e+000 +3.4957e+000 -3.7033e+000 +1.0174e+000 +3.2181e+000 -1.4759e+000 +7.5380e-003 +3.0926e+000 +2.3512e+000 +3.2213e+000 +1.4117e+000
575 +8.430229023e+000 +8.430229023e+000 +3.560229023e+000 +3.560229023e+000 +3.2798e+000 -4.3894e+000 +1.0940e+000 +2.9132e+000 -5.3564e-001 -8.7096e-001 +2.9586e+000 +2.3954e+000 +3.3038e+000 +1.6011e+000
613 +7.672547755e+000 +7.672547755e+000 +2.802547755e+000 +2.802547755e+000 +3.9264e+000 -4.4152e+000 +1.3960e+000 +3.0138e+000 -3.9553e-001 -1.1468e-001 +3.2802e+000 +2.2884e+000 +2.6914e+000 +1.5737e+000
735 +6.866801507e+000 +6.866801507e+000 +1.996801507e+000 +1.996801507e+000 +3.3295e+000 -4.6263e+000 +1.4212e+000 +2.1480e+000 -2.3545e-001 -1.4277e-001 +3.0478e+000 +2.3389e+000 +3.3622e+000 +1.4824e+000
834 +6.738121328e+000 +6.738121328e+000 +1.868121328e+000 +1.868121328e+000 +3.7572e+000 -4.3485e+000 +1.1317e+000 +2.4994e+000 -3.0732e-001 -3.6841e-001 +2.8486e+000 +2.3432e+000 +3.1023e+000 +1.5200e+000
917 +6.524198552e+000 +6.524198552e+000 +1.654198552e+000 +1.654198552e+000 +3.6711e+000 -4.5519e+000 +1.2088e+000 +2.3586e+000 -5.6077e-001 -1.6012e-001 +2.7846e+000 +2.5413e+000 +3.1176e+000 +1.3065e+000
965 +6.375449178e+000 +6.375449178e+000 +1.505449178e+000 +1.505449178e+000 +3.3750e+000 -4.5618e+000 +9.7357e-001 +2.4126e+000 -4.3642e-001 -5.0595e-001 +3.1400e+000 +3.1671e+000 +3.2462e+000 +1.2473e+000
985 +6.218828784e+000 +6.218828784e+000 +1.348828784e+000 +1.348828784e+000 +3.5671e+000 -4.6494e+000 +1.2487e+000 +2.4721e+000 -6.6800e-001 -3.2749e-001 +2.8215e+000 +2.7288e+000 +2.9611e+000 +1.2746e+000
991 +5.830122597e+000 +5.830122597e+000 +9.601225972e-001 +9.601225972e-001 +3.4269e+000 -4.4543e+000 +1.2202e+000 +2.4436e+000 -4.3231e-001 -4.3027e-001 +2.9313e+000 +2.7486e+000 +3.1052e+000 +1.7214e+000
1136 +5.564538989e+000 +5.564538989e+000 +6.945389893e-001 +6.945389893e-001 +3.3885e+000 -4.7426e+000 +1.3580e+000 +2.2598e+000 -2.8459e-001 -7.4292e-001 +2.9811e+000 +2.9040e+000 +2.9543e+000 +1.3170e+000
1152 +5.317141315e+000 +5.317141315e+000 +4.471413154e-001 +4.471413154e-001 +3.3435e+000 -4.6240e+000 +1.3289e+000 +2.2712e+000 -2.6363e-001 -5.3365e-001 +3.2171e+000 +2.8581e+000 +3.0924e+000 +1.2579e+000
1368 +5.241510771e+000 +5.241510771e+000 +3.715107710e-001 +3.715107710e-001 +3.4596e+000 -4.6206e+000 +1.2590e+000 +2.3045e+000 -1.9974e-001 -6.2708e-001 +3.3116e+000 +2.8630e+000 +3.0027e+000 +1.2771e+000
1916 +5.128320155e+000 +5.128320155e+000 +2.583201551e-001 +2.583201551e-001 +3.3982e+000 -4.6731e+000 +1.2267e+000 +2.1995e+000 -1.1892e-001 -7.5288e-001 +3.2548e+000 +2.9002e+000 +3.0905e+000 +1.3674e+000
% function evaluation | noise-free fitness - Fopt (1.511400000000e+002) | best noise-free fitness - Fopt | measured fitness | best measured fitness | x1 | x2...
1 +9.056879603e+001 +9.056879603e+001 +2.417087960e+002 +2.417087960e+002 +2.9448e+000 -1.7344e+000 -1.4121e+000 -9.4429e-001 +1.0879e+000 -7.0347e+000 +3.8156e-001 -2.4540e+000 +2.3541e+000 -3.1776e-001
4 +8.647237764e+001 +8.647237764e+001 +2.376123776e+002 +2.376123776e+002 +3.5451e+000 -1.8121e+000 -4.9613e+000 -6.3700e-001 +2.9506e+000 -5.1880e+000 +1.5756e+000 +1.0999e+000 +3.9236e+000 -3.3290e-001
7 +8.382524891e+001 +8.382524891e+001 +2.349652489e+002 +2.349652489e+002 +4.2086e+000 -1.9637e-001 -4.5624e+000 -8.4375e-001 +8.0489e-001 -4.4805e+000 -4.2781e-001 -2.4864e+000 +4.6149e+000 -4.1480e+000
41 +7.928423459e+001 +7.928423459e+001 +2.304242346e+002 +2.304242346e+002 +4.6765e+000 -3.1086e+000 -1.6902e+000 +1.2929e+000 +1.1320e+000 -4.0578e-001 +8.9209e-001 -5.4654e-001 +2.5372e+000 -4.8945e+000
107 +6.832026181e+001 +6.832026181e+001 +2.194602618e+002 +2.194602618e+002 +1.8502e+000 -2.3350e+000 -1.5375e+000 -3.7133e+000 +1.2153e+000 +1.5515e-001 +9.8097e-001 -5.7984e-001 -1.7480e-001 -1.0617e+000
309 +6.586835227e+001 +6.586835227e+001 +2.170083523e+002 +2.170083523e+002 +9.1311e-001 -6.7829e-001 +7.3377e-001 -2.8552e+000 +9.1386e-001 -4.0354e-001 +1.7898e-001 -3.6386e+000 -2.5343e+000 -3.3040e-001
347 +5.572852359e+001 +5.572852359e+001 +2.068685236e+002 +2.068685236e+002 +1.8630e+000 -2.8826e-001 +1.4898e+000 -1.1456e+000 -1.0802e+000 +4.7878e-001 -2.6883e+000 -6.4535e-001 -2.2895e+000 +1.9458e-001
407 +4.275113790e+001 +4.275113790e+001 +1.938911379e+002 +1.938911379e+002 +1.9003e+000 -1.5896e-001 +1.3139e+000 -4.4036e+000 +1.3471e+000 +3.7429e+000 -1.9210e+000 +2.0640e-001 -1.8769e+000 +6.1441e-001
425 +4.043329819e+001 +4.043329819e+001 +1.915732982e+002 +1.915732982e+002 +2.2966e+000 -9.9731e-001 +2.2460e+000 -2.3828e+000 +1.7952e+000 +9.2450e-001 -1.9275e+000 -2.2116e+000 -2.7869e+000 +1.1916e+000
453 +3.213017339e+001 +3.213017339e+001 +1.832701734e+002 +1.832701734e+002 +2.8180e+000 -9.5457e-001 +6.9736e-001 -1.4113e+000 +1.0527e+000 +1.8643e+000 -2.2281e+000 -3.5384e+000 -2.2860e+000 -1.6943e+000
467 +2.828139595e+001 +2.828139595e+001 +1.794213960e+002 +1.794213960e+002 +2.9645e+000 -7.0925e-001 +1.4907e+000 -3.3000e+000 +1.2125e+000 +1.0423e+000 -1.8242e-001 -2.2257e+000 -2.3535e+000 -1.0441e+000
473 +2.339032168e+001 +2.339032168e+001 +1.745303217e+002 +1.745303217e+002 +4.1229e+000 -3.2136e-001 +1.0033e+000 -1.5552e+000 +1.0650e+000 +2.3849e+000 -3.0550e+000 -2.1412e+000 -2.5245e+000 +1.3987e-001
542 +1.548193883e+001 +1.548193883e+001 +1.666219388e+002 +1.666219388e+002 +2.0634e+000 -8.6040e-001 +1.2630e+000 -3.3895e+000 +2.1307e+000 +2.6682e+000 -3.0687e+000 -7.3446e-001 -1.0047e+000 -2.5814e-002
569 +1.498665482e+001 +1.498665482e+001 +1.661266548e+002 +1.661266548e+002 +2.9983e+000 -8.1306e-001 +2.1220e+000 -3.8634e+000 +2.1352e+000 +1.8474e+000 -2.7702e+000 -1.4970e+000 -1.0701e+000 -1.2835e+000
587 +8.900129363e+000 +8.900129363e+000 +1.600401294e+002 +1.600401294e+002 +2.2507e+000 -1.4201e+000 +1.5871e+000 -3.4772e+000 +1.3696e+000 +2.1395e+000 -2.8223e+000 -1.7195e+000 -1.4091e+000 -7.8314e-001
617 +8.353834077e+000 +8.353834077e+000 +1.594938341e+002 +1.594938341e+002 +3.2294e+000 -1.8425e+000 +9.9179e-001 -3.7059e+000 +1.4397e+000 +2.2030e+000 -2.6623e+000 -2.0871e+000 -1.7123e+000 -4.5185e-001
789 +7.973817679e+000 +7.973817679e+000 +1.591138177e+002 +1.591138177e+002 +2.7559e+000 -1.8359e+000 +1.2074e+000 -3.7294e+000 +9.8291e-001 +2.1612e+000 -3.0311e+000 -1.3415e+000 -1.0570e+000 -9.3797e-001
876 +7.909680319e+000 +7.909680319e+000 +1.590496803e+002 +1.590496803e+002 +2.7325e+000 -1.1659e+000 +9.9551e-001 -3.4601e+000 +1.1654e+000 +2.2178e+000 -2.8617e+000 -1.6152e+000 -1.2163e+000 -1.3849e+000
957 +7.628118180e+000 +7.628118180e+000 +1.587681182e+002 +1.587681182e+002 +3.1310e+000 -1.3431e+000 +1.2572e+000 -3.6456e+000 +1.1441e+000 +2.4955e+000 -2.8308e+000 -1.9904e+000 -1.0877e+000 -1.5731e+000
1028 +7.577313061e+000 +7.577313061e+000 +1.587173131e+002 +1.587173131e+002 +3.0593e+000 -1.2050e+000 +1.2715e+000 -3.7074e+000 +1.2273e+000 +2.4708e+000 -3.1052e+000 -1.7145e+000 -1.1765e+000 -1.1802e+000
1113 +7.409656561e+000 +7.409656561e+000 +1.585496566e+002 +1.585496566e+002 +2.9786e+000 -1.5807e+000 +1.2223e+000 -3.8369e+000 +1.1565e+000 +2.5224e+000 -3.0318e+000 -1.6300e+000 -1.1364e+000 -1.4612e+000
% function evaluation | noise-free fitness - Fopt (-1.332700000000e+002) | best noise-free fitness - Fopt | measured fitness | best measured fitness | x1 | x2...
1 +1.484273374e+002 +1.484273374e+002 +1.515733735e+001 +1.515733735e+001 -2.1958e-001 -2.3208e+000 +3.7650e+000 +1.1719e+001 +1.0579e+000 +7.9136e-001 +6.7783e-001 -9.8755e-001 +1.5408e+000 +9.0979e+000
2 +1.007500339e+002 +1.007500339e+002 -3.251996610e+001 -3.251996610e+001 -3.0223e+000 -3.6240e+000 +3.6417e+000 +1.4782e+000 +1.0637e+000 +6.5810e+000 +5.4141e+000 -8.4014e+000 +3.3928e+000 +2.6717e+000
6 +9.829723837e+001 +9.829723837e+001 -3.497276163e+001 -3.497276163e+001 -2.9360e+000 -1.3584e+000 +4.8783e+000 +8.4314e+000 +4.1306e+000 +3.9228e+000 +3.9993e+000 -4.9891e+000 +3.6281e+000 +7.7234e-002
8 +8.793816339e+001 +8.793816339e+001 -4.533183661e+001 -4.533183661e+001 +8.9485e-001 -7.8246e-001 +2.8478e+000 -9.9490e-001 +4.6974e-001 +4.3671e+000 +3.2431e+000 -2.8748e+000 +6.9426e+000 +1.6327e+000
16 +8.276351851e+001 +8.276351851e+001 -5.050648149e+001 -5.050648149e+001 +2.5878e+000 -2.2002e+000 +1.3712e+000 +4.8354e+000 +3.2438e+000 -1.9681e-002 -1.9392e-001 -5.7430e+000 +1.5975e+000 +4.4045e+000
51 +8.112435532e+001 +8.112435532e+001 -5.214564468e+001 -5.214564468e+001 -4.3097e+000 -3.0507e+000 +2.4884e+000 +5.4043e+000 -4.1999e-001 -2.1507e+000 +1.4655e+000 -1.2098e+000 +2.3029e+000 +2.0830e+000
98 +7.887875187e+001 +7.887875187e+001 -5.439124813e+001 -5.439124813e+001 -4.4941e+000 -8.2637e-001 +3.4930e+000 +9.4087e-001 -6.7261e-003 +5.6260e+000 +3.5077e+000 -1.6464e+000 +5.4462e+000 -5.0935e-001
140 +7.726865111e+001 +7.726865111e+001 -5.600134889e+001 -5.600134889e+001 -3.8171e+000 +3.3977e-002 -1.5274e+000 +7.5808e-001 +6.5586e+000 +3.5128e+000 -2.3745e+000 +7.1615e-001 -2.6194e-001 +6.0246e+000
141 +7.473045028e+001 +7.473045028e+001 -5.853954972e+001 -5.853954972e+001 -9.3284e-001 -3.1275e+000 +4.8347e-001 +5.4501e+000 -2.9986e+000 +5.2075e+000 +2.1383e+000 -2.3224e+000 +1.6208e+000 +1.1747e+000
146 +7.014310835e+001 +7.014310835e+001 -6.312689165e+001 -6.312689165e+001 -3.4235e+000 -2.7926e+000 -3.0343e+000 +4.1333e+000 -1.9953e+000 +2.0050e+000 -2.8443e-001 -4.4564e+000 -3.2872e+000 -1.0125e+000
226 +6.491681971e+001 +6.491681971e+001 -6.835318029e+001 -6.835318029e+001 +1.2435e+000 -7.5214e-001 +7.8225e-001 +5.5931e+000 +1.8120e+000 +3.0146e+000 -1.4412e+000 -1.5280e+000 -1.3194e+000 +2.3551e+000
229 +6.275114405e+001 +6.275114405e+001 -7.051885595e+001 -7.051885595e+001 -5.3394e-001 -2.0837e+000 +9.9519e-001 +3.7151e+000 -2.2299e+000 +2.6319e+000 +1.2445e+000 -1.5469e+000 +3.2721e-001 +2.7215e+000
276 +4.966035488e+001 +4.966035488e+001 -8.360964512e+001 -8.360964512e+001 +2.4981e-001 -3.6461e+000 +5.1946e-002 +3.1736e+000 -1.0701e+000 +1.8034e+000 -3.7757e-001 -1.5463e+000 -5.4161e-001 +1.9765e+000
303 +3.824946821e+001 +3.824946821e+001 -9.502053179e+001 -9.502053179e+001 +3.9365e-001 -2.9873e+000 +1.1799e-001 +3.5204e+000 -1.1782e+000 +3.2285e+000 +1.5706e-001 -2.8975e+000 +6.1236e-002 +2.2430e+000
338 +3.715341401e+001 +3.715341401e+001 -9.611658599e+001 -9.611658599e+001 +6.5233e-001 -2.2771e+000 +1.9238e-001 +3.9170e+000 -4.1918e-001 +2.4858e+000 -8.4137e-001 -3.1778e+000 +1.2364e+000 +1.0954e+000
399 +2.858941531e+001 +2.858941531e+001 -1.046805847e+002 -1.046805847e+002 +9.0812e-001 -1.6630e+000 +3.1935e-001 +2.3584e+000 -1.6029e+000 +2.5571e+000 +5.7908e-002 -2.4869e+000 +1.2872e+000 +1.6814e+000
476 +2.232609907e+001 +2.232609907e+001 -1.109439009e+002 -1.109439009e+002 +1.7413e+000 -1.8088e+000 -1.9405e-001 +1.7568e+000 -1.7079e+000 +2.4547e+000 -9.7102e-001 -3.2357e+000 +9.0673e-001 +7.4372e-001
620 +2.175733244e+001 +2.175733244e+001 -1.115126676e+002 -1.115126676e+002 +1.1960e+000 -2.4769e+000 -2.4415e-001 +2.1432e+000 -1.7875e+000 +2.5542e+000 -4.0682e-002 -3.5716e+000 +1.4033e+000 +8.9300e-001
687 +2.129555846e+001 +2.129555846e+001 -1.119744415e+002 -1.119744415e+002 +1.8297e+000 -3.0168e+000 -1.4433e-001 +2.3903e+000 -1.6237e+000 +2.6519e+000 -5.1581e-001 -2.5110e+000 +6.6967e-001 +1.0821e+000
699 +2.071011310e+001 +2.071011310e+001 -1.125598869e+002 -1.125598869e+002 +1.4715e+000 -2.7639e+000 +3.5397e-002 +2.6068e+000 -1.6789e+000 +2.8346e+000 -6.1386e-001 -3.4725e+000 +1.0131e+000 +1.2177e+000
708 +1.990127679e+001 +1.990127679e+001 -1.133687232e+002 -1.133687232e+002 +1.6781e+000 -3.0479e+000 +9.9166e-002 +2.1258e+000 -1.5429e+000 +2.3982e+000 -6.4445e-001 -3.4697e+000 +7.4485e-001 +1.0783e+000
776 +1.943695020e+001 +1.943695020e+001 -1.138330498e+002 -1.138330498e+002 +2.0343e+000 -2.3008e+000 -3.3258e-001 +2.4892e+000 -1.8179e+000 +2.2532e+000 -5.0220e-001 -3.3652e+000 +4.8837e-001 +1.1978e+000
859 +1.900590409e+001 +1.900590409e+001 -1.142640959e+002 -1.142640959e+002 +2.0846e+000 -2.3658e+000 -1.2763e-001 +2.2931e+000 -1.6795e+000 +2.5036e+000 -5.0064e-002 -3.2923e+000 +7.0433e-001 +1.0870e+000
1069 +1.857120832e+001 +1.857120832e+001 -1.146987917e+002 -1.146987917e+002 +1.9291e+000 -2.6552e+000 -2.1818e-002 +2.3879e+000 -1.6775e+000 +2.2008e+000 -3.3709e-001 -3.3224e+000 +4.8767e-001 +7.8982e-001
% function evaluation | noise-free fitness - Fopt (-5.488000000000e+001) | best noise-free fitness - Fopt | measured fitness | best measured fitness | x1 | x2...
1 +9.589260734e+001 +9.589260734e+001 +4.101260734e+001 +4.101260734e+001 -5.4416e+000 -2.6892e+000 -1.0237e+000 -2.5192e+000 -8.1602e+000 -3.1152e-001 +6.0383e+000 +4.1249e+000 +1.5439e+000 +8.4214e-001
6 +9.491532393e+001 +9.491532393e+001 +4.003532393e+001 +4.003532393e+001 +8.9927e-001 -5.7704e+000 -3.8961e+000 +2.8676e+000 +1.1095e+000 +2.1878e+000 +6.6585e+000 +7.2410e+000 +4.9867e+000 -1.7671e+000
7 +9.096231800e+001 +9.096231800e+001 +3.608231800e+001 +3.608231800e+001 -2.4393e-001 -1.6559e+000 -2.7060e+000 +2.2774e+000 -5.5681e+000 +4.8288e+000 +6.4511e+000 +5.9823e+000 -6.0627e+000 -1.3096e+000
14 +8.324701747e+001 +8.324701747e+001 +2.836701747e+001 +2.836701747e+001 -2.2464e+000 -3.8825e+000 +4.1694e-001 -2.4709e+000 -4.5949e+000 -2.7547e+000 +2.5918e+000 +5.4873e+000 +3.7547e+000 -1.9257e+000
32 +8.293985346e+001 +8.293985346e+001 +2.805985346e+001 +2.805985346e+001 +1.1019e+000 -1.6795e+000 -2.7093e-001 -1.4345e-001 -5.4040e+000 +5.3052e+000 +5.7697e+000 +3.5202e+000 +2.6994e+000 -1.2357e+000
77 +8.110129805e+001 +8.110129805e+001 +2.622129805e+001 +2.622129805e+001 -4.6006e+000 +8.8268e-001 +1.8896e-001 -1.2501e+000 -4.0518e+000 +9.4232e-001 +6.2092e+000 +5.2183e+000 +1.8568e+000 -3.3239e+000
78 +7.914353444e+001 +7.914353444e+001 +2.426353444e+001 +2.426353444e+001 -3.6359e+000 -3.4835e+000 -2.1398e+000 -2.1797e+000 +1.6992e-002 +1.1651e+000 +2.8981e+000 +5.6179e+000 +2.1465e+000 -4.1095e+000
95 +7.598518185e+001 +7.598518185e+001 +2.110518185e+001 +2.110518185e+001 -3.2329e+000 -2.2201e+000 -3.3745e-001 -2.2936e+000 -4.4561e+000 +1.5029e+000 +1.6072e+000 +4.6455e+000 -7.3015e-001 -1.7427e+000
154 +7.167003192e+001 +7.167003192e+001 +1.679003192e+001 +1.679003192e+001 -3.6936e+000 -1.3984e+000 -5.4396e-001 -2.3387e+000 -2.5583e+000 +1.4779e+000 +3.9450e+000 +4.9290e+000 +1.3597e+000 -2.9130e+000
215 +7.027384988e+001 +7.027384988e+001 +1.539384988e+001 +1.539384988e+001 +3.4377e-002 -3.8487e+000 -7.5326e-001 -2.3395e+000 -3.6941e+000 +8.1346e-001 +1.8983e+000 +4.6836e+000 +1.2828e+000 -4.7305e+000
251 +6.418736888e+001 +6.418736888e+001 +9.307368881e+000 +9.307368881e+000 -8.8096e-001 -3.1621e+000 -2.4355e+000 -1.8039e+000 -1.7210e+000 +1.6628e+000 +4.5628e+000 +3.8966e+000 +8.9278e-001 -4.1585e+000
277 +6.285584636e+001 +6.285584636e+001 +7.975846356e+000 +7.975846356e+000 -4.6214e-001 -2.4598e+000 -1.7743e+000 -3.4686e+000 -3.2255e+000 +1.4286e+000 +3.2257e+000 +4.2094e+000 +1.2151e+000 -4.6970e+000
291 +5.746081213e+001 +5.746081213e+001 +2.580812132e+000 +2.580812132e+000 +6.2352e-001 -1.9132e+000 -1.4985e+000 -1.8230e+000 -3.3397e+000 +1.5714e-001 +3.3383e+000 +4.2692e+000 +5.0678e-001 -3.0820e+000
321 +5.308098354e+001 +5.308098354e+001 -1.799016461e+000 -1.799016461e+000 -6.1770e-002 +1.2585e-001 -2.5548e+000 -1.5461e+000 -3.9058e+000 +5.8678e-001 +3.2479e+000 +3.6438e+000 +1.7501e-001 -4.6288e+000
353 +5.021940792e+001 +5.021940792e+001 -4.660592083e+000 -4.660592083e+000 -1.5893e+000 -9.6764e-001 -2.2278e+000 -1.7333e+000 -2.7458e+000 +2.1726e-001 +3.5204e+000 +4.1505e+000 +1.4850e+000 -4.2537e+000
365 +4.623915368e+001 +4.623915368e+001 -8.640846324e+000 -8.640846324e+000 -1.0450e+000 -1.2521e+000 -1.9885e+000 -1.2451e+000 -2.8279e+000 +2.1830e-001 +4.0365e+000 +3.9683e+000 +1.1093e+000 -5.2712e+000
403 +4.530371478e+001 +4.530371478e+001 -9.576285218e+000 -9.576285218e+000 +1.5077e-001 -9.3110e-001 -2.6479e+000 -1.4459e+000 -3.1015e+000 +7.8228e-001 +4.4810e+000 +3.4658e+000 +2.7536e-001 -4.8775e+000
409 +3.876712476e+001 +3.876712476e+001 -1.611287524e+001 -1.611287524e+001 -1.3011e-001 -1.8996e+000 -2.4785e+000 -1.4370e+000 -2.2970e+000 +3.7255e-001 +4.0581e+000 +3.1071e+000 +1.2657e+000 -4.2695e+000
455 +3.594327304e+001 +3.594327304e+001 -1.893672696e+001 -1.893672696e+001 -8.4250e-001 -1.7708e+000 -2.3718e+000 -2.1955e+000 -2.3172e+000 +3.7834e-001 +4.7889e+000 +2.3980e+000 +4.7895e-001 -4.5673e+000
504 +3.337960753e+001 +3.337960753e+001 -2.150039247e+001 -2.150039247e+001 -4.1399e-001 -1.1736e+000 -2.1061e+000 -1.8833e+000 -3.2071e+000 +2.2150e-001 +4.2949e+000 +3.0214e+000 +5.7454e-001 -4.1313e+000
515 +3.022527810e+001 +3.022527810e+001 -2.465472190e+001 -2.465472190e+001 -1.3565e+000 -1.7278e+000 -2.9826e+000 -1.0611e+000 -3.9973e+000 -9.7047e-001 +3.8181e+000 +1.5201e+000 +8.8607e-001 -3.9302e+000
646 +2.876410035e+001 +2.876410035e+001 -2.611589965e+001 -2.611589965e+001 -5.2765e-001 -1.0517e+000 -2.5895e+000 -1.6285e+000 -2.8987e+000 +2.9854e-001 +3.7676e+000 +2.4626e+000 +2.5878e-001 -4.3984e+000
707 +2.810947562e+001 +2.810947562e+001 -2.677052438e+001 -2.677052438e+001 -1.0030e+000 -2.0680e+000 -2.3968e+000 -1.6497e+000 -2.9531e+000 -4.9123e-001 +2.9097e+000 +2.6173e+000 +6.7856e-001 -4.3529e+000
711 +2.558403875e+001 +2.558403875e+001 -2.929596125e+001 -2.929596125e+001 -1.2904e+000 -1.4005e+000 -2.3735e+000 -1.7919e+000 -2.8616e+000 +9.4024e-002 +3.5069e+000 +2.2200e+000 +6.0922e-001 -4.4612e+000
842 +2.505143054e+001 +2.505143054e+001 -2.982856946e+001 -2.982856946e+001 -1.1277e+000 -1.3351e+000 -2.6810e+000 -1.6037e+000 -3.1134e+000 -1.7543e-001 +3.4988e+000 +2.1651e+000 +6.2832e-001 -4.6839e+000
843 +2.400183807e+001 +2.400183807e+001 -3.087816193e+001 -3.087816193e+001 -9.8433e-001 -1.6273e+000 -2.3599e+000 -1.7643e+000 -3.0057e+000 -3.5331e-001 +3.3120e+000 +1.9718e+000 +1.1562e+000 -4.2469e+000
851 +2.387909021e+001 +2.387909021e+001 -3.100090979e+001 -3.100090979e+001 -6.6996e-001 -1.4662e+000 -2.4014e+000 -1.6979e+000 -3.1740e+000 -2.6654e-001 +3.4795e+000 +1.9334e+000 +7.9138e-001 -4.4750e+000
888 +2.342043715e+001 +2.342043715e+001 -3.145956285e+001 -3.145956285e+001 -9.8954e-001 -1.1814e+000 -2.4487e+000 -1.8340e+000 -3.0316e+000 +1.3360e-001 +2.9227e+000 +1.6348e+000 +1.2649e+000 -4.4102e+000
931 +2.257126051e+001 +2.257126051e+001 -3.230873949e+001 -3.230873949e+001 -7.5776e-001 -1.4229e+000 -2.4796e+000 -1.7277e+000 -3.0530e+000 -6.0928e-002 +3.2180e+000 +1.3535e+000 +8.1552e-001 -4.1907e+000
1101 +2.216550820e+001 +2.216550820e+001 -3.271449180e+001 -3.271449180e+001 -1.0666e+000 -1.3328e+000 -2.5250e+000 -1.7455e+000 -3.0489e+000 -2.5532e-001 +3.0209e+000 +1.2569e+000 +1.3020e+000 -4.3443e+000
1328 +2.183759253e+001 +2.183759253e+001 -3.304240747e+001 -3.304240747e+001 -1.0714e+000 -1.2344e+000 -2.6840e+000 -1.5926e+000 -3.2594e+000 -2.1671e-001 +3.0640e+000 +1.0414e+000 +1.0662e+000 -4.4084e+000
% function evaluation | noise-free fitness - Fopt (-2.253700000000e+002) | best noise-free fitness - Fopt | measured fitness | best measured fitness | x1 | x2...
1 +1.398374752e+002 +1.398374752e+002 -8.553252480e+001 -8.553252480e+001 +6.0909e+000 -4.8012e+000 +4.8028e+000 -8.1076e+000 -5.2647e+000 -9.7050e+000 +3.9445e+000 -1.9856e+000 -3.1661e+000 +9.4964e+000
2 +9.767592169e+001 +9.767592169e+001 -1.276940783e+002 -1.276940783e+002 +3.6645e+000 -3.2116e+000 +2.8549e+000 -4.9980e-001 -2.7455e+000 -4.8438e+000 +1.5476e+000 -2.8997e+000 -6.5470e+000 +8.0527e+000
4 +8.711383557e+001 +8.711383557e+001 -1.382561644e+002 -1.382561644e+002 +1.8611e+000 -4.5924e+000 +1.5319e+000 +1.1201e+000 -5.5201e+000 -2.9675e+000 +5.6215e+000 -1.3908e+000 -4.9702e+000 +3.6888e+000
5 +8.515850050e+001 +8.515850050e+001 -1.402114995e+002 -1.402114995e+002 +8.6585e-001 -1.3194e+000 -8.4599e-001 -4.5610e-001 -2.8155e+000 -3.0149e+000 +3.0307e+000 -3.2788e+000 -1.4438e-001 +4.1807e+000
14 +8.103215779e+001 +8.103215779e+001 -1.443378422e+002 -1.443378422e+002 +2.3819e+000 -2.3005e+000 +3.8155e+000 -1.3087e-001 -1.9588e+000 -1.0910e+000 +2.4578e+000 -1.3181e+000 -1.9962e+000 +3.7213e+000
77 +7.889643132e+001 +7.889643132e+001 -1.464735687e+002 -1.464735687e+002 +4.8686e+000 +5.4454e+000 +2.4644e+000 -7.2140e-001 -1.9629e+000 -1.7132e+000 +7.9246e-001 -5.5462e+000 -3.7357e+000 -3.1382e+000
120 +7.409140823e+001 +7.409140823e+001 -1.512785918e+002 -1.512785918e+002 +3.0339e+000 -1.0662e+000 +2.2942e+000 -9.2322e-001 -2.6077e+000 -1.9077e+000 +1.1975e+000 -2.6078e+000 -4.2076e+000 +7.5964e-001
156 +7.082128222e+001 +7.082128222e+001 -1.545487178e+002 -1.545487178e+002 +1.5574e+000 -9.1428e-002 +2.2525e+000 -5.0200e-002 -2.6363e+000 +2.6332e-001 -7.7905e-001 -4.8232e+000 -1.7789e+000 +2.6580e-001
179 +6.823808216e+001 +6.823808216e+001 -1.571319178e+002 -1.571319178e+002 +4.8276e+000 -2.4931e+000 +1.2659e-001 -1.7317e+000 -4.0835e+000 +2.5755e+000 +2.1350e+000 -3.0681e+000 -4.4489e+000 -1.8068e-001
230 +6.699435762e+001 +6.699435762e+001 -1.583756424e+002 -1.583756424e+002 +4.1720e+000 -1.4858e+000 +2.2010e+000 -2.8139e+000 -5.6176e+000 +6.5414e-001 +1.8875e+000 -8.6923e-001 -2.8239e+000 -5.1972e-001
302 +6.505723987e+001 +6.505723987e+001 -1.603127601e+002 -1.603127601e+002 +1.2826e+000 -9.6338e-001 +3.1891e-001 -5.5487e-001 +4.8222e+000 -1.3929e+000 -8.5647e-001 -1.1472e+000 -1.6796e+000 -6.9883e-001
329 +6.342666808e+001 +6.342666808e+001 -1.619433319e+002 -1.619433319e+002 +1.3675e+000 -8.0592e-001 +1.6492e+000 -4.8185e-001 -2.1088e+000 +7.3490e-001 +1.2957e+000 -2.3240e+000 -1.6558e+000 +1.3909e-001
354 +6.148346695e+001 +6.148346695e+001 -1.638865330e+002 -1.638865330e+002 +2.5834e+000 -6.4268e-001 +2.1151e+000 +5.3291e-002 -2.6378e+000 +7.0173e-001 +1.7469e+000 -8.9916e-001 -1.8209e+000 -3.8049e-001
421 +5.495944694e+001 +5.495944694e+001 -1.704105531e+002 -1.704105531e+002 +1.6531e+000 -5.1027e-001 +1.7357e+000 -9.7983e-001 -2.3706e+000 +5.5899e-001 +1.3934e+000 -5.6027e-001 -2.0593e+000 -1.1991e-001
424 +4.845713707e+001 +4.845713707e+001 -1.769128629e+002 -1.769128629e+002 +1.8731e+000 -7.8031e-001 +1.4008e+000 -1.3255e+000 -1.6437e+000 +7.7128e-001 +7.5882e-001 -3.1948e+000 -2.6216e+000 -8.5031e-001
467 +3.870438236e+001 +3.870438236e+001 -1.866656176e+002 -1.866656176e+002 +2.5056e+000 -4.3211e-001 +1.4807e+000 -1.3943e+000 -2.8334e+000 +7.7013e-001 +9.2538e-001 -2.2383e+000 -3.0345e+000 -4.4971e-001
894 +3.769068680e+001 +3.769068680e+001 -1.876793132e+002 -1.876793132e+002 +1.8508e+000 -5.2226e-001 +1.4265e+000 -1.0785e+000 -2.6437e+000 +5.7321e-001 +1.2446e+000 -2.6041e+000 -2.9126e+000 -1.0854e+000
906 +3.706033468e+001 +3.706033468e+001 -1.883096653e+002 -1.883096653e+002 +2.0171e+000 -6.3013e-001 +1.2146e+000 -1.0738e+000 -2.7250e+000 +8.9948e-001 +1.2100e+000 -2.3387e+000 -2.9647e+000 -1.0225e+000
937 +3.544212979e+001 +3.544212979e+001 -1.899278702e+002 -1.899278702e+002 +1.1528e+000 -2.5402e-001 +1.1678e+000 -1.2530e+000 -2.0794e+000 +1.2018e+000 +1.3126e+000 -2.1388e+000 -3.2282e+000 -1.2346e+000
992 +3.458449613e+001 +3.458449613e+001 -1.907855039e+002 -1.907855039e+002 +1.6406e+000 -5.8918e-001 +1.2345e+000 -1.4342e+000 -2.7219e+000 +7.6445e-001 +1.4715e+000 -2.4642e+000 -3.2620e+000 -1.3245e+000
1048 +3.342104006e+001 +3.342104006e+001 -1.919489599e+002 -1.919489599e+002 +1.2484e+000 -5.7676e-001 +6.2121e-001 -1.3168e+000 -2.4913e+000 +1.0480e+000 +1.5466e+000 -2.1584e+000 -2.7167e+000 -2.4857e+000
1221 +3.307508112e+001 +3.307508112e+001 -1.922949189e+002 -1.922949189e+002 +1.6648e+000 -3.6846e-001 +9.9788e-001 -1.2560e+000 -2.9409e+000 +1.0112e+000 +1.2540e+000 -2.4250e+000 -3.4538e+000 -1.5283e+000
1232 +3.233895340e+001 +3.233895340e+001 -1.930310466e+002 -1.930310466e+002 +1.3777e+000 -3.5080e-001 +1.0826e+000 -1.1499e+000 -2.4521e+000 +1.0741e+000 +1.1168e+000 -2.9119e+000 -3.4511e+000 -1.4445e+000
1529 +3.150558080e+001 +3.150558080e+001 -1.938644192e+002 -1.938644192e+002 +1.5319e+000 -2.7615e-001 +8.8051e-001 -1.2389e+000 -2.6961e+000 +1.1070e+000 +1.1242e+000 -2.4810e+000 -3.2333e+000 -1.6809e+000
1776 +3.066215271e+001 +3.066215271e+001 -1.947078473e+002 -1.947078473e+002 +1.3900e+000 -2.2422e-001 +8.1965e-001 -1.3478e+000 -2.6118e+000 +1.2655e+000 +1.1155e+000 -2.4005e+000 -3.1755e+000 -1.7510e+000
2010 +3.019553401e+001 +3.019553401e+001 -1.951744660e+002 -1.951744660e+002 +1.3062e+000 -2.3527e-001 +8.0059e-001 -1.3819e+000 -2.5177e+000 +1.3890e+000 +1.1713e+000 -2.5875e+000 -3.2871e+000 -1.8076e+000
2248 +2.942247472e+001 +2.942247472e+001 -1.959475253e+002 -1.959475253e+002 +9.8042e-001 -2.8446e-001 +6.3176e-001 -1.4225e+000 -2.3055e+000 +1.4045e+000 +1.3020e+000 -2.4624e+000 -3.2526e+000 -2.0011e+000
2626 +2.879228135e+001 +2.879228135e+001 -1.965777187e+002 -1.965777187e+002 +9.2011e-001 -2.9140e-001 +6.1355e-001 -1.4178e+000 -2.3305e+000 +1.4947e+000 +1.2096e+000 -2.6158e+000 -3.2304e+000 -2.1531e+000
3003 +2.813607884e+001 +2.813607884e+001 -1.972339212e+002 -1.972339212e+002 +7.4884e-001 -2.3428e-001 +5.1513e-001 -1.5050e+000 -2.1675e+000 +1.5879e+000 +1.1513e+000 -2.7196e+000 -3.3017e+000 -2.2897e+000
3793 +2.750855826e+001 +2.750855826e+001 -1.978614417e+002 -1.978614417e+002 +5.1719e-001 -2.8995e-001 +5.2991e-001 -1.6433e+000 -2.0298e+000 +1.6785e+000 +1.1205e+000 -2.8490e+000 -3.1990e+000 -2.6261e+000
4454 +2.686139516e+001 +2.686139516e+001 -1.985086048e+002 -1.985086048e+002 +2.5958e-001 -3.3233e-001 +3.0364e-001 -1.6507e+000 -1.9309e+000 +1.8383e+000 +1.0513e+000 -2.8586e+000 -3.1299e+000 -2.8122e+000
5667 +2.630108650e+001 +2.630108650e+001 -1.990689135e+002 -1.990689135e+002 +4.7158e-002 -2.5714e-001 +1.7847e-001 -1.6327e+000 -1.7388e+000 +1.9620e+000 +1.0876e+000 -2.9117e+000 -3.1476e+000 -3.0807e+000
8207 +2.569953195e+001 +2.569953195e+001 -1.996704680e+002 -1.996704680e+002 -4.1806e-001 -2.7473e-001 -2.2431e-002 -1.7333e+000 -1.4223e+000 +2.2181e+000 +1.0961e+000 -3.0504e+000 -3.1048e+000 -3.5639e+000
% function evaluation | noise-free fitness - Fopt (-2.212900000000e+002) | best noise-free fitness - Fopt | measured fitness | best measured fitness | x1 | x2...
1 +4.387690305e+002 +4.387690305e+002 +2.174790305e+002 +2.174790305e+002 +2.8786e+000 +2.6106e+000 -1.1540e+001 +1.9761e+000 +6.2222e+000 +2.1881e+001 +9.7925e+000 +1.2480e+000 -1.1798e+000 -1.5220e+000
2 +1.175699251e+002 +1.175699251e+002 -1.037200749e+002 -1.037200749e+002 +3.4949e-001 +3.5169e+000 -5.9652e+000 +2.2631e+000 +4.7271e+000 +1.0485e+001 +4.4209e+000 +3.1673e-001 -3.7624e+000 -1.1639e+000
4 +9.651387630e+001 +9.651387630e+001 -1.247761237e+002 -1.247761237e+002 -1.8605e+000 +6.6295e+000 -4.5319e+000 +2.5495e+000 +5.3613e+000 +7.0777e+000 +6.8068e+000 -1.0674e+000 +5.6571e-001 -1.4564e+000
5 +9.060785980e+001 +9.060785980e+001 -1.306821402e+002 -1.306821402e+002 -2.1216e+000 +6.0872e+000 -2.8448e+000 +2.8640e+000 +6.6998e+000 +2.3998e+000 +4.0465e+000 +3.5125e-001 +3.0309e-001 -1.4744e+000
13 +8.542092133e+001 +8.542092133e+001 -1.358690787e+002 -1.358690787e+002 -1.3738e+000 +4.1569e+000 -4.8498e+000 -2.6655e+000 +3.2511e+000 +2.8219e+000 +1.6262e+000 -2.4531e-001 +3.7309e+000 -2.0054e+000
31 +8.035614296e+001 +8.035614296e+001 -1.409338570e+002 -1.409338570e+002 -3.8480e+000 +9.9443e-001 -2.8829e+000 -1.5593e+000 +1.7049e+000 -2.9433e+000 +4.1553e+000 +1.4809e-001 -4.5263e+000 -1.5928e+000
102 +7.771717514e+001 +7.771717514e+001 -1.435728249e+002 -1.435728249e+002 -3.4176e+000 +1.6656e+000 -4.9747e+000 -2.1334e-002 +3.1976e+000 +2.0862e+000 +2.3030e+000 +8.7675e-001 -5.0827e-001 -2.7898e+000
103 +7.761966216e+001 +7.761966216e+001 -1.436703378e+002 -1.436703378e+002 -2.4065e+000 +1.0904e+000 -4.3782e+000 +1.2778e+000 +3.4909e+000 +3.8901e+000 +3.7566e-001 -6.6332e-002 -4.2719e+000 -2.9147e+000
125 +7.501834085e+001 +7.501834085e+001 -1.462716592e+002 -1.462716592e+002 -2.5453e+000 +3.0604e+000 -5.8216e+000 +3.7023e-001 +3.7680e+000 +2.1889e+000 +2.3341e+000 +2.0627e-001 -5.1319e+000 -3.6523e+000
134 +7.202457111e+001 +7.202457111e+001 -1.492654289e+002 -1.492654289e+002 -1.6491e+000 +1.0050e+000 -3.5536e+000 +1.9164e+000 +3.4449e+000 -2.0699e+000 +2.6708e+000 +2.0844e+000 -3.1005e-001 -2.7167e+000
173 +6.667771292e+001 +6.667771292e+001 -1.546122871e+002 -1.546122871e+002 -3.2762e+000 +1.1025e+000 -4.7729e+000 +1.1018e+000 +2.7612e+000 +3.4898e-001 +3.1545e+000 -1.4643e+000 -2.4095e+000 -5.2157e+000
205 +6.549639473e+001 +6.549639473e+001 -1.557936053e+002 -1.557936053e+002 -1.7096e+000 +1.7554e+000 -4.0767e+000 +1.0757e+000 +2.3831e+000 -1.4013e+000 +2.2196e+000 -1.3067e+000 -2.2178e+000 -2.3953e+000
257 +6.235757922e+001 +6.235757922e+001 -1.589324208e+002 -1.589324208e+002 -2.8484e+000 +3.6554e+000 -3.3338e+000 +1.3410e+000 +1.0683e+000 +5.5948e-002 +2.9474e+000 -9.1792e-001 -4.6924e+000 -3.3690e+000
269 +6.118742118e+001 +6.118742118e+001 -1.601025788e+002 -1.601025788e+002 -3.4021e+000 +7.9145e-001 -3.7411e+000 +1.1970e+000 +2.9203e+000 +2.0721e-001 +3.3617e+000 -7.7687e-001 -2.7249e+000 -3.2306e+000
363 +5.809388792e+001 +5.809388792e+001 -1.631961121e+002 -1.631961121e+002 -2.7561e+000 +1.7706e-001 -3.5920e+000 +1.7463e+000 +1.9591e+000 -1.4160e+000 +1.8330e+000 +4.9264e-001 -2.6215e+000 -3.8592e+000
426 +5.478023599e+001 +5.478023599e+001 -1.665097640e+002 -1.665097640e+002 -3.4885e+000 +1.0164e+000 -3.7910e+000 +2.9827e-001 +7.8853e-001 +1.2084e+000 +2.2308e+000 -5.6829e-001 -1.9361e+000 -4.7243e+000
435 +4.749728328e+001 +4.749728328e+001 -1.737927167e+002 -1.737927167e+002 -3.4509e+000 +1.2591e+000 -3.5889e+000 +8.4825e-001 +1.4998e+000 -8.3015e-001 +2.4067e+000 +2.9004e-001 -2.5199e+000 -3.5803e+000
446 +4.455827879e+001 +4.455827879e+001 -1.767317212e+002 -1.767317212e+002 -3.1886e+000 +8.4850e-001 -3.5788e+000 +7.9455e-001 +7.4139e-001 +2.7788e-001 +2.2088e+000 +6.2211e-002 -1.8343e+000 -3.2785e+000
518 +4.323657959e+001 +4.323657959e+001 -1.780534204e+002 -1.780534204e+002 -3.1709e+000 +4.1826e-001 -3.2082e+000 +1.1189e+000 +1.6045e-001 +2.3307e-001 +2.2739e+000 -8.6854e-001 -2.3593e+000 -4.1666e+000
572 +4.061027279e+001 +4.061027279e+001 -1.806797272e+002 -1.806797272e+002 -2.8885e+000 +3.9290e-001 -3.1036e+000 +1.0170e+000 +1.6775e+000 -3.7713e-001 +1.9140e+000 -1.2241e-001 -2.3559e+000 -3.4409e+000
659 +3.841824847e+001 +3.841824847e+001 -1.828717515e+002 -1.828717515e+002 -3.3991e+000 +6.6548e-001 -3.1630e+000 +9.8352e-001 +8.9355e-001 -2.9299e-001 +1.8037e+000 -4.4847e-001 -1.7947e+000 -3.5708e+000
725 +3.791139683e+001 +3.791139683e+001 -1.833786032e+002 -1.833786032e+002 -2.9961e+000 +9.4545e-001 -2.7308e+000 +2.1032e+000 +6.9879e-001 -1.1442e+000 +2.9247e+000 -5.6281e-001 -1.7595e+000 -3.5737e+000
876 +3.706618369e+001 +3.706618369e+001 -1.842238163e+002 -1.842238163e+002 -2.9117e+000 +6.6202e-001 -3.2468e+000 +1.4090e+000 +1.0136e+000 -5.7019e-001 +1.9586e+000 +2.5985e-001 -1.5701e+000 -3.9583e+000
889 +3.629985426e+001 +3.629985426e+001 -1.849901457e+002 -1.849901457e+002 -2.4651e+000 +1.3774e+000 -2.7246e+000 +1.8106e+000 -1.6660e-001 -1.7579e+000 +1.2804e+000 +6.4220e-002 -1.4929e+000 -3.4956e+000
892 +3.338114710e+001 +3.338114710e+001 -1.879088529e+002 -1.879088529e+002 -3.0779e+000 +7.4874e-001 -2.7094e+000 +1.2790e+000 +7.7953e-001 -5.7878e-001 +1.8642e+000 -2.7395e-002 -1.4507e+000 -3.7134e+000
942 +3.136539659e+001 +3.136539659e+001 -1.899246034e+002 -1.899246034e+002 -2.8936e+000 +1.2521e+000 -2.4059e+000 +1.5286e+000 +7.0611e-001 -6.2982e-001 +1.9201e+000 +7.3937e-002 -1.3527e+000 -3.5109e+000
1187 +3.077425326e+001 +3.077425326e+001 -1.905157467e+002 -1.905157467e+002 -2.8418e+000 +1.4049e+000 -2.3719e+000 +1.4142e+000 +7.1230e-001 -7.7744e-001 +2.1200e+000 +2.9392e-001 -1.5966e+000 -3.8006e+000
1233 +3.003817972e+001 +3.003817972e+001 -1.912518203e+002 -1.912518203e+002 -2.8099e+000 +1.3466e+000 -2.1989e+000 +1.4183e+000 +4.6002e-001 -7.7843e-001 +1.9481e+000 +6.3107e-002 -1.7861e+000 -3.8827e+000
1321 +2.946335269e+001 +2.946335269e+001 -1.918266473e+002 -1.918266473e+002 -2.6738e+000 +1.2393e+000 -2.1644e+000 +1.4034e+000 +1.9534e-001 -7.3238e-001 +2.0291e+000 +2.7348e-001 -1.7035e+000 -3.7310e+000
1433 +2.820221340e+001 +2.820221340e+001 -1.930877866e+002 -1.930877866e+002 -2.5673e+000 +1.3518e+000 -1.9220e+000 +1.6417e+000 +4.5615e-001 -8.6150e-001 +2.1259e+000 +6.6989e-002 -1.7369e+000 -3.7242e+000
1551 +2.815150875e+001 +2.815150875e+001 -1.931384912e+002 -1.931384912e+002 -2.6221e+000 +1.5816e+000 -1.7105e+000 +1.6614e+000 +3.6489e-001 -8.3333e-001 +2.1270e+000 +4.7213e-003 -1.7181e+000 -3.6919e+000
1675 +2.747188189e+001 +2.747188189e+001 -1.938181181e+002 -1.938181181e+002 -2.4756e+000 +1.5581e+000 -1.7168e+000 +1.6973e+000 +3.2215e-001 -9.5474e-001 +2.1676e+000 -6.7358e-002 -1.8029e+000 -3.6956e+000
1944 +2.688533761e+001 +2.688533761e+001 -1.944046624e+002 -1.944046624e+002 -2.4617e+000 +1.3678e+000 -1.6806e+000 +1.7620e+000 +1.4436e-001 -1.0344e+000 +2.0981e+000 -7.0777e-002 -1.7149e+000 -3.4002e+000
2382 +2.629407954e+001 +2.629407954e+001 -1.949959205e+002 -1.949959205e+002 -2.3301e+000 +1.5560e+000 -1.3434e+000 +1.8457e+000 +1.3387e-001 -1.0409e+000 +2.1753e+000 -7.8820e-002 -1.7505e+000 -3.2879e+000
3384 +2.569302018e+001 +2.569302018e+001 -1.955969798e+002 -1.955969798e+002 -1.9819e+000 +1.7876e+000 -1.0770e+000 +2.1135e+000 +7.0143e-002 -1.4245e+000 +2.1951e+000 -7.2819e-002 -1.6886e+000 -3.2368e+000
% function evaluation | noise-free fitness - Fopt (1.065700000000e+002) | best noise-free fitness - Fopt | measured fitness | best measured fitness | x1 | x2...
1 +1.394179306e+002 +1.394179306e+002 +2.459879306e+002 +2.459879306e+002 +1.7895e+000 -4.0127e-001 -3.2301e+000 -1.0351e+001 -9.9218e+000 -1.4321e+000 +1.2926e+000 +8.6124e-002 +3.5978e+000 -3.2934e+000
2 +9.711534495e+001 +9.711534495e+001 +2.036853450e+002 +2.036853450e+002 +1.3528e+000 +5.5128e-001 -3.2450e+000 -2.2194e+000 -7.1557e+000 -3.6477e+000 -2.3828e+000 +2.8367e+000 +7.4345e+000 -2.9231e+000
6 +8.889484949e+001 +8.889484949e+001 +1.954648495e+002 +1.954648495e+002 +4.4111e+000 +6.8612e-001 -5.0954e+000 -3.6141e+000 -4.5740e+000 -3.1240e+000 -3.3839e+000 +1.4748e+000 +2.0739e+000 -6.5255e+000
7 +8.450873364e+001 +8.450873364e+001 +1.910787336e+002 +1.910787336e+002 +1.1510e+000 -3.8167e-001 -3.9354e+000 -4.0369e+000 -5.1140e+000 -4.3617e+000 +2.8686e+000 -1.0978e+000 +3.6643e+000 -2.5141e+000
68 +7.752854550e+001 +7.752854550e+001 +1.840985455e+002 +1.840985455e+002 +2.8306e+000 +7.9405e-001 -3.6224e+000 +3.1075e+000 -5.4933e-001 +8.5086e-001 -2.7931e+000 -6.0045e+000 +1.7742e+000 -3.2932e+000
219 +7.363459030e+001 +7.363459030e+001 +1.802045903e+002 +1.802045903e+002 +4.3678e+000 +5.0210e-001 -1.1789e+000 -1.4428e+000 +2.4960e+000 +5.4408e+000 -4.9385e-001 -1.5221e+000 +1.9475e+000 -9.7071e-001
367 +7.121210181e+001 +7.121210181e+001 +1.777821018e+002 +1.777821018e+002 +1.0427e+000 +2.9963e-001 +4.2802e-002 +2.7702e+000 -1.0843e+000 -3.2914e-001 +1.8841e+000 +7.6232e-001 +4.3987e-001 -3.4754e+000
381 +6.985146485e+001 +6.985146485e+001 +1.764214649e+002 +1.764214649e+002 +3.8645e+000 -1.6017e+000 -1.4640e+000 +4.1874e+000 -9.9605e-001 -1.5691e-001 -2.2496e-001 +4.4684e-001 +1.3372e+000 -1.5106e+000
451 +5.786907792e+001 +5.786907792e+001 +1.644390779e+002 +1.644390779e+002 +2.6207e+000 +6.9954e-002 +1.7429e+000 +9.1587e-002 -2.3433e+000 -2.1342e+000 +3.0003e+000 +6.4745e-001 -5.9347e-001 -5.0938e+000
556 +4.172855910e+001 +4.172855910e+001 +1.482985591e+002 +1.482985591e+002 +1.6536e+000 -1.1206e+000 +2.9794e+000 +3.0912e+000 -3.1591e+000 -9.3663e-001 +5.1367e+000 +1.5378e+000 -1.4288e+000 -1.4114e+000
579 +3.663434509e+001 +3.663434509e+001 +1.432043451e+002 +1.432043451e+002 +9.2417e-001 +4.9067e-001 +1.5121e+000 +9.0074e-001 -2.4189e+000 -6.4483e-001 +3.8202e+000 +5.9911e-001 -6.7485e-001 -3.2074e+000
601 +2.790969461e+001 +2.790969461e+001 +1.344796946e+002 +1.344796946e+002 +2.3424e-001 +5.1766e-001 +7.9034e-001 +1.6014e+000 -3.6561e+000 -8.8976e-001 +5.3241e+000 +1.5157e+000 -7.6738e-001 -2.6345e+000
658 +2.235984971e+001 +2.235984971e+001 +1.289298497e+002 +1.289298497e+002 -1.2980e-001 -7.1165e-001 +1.9794e+000 +1.6291e+000 -4.1324e+000 -7.8279e-001 +3.8929e+000 +1.5424e+000 -1.0545e+000 -2.0886e+000
773 +1.948134434e+001 +1.948134434e+001 +1.260513443e+002 +1.260513443e+002 +2.6036e-001 +1.7168e+000 +2.4317e+000 +1.1795e+000 -3.2001e+000 -1.0293e+000 +3.3810e+000 +1.6412e+000 -1.6385e+000 -1.5036e+000
804 +1.647128785e+001 +1.647128785e+001 +1.230412878e+002 +1.230412878e+002 +2.9788e+000 +5.8298e-001 +1.9186e+000 +1.6732e+000 -4.4250e+000 -9.7842e-001 +3.6829e+000 +2.0309e+000 -1.8617e+000 -2.7510e+000
865 +1.495165667e+001 +1.495165667e+001 +1.215216567e+002 +1.215216567e+002 +2.2195e+000 +7.3563e-001 +2.0197e+000 +6.0281e-001 -4.7705e+000 -1.0331e+000 +3.8721e+000 +2.6373e+000 -4.2500e-001 -2.0898e+000
881 +1.450319041e+001 +1.450319041e+001 +1.210731904e+002 +1.210731904e+002 +1.6043e+000 +1.1880e+000 +2.0149e+000 +6.3928e-001 -3.8718e+000 -8.9437e-001 +2.9697e+000 +2.1103e+000 -1.1683e+000 -2.0500e+000
882 +1.100732220e+001 +1.100732220e+001 +1.175773222e+002 +1.175773222e+002 +1.8048e+000 +6.4638e-001 +1.8897e+000 +1.0694e+000 -4.3137e+000 -8.1923e-001 +3.5261e+000 +2.0773e+000 -1.1870e+000 -2.4511e+000
933 +1.079341017e+001 +1.079341017e+001 +1.173634102e+002 +1.173634102e+002 +1.3411e+000 +9.5865e-001 +2.4099e+000 +1.9052e+000 -4.1030e+000 -1.1136e+000 +3.3646e+000 +1.8392e+000 -9.8732e-001 -1.7906e+000
951 +9.421608574e+000 +9.421608574e+000 +1.159916086e+002 +1.159916086e+002 +1.0996e+000 +1.6432e+000 +2.9243e+000 +1.2041e+000 -4.1929e+000 -1.0878e+000 +4.1255e+000 +2.7897e+000 -1.1347e+000 -1.7659e+000
956 +8.679061709e+000 +8.679061709e+000 +1.152490617e+002 +1.152490617e+002 +1.9305e+000 +9.6809e-001 +2.0213e+000 +1.3350e+000 -3.9123e+000 -1.1563e+000 +3.2800e+000 +2.4698e+000 -1.4429e+000 -2.3699e+000
1026 +7.102763861e+000 +7.102763861e+000 +1.136727639e+002 +1.136727639e+002 +1.4435e+000 +8.4007e-001 +1.9967e+000 +1.3350e+000 -3.9023e+000 -1.3234e+000 +4.0407e+000 +3.3169e+000 -1.4257e+000 -2.3147e+000
1192 +6.772137178e+000 +6.772137178e+000 +1.133421372e+002 +1.133421372e+002 +1.1311e+000 +6.7513e-001 +2.3796e+000 +1.6711e+000 -3.6328e+000 -1.6968e+000 +3.9386e+000 +2.9841e+000 -1.4869e+000 -2.2273e+000
1240 +6.512839967e+000 +6.512839967e+000 +1.130828400e+002 +1.130828400e+002 +1.4199e+000 +8.8998e-001 +2.2383e+000 +1.3805e+000 -4.0214e+000 -1.3293e+000 +3.7705e+000 +3.0839e+000 -1.3616e+000 -2.3550e+000
1342 +6.320843482e+000 +6.320843482e+000 +1.128908435e+002 +1.128908435e+002 +1.1335e+000 +1.1879e+000 +2.1487e+000 +1.4499e+000 -3.8297e+000 -1.7123e+000 +3.4752e+000 +2.7695e+000 -1.4071e+000 -2.5224e+000
1346 +5.976010053e+000 +5.976010053e+000 +1.125460101e+002 +1.125460101e+002 +6.8620e-001 +9.9224e-001 +2.5787e+000 +1.5079e+000 -3.9033e+000 -1.5705e+000 +3.9013e+000 +2.7156e+000 -1.2666e+000 -2.8137e+000
1352 +5.714165663e+000 +5.714165663e+000 +1.122841657e+002 +1.122841657e+002 +9.3717e-001 +8.1506e-001 +2.3772e+000 +1.4310e+000 -3.8960e+000 -1.7685e+000 +3.6464e+000 +2.6933e+000 -1.3626e+000 -2.6807e+000
1402 +5.577839108e+000 +5.577839108e+000 +1.121478391e+002 +1.121478391e+002 +1.1949e+000 +1.0589e+000 +2.3050e+000 +1.2331e+000 -4.0650e+000 -1.6521e+000 +3.8452e+000 +2.8398e+000 -1.6957e+000 -2.7368e+000
1434 +5.408530595e+000 +5.408530595e+000 +1.119785306e+002 +1.119785306e+002 +1.0432e+000 +9.3489e-001 +2.4633e+000 +1.3637e+000 -4.0040e+000 -1.8381e+000 +3.7020e+000 +2.7270e+000 -1.6349e+000 -2.7927e+000
1507 +5.291942980e+000 +5.291942980e+000 +1.118619430e+002 +1.118619430e+002 +1.0190e+000 +9.6591e-001 +2.4732e+000 +1.3180e+000 -3.9495e+000 -1.7222e+000 +3.6933e+000 +2.9252e+000 -1.5095e+000 -2.7398e+000
1551 +5.188264486e+000 +5.188264486e+000 +1.117582645e+002 +1.117582645e+002 +1.0338e+000 +9.6515e-001 +2.3188e+000 +1.2560e+000 -4.0469e+000 -1.8200e+000 +3.9252e+000 +2.9044e+000 -1.5421e+000 -2.8127e+000
1625 +5.099583023e+000 +5.099583023e+000 +1.116695830e+002 +1.116695830e+002 +9.9416e-001 +9.8214e-001 +2.4109e+000 +1.3869e+000 -4.0413e+000 -1.9113e+000 +3.8465e+000 +2.9239e+000 -1.5760e+000 -2.8119e+000
% function evaluation | noise-free fitness - Fopt (-1.284800000000e+002) | best noise-free fitness - Fopt | measured fitness | best measured fitness | x1 | x2...
1 +1.454780007e+002 +1.454780007e+002 +1.699800070e+001 +1.699800070e+001 +4.0272e+000 -2.4990e+000 -3.5475e+000 -2.3493e+000 +1.7489e+000 -5.1237e-001 +3.8227e+000 +1.2678e+001 +3.3367e+000 +1.5701e+000
3 +8.723041360e+001 +8.723041360e+001 -4.124958640e+001 -4.124958640e+001 +5.8886e+000 -2.1498e+000 -2.6958e+000 -1.9507e+000 +2.6889e+000 +1.7133e+000 +3.2135e+000 +3.7581e+000 +3.5931e+000 -4.9169e+000
10 +8.470031895e+001 +8.470031895e+001 -4.377968105e+001 -4.377968105e+001 +3.7512e+000 -3.4489e+000 -4.7719e+000 -6.9170e-001 +1.1596e+000 -1.2249e+000 +3.1737e+000 +2.1099e+000 +3.0582e+000 -4.2280e+000
56 +7.995562149e+001 +7.995562149e+001 -4.852437851e+001 -4.852437851e+001 -8.4576e-001 -2.4713e+000 -1.7018e+000 -2.6001e+000 +9.1912e-001 +2.7573e+000 +1.9045e+000 -1.0280e+000 +5.8197e-001 -4.5789e+000
114 +7.329782023e+001 +7.329782023e+001 -5.518217977e+001 -5.518217977e+001 +3.5692e+000 -3.0252e+000 -1.1735e+000 -2.3910e+000 +3.5948e+000 -1.8355e+000 +2.2837e+000 +2.2464e+000 +1.1812e+000 -3.7907e+000
210 +6.942442071e+001 +6.942442071e+001 -5.905557929e+001 -5.905557929e+001 +2.4566e+000 -1.8968e+000 +5.9257e-001 -5.6698e-001 +1.8621e+000 +6.4763e-001 +1.6390e+000 -1.4262e+000 -2.8488e-001 -2.8939e+000
229 +6.880842816e+001 +6.880842816e+001 -5.967157184e+001 -5.967157184e+001 +4.0722e+000 -3.3458e+000 -1.3910e+000 -1.9697e+000 +9.3813e-001 -9.8299e-001 +1.8869e+000 -9.6824e-001 +4.3291e-001 -2.6871e+000
285 +6.051193261e+001 +6.051193261e+001 -6.796806739e+001 -6.796806739e+001 +2.1594e+000 -8.8117e-001 -4.0623e-003 +1.3565e-001 +4.4134e+000 -6.6315e-001 +1.4798e+000 -1.4036e+000 +1.6594e+000 -2.3438e+000
289 +5.882230223e+001 +5.882230223e+001 -6.965769777e+001 -6.965769777e+001 +3.7208e+000 -1.3085e+000 +1.4765e+000 -2.8208e+000 +2.6495e+000 +2.5632e+000 +1.9100e+000 -2.5583e+000 +2.2742e+000 -3.7732e+000
307 +4.049940909e+001 +4.049940909e+001 -8.798059091e+001 -8.798059091e+001 +2.6883e+000 -2.6600e+000 +1.1268e-001 +4.2260e-001 +1.4256e+000 -3.3487e-001 +3.7886e-002 -1.9975e+000 +1.2042e-001 -2.0726e+000
410 +3.054199237e+001 +3.054199237e+001 -9.793800763e+001 -9.793800763e+001 +2.4552e+000 -4.6943e+000 -1.9019e+000 +2.2354e+000 +2.7104e+000 +6.4356e-001 +2.3696e-001 -8.8198e-001 +1.0569e+000 -7.3684e-001
451 +2.427733655e+001 +2.427733655e+001 -1.042026634e+002 -1.042026634e+002 +1.3992e+000 -2.0686e+000 -1.4550e-001 +1.6785e+000 +3.5301e+000 -3.5642e-001 -1.0986e-001 -1.1578e+000 +1.2732e+000 -1.8578e+000
502 +2.132538499e+001 +2.132538499e+001 -1.071546150e+002 -1.071546150e+002 +2.1175e+000 -4.0889e+000 +3.2206e-001 +1.3926e+000 +3.1387e+000 -6.8361e-001 +7.4101e-001 -1.2027e+000 +8.3901e-001 -2.2537e+000
580 +2.088404458e+001 +2.088404458e+001 -1.075959554e+002 -1.075959554e+002 +3.3378e+000 -3.9019e+000 +6.5826e-001 +3.4766e+000 +4.0940e+000 -7.7894e-001 -2.2882e-001 -3.3284e-001 +1.4751e+000 -1.6340e+000
600 +1.653754191e+001 +1.653754191e+001 -1.119424581e+002 -1.119424581e+002 +2.3691e+000 -3.9620e+000 +1.2974e+000 +2.8615e+000 +2.6771e+000 -8.5451e-001 -3.7109e-001 -3.9800e-001 +2.6464e+000 -2.4504e+000
612 +1.124986023e+001 +1.124986023e+001 -1.172301398e+002 -1.172301398e+002 +2.8504e+000 -3.5496e+000 +6.5841e-001 +2.1784e+000 +3.0931e+000 -7.4300e-001 -1.2238e-002 -1.2169e+000 +1.1831e+000 -1.8956e+000
706 +1.008198570e+001 +1.008198570e+001 -1.183980143e+002 -1.183980143e+002 +2.6179e+000 -4.1339e+000 +1.0235e+000 +1.9876e+000 +3.8535e+000 -1.2329e+000 -2.9933e-001 -1.7040e+000 +8.3887e-001 -1.1521e-001
724 +9.698315802e+000 +9.698315802e+000 -1.187816842e+002 -1.187816842e+002 +2.9695e+000 -4.0669e+000 -3.8895e-001 +2.5438e+000 +3.2306e+000 -9.8844e-001 -3.2426e-001 -1.4848e+000 +9.2666e-001 -1.6595e-001
756 +9.459579185e+000 +9.459579185e+000 -1.190204208e+002 -1.190204208e+002 +1.8756e+000 -4.8459e+000 -4.5658e-001 +2.6777e+000 +2.6539e+000 -5.9963e-001 -1.9730e-001 -1.4151e+000 +1.7586e+000 -8.4437e-001
767 +9.304690454e+000 +9.304690454e+000 -1.191753095e+002 -1.191753095e+002 +2.5818e+000 -3.4919e+000 +8.1446e-001 +2.2123e+000 +2.5433e+000 -9.9215e-001 -4.7153e-002 -1.4650e+000 +1.5790e+000 -1.8706e+000
776 +7.669540186e+000 +7.669540186e+000 -1.208104598e+002 -1.208104598e+002 +2.6208e+000 -4.2294e+000 +3.0629e-001 +2.2335e+000 +3.6759e+000 -9.7345e-001 -6.4354e-001 -1.7289e+000 +1.4246e+000 -6.0579e-001
842 +7.229393719e+000 +7.229393719e+000 -1.212506063e+002 -1.212506063e+002 +2.5757e+000 -4.3065e+000 +4.5445e-001 +2.5383e+000 +2.9962e+000 -6.6274e-001 -9.5512e-002 -1.9198e+000 +1.1230e+000 -9.1141e-001
903 +4.931916245e+000 +4.931916245e+000 -1.235480838e+002 -1.235480838e+002 +2.6489e+000 -4.5325e+000 +4.2111e-001 +2.6324e+000 +2.5915e+000 -1.0262e+000 -7.6165e-001 -1.8040e+000 +1.4184e+000 -5.4516e-001
915 +2.622593149e+000 +2.622593149e+000 -1.258574069e+002 -1.258574069e+002 +2.7374e+000 -4.0223e+000 +1.1321e+000 +2.2573e+000 +3.0927e+000 -1.1453e+000 -9.4137e-001 -2.1021e+000 +1.7307e+000 -4.4998e-001
1046 +2.485030233e+000 +2.485030233e+000 -1.259949698e+002 -1.259949698e+002 +2.3853e+000 -4.1975e+000 +6.5622e-001 +2.2212e+000 +2.5731e+000 -9.0321e-001 -7.7373e-001 -1.9528e+000 +1.6527e+000 -4.4712e-001
1064 +2.042519489e+000 +2.042519489e+000 -1.264374805e+002 -1.264374805e+002 +2.7555e+000 -4.3130e+000 +5.5861e-001 +1.9751e+000 +2.5196e+000 -8.1793e-001 -8.4609e-001 -1.9670e+000 +1.9844e+000 -4.5559e-001
1143 +2.004312171e+000 +2.004312171e+000 -1.264756878e+002 -1.264756878e+002 +2.9080e+000 -4.6445e+000 +7.7317e-001 +1.8566e+000 +2.2346e+000 -8.3653e-001 -8.8772e-001 -2.0330e+000 +1.9454e+000 -4.9591e-001
1202 +1.990672229e+000 +1.990672229e+000 -1.264893278e+002 -1.264893278e+002 +2.7907e+000 -4.6412e+000 +6.5447e-001 +2.1221e+000 +2.2629e+000 -9.2495e-001 -8.4154e-001 -2.2043e+000 +1.9905e+000 -2.4515e-001
1203 +1.918517778e+000 +1.918517778e+000 -1.265614822e+002 -1.265614822e+002 +2.5172e+000 -4.3010e+000 +7.8545e-001 +1.7566e+000 +2.3636e+000 -7.8251e-001 -7.9766e-001 -2.1552e+000 +2.1173e+000 -3.9617e-001
1285 +1.882742472e+000 +1.882742472e+000 -1.265972575e+002 -1.265972575e+002 +2.6206e+000 -4.5084e+000 +7.4275e-001 +1.9751e+000 +2.2236e+000 -1.0419e+000 -8.5577e-001 -2.2121e+000 +2.2141e+000 -2.2419e-001
1312 +1.846653714e+000 +1.846653714e+000 -1.266333463e+002 -1.266333463e+002 +2.6306e+000 -4.4961e+000 +7.0255e-001 +1.8809e+000 +2.3768e+000 -6.6619e-001 -9.2848e-001 -2.2073e+000 +2.0508e+000 -3.1354e-001
1321 +1.623245615e+000 +1.623245615e+000 -1.268567544e+002 -1.268567544e+002 +3.0205e+000 -4.7222e+000 +7.8249e-001 +1.7129e+000 +2.1940e+000 -7.4171e-001 -8.8186e-001 -2.3334e+000 +2.1616e+000 -3.2250e-001
1393 +1.595566027e+000 +1.595566027e+000 -1.268844340e+002 -1.268844340e+002 +2.7163e+000 -4.8612e+000 +7.4404e-001 +1.4811e+000 +2.2545e+000 -5.6162e-001 -9.2106e-001 -2.2478e+000 +2.1889e+000 -2.6007e-001
1455 +1.398919387e+000 +1.398919387e+000 -1.270810806e+002 -1.270810806e+002 +2.7013e+000 -4.5740e+000 +8.8655e-001 +1.6561e+000 +2.3097e+000 -8.8376e-001 -9.9073e-001 -2.2509e+000 +2.3137e+000 -5.9067e-002
1533 +1.326558325e+000 +1.326558325e+000 -1.271534417e+002 -1.271534417e+002 +2.6941e+000 -4.6255e+000 +1.0316e+000 +1.8027e+000 +2.2303e+000 -6.0405e-001 -9.4157e-001 -2.2817e+000 +2.2651e+000 -1.9429e-001
1547 +1.229503948e+000 +1.229503948e+000 -1.272504961e+002 -1.272504961e+002 +2.7403e+000 -4.6215e+000 +1.0355e+000 +1.7308e+000 +2.1426e+000 -6.4301e-001 -9.3169e-001 -2.4031e+000 +2.3346e+000 -9.3378e-002
1559 +1.168642343e+000 +1.168642343e+000 -1.273113577e+002 -1.273113577e+002 +3.0636e+000 -4.7557e+000 +1.0929e+000 +1.7173e+000 +2.2943e+000 -7.0168e-001 -9.8048e-001 -2.3044e+000 +2.2852e+000 -1.5904e-001
1655 +1.146336588e+000 +1.146336588e+000 -1.273336634e+002 -1.273336634e+002 +2.8594e+000 -4.5394e+000 +8.8907e-001 +1.5129e+000 +2.2165e+000 -6.4569e-001 -9.7875e-001 -2.3477e+000 +2.3577e+000 -2.1211e-001
1658 +1.112019615e+000 +1.112019615e+000 -1.273679804e+002 -1.273679804e+002 +2.8052e+000 -4.6633e+000 +9.6090e-001 +1.5367e+000 +2.1077e+000 -8.0175e-001 -1.1191e+000 -2.3648e+000 +2.3187e+000 -1.8213e-001
1713 +9.930321146e-001 +9.930321146e-001 -1.274869679e+002 -1.274869679e+002 +2.8880e+000 -4.6623e+000 +1.0009e+000 +1.6291e+000 +2.2201e+000 -5.7814e-001 -1.0083e+000 -2.3876e+000 +2.5358e+000 -2.8506e-001
1714 +9.606525752e-001 +9.606525752e-001 -1.275193474e+002 -1.275193474e+002 +2.9066e+000 -4.6835e+000 +1.0352e+000 +1.6779e+000 +2.2275e+000 -6.2208e-001 -1.0205e+000 -2.3575e+000 +2.4518e+000 -2.4843e-001
1810 +9.500567239e-001 +9.500567239e-001 -1.275299433e+002 -1.275299433e+002 +2.8986e+000 -4.6696e+000 +1.0954e+000 +1.7314e+000 +2.1900e+000 -4.9828e-001 -1.0406e+000 -2.3791e+000 +2.4466e+000 -1.7215e-001
1826 +9.259767467e-001 +9.259767467e-001 -1.275540233e+002 -1.275540233e+002 +3.0333e+000 -4.7344e+000 +1.0330e+000 +1.5789e+000 +2.1719e+000 -6.5739e-001 -1.0411e+000 -2.3596e+000 +2.4304e+000 -1.3205e-001
1899 +8.865095268e-001 +8.865095268e-001 -1.275934905e+002 -1.275934905e+002 +3.0067e+000 -4.8578e+000 +1.1234e+000 +1.5987e+000 +2.0716e+000 -6.4930e-001 -1.0551e+000 -2.3850e+000 +2.4764e+000 -1.6630e-001
1953 +8.704817340e-001 +8.704817340e-001 -1.276095183e+002 -1.276095183e+002 +2.9384e+000 -4.6731e+000 +1.1329e+000 +1.7231e+000 +2.1477e+000 -7.8130e-001 -1.0203e+000 -2.3650e+000 +2.5138e+000 -1.0560e-001
1964 +8.349936980e-001 +8.349936980e-001 -1.276450063e+002 -1.276450063e+002 +3.0328e+000 -4.7231e+000 +1.1843e+000 +1.7102e+000 +2.2456e+000 -6.3214e-001 -1.0777e+000 -2.3801e+000 +2.5707e+000 -1.1727e-001
1982 +8.296861596e-001 +8.296861596e-001 -1.276503138e+002 -1.276503138e+002 +2.9880e+000 -4.8087e+000 +1.1977e+000 +1.5807e+000 +2.1791e+000 -5.7490e-001 -1.0678e+000 -2.3713e+000 +2.5541e+000 -1.2808e-001
2015 +8.023523538e-001 +8.023523538e-001 -1.276776476e+002 -1.276776476e+002 +2.9620e+000 -4.7638e+000 +1.1128e+000 +1.5512e+000 +2.1601e+000 -6.4620e-001 -1.0639e+000 -2.3608e+000 +2.6264e+000 -1.0007e-001
2055 +7.932662164e-001 +7.932662164e-001 -1.276867338e+002 -1.276867338e+002 +2.9593e+000 -4.6853e+000 +1.1299e+000 +1.6363e+000 +2.1848e+000 -7.0184e-001 -1.0664e+000 -2.3759e+000 +2.6860e+000 -2.3729e-002
2134 +7.743515185e-001 +7.743515185e-001 -1.277056485e+002 -1.277056485e+002 +2.9174e+000 -4.6521e+000 +1.2113e+000 +1.5449e+000 +2.1363e+000 -6.6996e-001 -1.0723e+000 -2.3847e+000 +2.7499e+000 -1.3540e-001
2404 +7.557157146e-001 +7.557157146e-001 -1.277242843e+002 -1.277242843e+002 +2.9024e+000 -4.7115e+000 +1.2328e+000 +1.6378e+000 +2.1353e+000 -7.4354e-001 -1.1227e+000 -2.3794e+000 +2.6874e+000 -7.2864e-002
2560 +7.363663113e-001 +7.363663113e-001 -1.277436337e+002 -1.277436337e+002 +2.9699e+000 -4.6791e+000 +1.2298e+000 +1.6047e+000 +2.1346e+000 -7.3728e-001 -1.1156e+000 -2.4438e+000 +2.6760e+000 -2.7583e-002
2808 +7.241258073e-001 +7.241258073e-001 -1.277558742e+002 -1.277558742e+002 +2.9888e+000 -4.6641e+000 +1.2693e+000 +1.5664e+000 +2.1240e+000 -7.7885e-001 -1.1480e+000 -2.4706e+000 +2.6991e+000 -4.2409e-002
3370 +7.075292639e-001 +7.075292639e-001 -1.277724707e+002 -1.277724707e+002 +2.9859e+000 -4.6837e+000 +1.2859e+000 +1.5169e+000 +2.0578e+000 -7.7240e-001 -1.1519e+000 -2.4850e+000 +2.7679e+000 -3.3235e-002
% function evaluation | noise-free fitness - Fopt (2.358800000000e+002) | best noise-free fitness - Fopt | measured fitness | best measured fitness | x1 | x2...
1 +8.638142245e+001 +8.638142245e+001 +3.222614224e+002 +3.222614224e+002 -4.2841e-001 -3.7679e+000 +2.7268e+000 -1.2361e+000 -2.4042e+000 -5.8029e-001 +3.0866e+000 -3.1979e+000 +4.6869e+000 +3.9032e+000
12 +8.354555623e+001 +8.354555623e+001 +3.194255562e+002 +3.194255562e+002 +1.1479e+000 -5.6910e+000 +6.2923e-001 -3.2605e+000 -5.8397e+000 +1.1704e+000 +2.8688e+000 -2.9078e+000 +4.6188e+000 -2.7108e+000
29 +8.232890654e+001 +8.232890654e+001 +3.182089065e+002 +3.182089065e+002 +4.7308e-001 +1.5619e+000 +2.5627e+000 +3.6804e-001 -2.3714e+000 +8.0430e-001 +3.3465e+000 -5.2679e-001 +3.3585e+000 +3.2972e+000
56 +7.943238336e+001 +7.943238336e+001 +3.153123834e+002 +3.153123834e+002 +1.0656e-002 -2.2036e+000 +1.8736e+000 -2.1415e+000 -1.4687e-001 -8.9764e-001 +1.0452e+000 -5.9854e-001 +1.6192e+000 -1.0664e+000
131 +7.463353648e+001 +7.463353648e+001 +3.105135365e+002 +3.105135365e+002 -5.3229e-001 -2.4463e+000 -3.9016e-001 -1.0891e+000 -8.7293e-001 -1.2744e+000 +2.0103e+000 -1.6972e+000 +2.6662e+000 +9.2725e-001
175 +7.218661990e+001 +7.218661990e+001 +3.080666199e+002 +3.080666199e+002 -1.7872e+000 -3.0097e-001 -1.6084e+000 -3.0967e+000 -3.8074e+000 -1.7431e+000 +3.9879e-001 +6.3895e-001 +6.2967e+000 -8.4246e-001
185 +6.674317728e+001 +6.674317728e+001 +3.026231773e+002 +3.026231773e+002 -5.9574e-001 -2.5159e+000 -7.8363e-002 -3.4058e+000 -1.2463e+000 +2.3014e+000 +2.5068e-001 -2.4237e-001 +7.8120e-001 +3.8431e+000
570 +6.456959099e+001 +6.456959099e+001 +3.004495910e+002 +3.004495910e+002 -3.8757e+000 -1.5749e+000 -1.2553e+000 -2.2966e+000 -1.9687e+000 -1.0825e+000 -9.0719e-001 +1.8571e+000 +4.4941e+000 -7.9524e-001
652 +5.087903749e+001 +5.087903749e+001 +2.867590375e+002 +2.867590375e+002 -2.3871e+000 -2.4081e-001 -1.1636e-001 -4.8027e-001 -1.4299e+000 -6.9899e-001 +3.9035e-001 +1.9893e+000 +3.9720e+000 +1.3422e+000
858 +4.757751083e+001 +4.757751083e+001 +2.834575108e+002 +2.834575108e+002 -2.3627e+000 +5.2888e-001 +5.0989e-001 -5.3303e-001 -1.6408e-001 -7.6553e-001 -1.3292e+000 +1.9981e+000 +4.1788e+000 +5.2275e-001
957 +4.100529598e+001 +4.100529598e+001 +2.768852960e+002 +2.768852960e+002 -2.2013e+000 +7.0959e-001 +2.9891e-002 -2.2839e-001 -5.9854e-001 -1.4555e+000 -9.6717e-001 +1.3711e+000 +3.5272e+000 +2.1360e-001
1183 +3.825727676e+001 +3.825727676e+001 +2.741372768e+002 +2.741372768e+002 -2.6885e+000 +1.1750e+000 +2.5173e-001 -6.3633e-001 -1.4313e+000 -2.0439e+000 -2.8817e-001 +1.6831e+000 +3.9609e+000 +6.7912e-001
1357 +3.700579829e+001 +3.700579829e+001 +2.728857983e+002 +2.728857983e+002 -2.4437e+000 +1.1392e+000 +1.8518e-001 -9.4356e-001 -7.3893e-001 -2.0153e+000 -9.2677e-001 +1.7029e+000 +3.5829e+000 +1.0071e+000
1421 +3.554967054e+001 +3.554967054e+001 +2.714296705e+002 +2.714296705e+002 -2.5063e+000 +1.2575e+000 +7.8917e-002 -5.8280e-001 -1.0077e+000 -2.0212e+000 -1.1665e+000 +1.7830e+000 +3.7433e+000 +6.6715e-001
1515 +3.526041831e+001 +3.526041831e+001 +2.711404183e+002 +2.711404183e+002 -2.4764e+000 +1.0018e+000 +9.2541e-002 -7.7836e-001 -9.8478e-001 -2.0173e+000 -1.2145e+000 +1.5986e+000 +3.4820e+000 +8.3345e-001
1573 +3.402689238e+001 +3.402689238e+001 +2.699068924e+002 +2.699068924e+002 -2.4530e+000 +1.1437e+000 -5.9416e-003 -6.4297e-001 -1.0701e+000 -1.9033e+000 -1.1176e+000 +1.5811e+000 +3.5294e+000 +9.1948e-001
1581 +3.277782153e+001 +3.277782153e+001 +2.686578215e+002 +2.686578215e+002 -2.5265e+000 +1.1741e+000 -2.6276e-001 -7.3055e-001 -1.2171e+000 -2.0468e+000 -1.1022e+000 +1.6593e+000 +3.1266e+000 +1.1935e+000
1680 +3.221219119e+001 +3.221219119e+001 +2.680921912e+002 +2.680921912e+002 -2.4954e+000 +1.2041e+000 -3.7419e-001 -6.0492e-001 -1.0483e+000 -1.9876e+000 -1.2892e+000 +1.4802e+000 +3.3837e+000 +1.0772e+000
1761 +3.091656177e+001 +3.091656177e+001 +2.667965618e+002 +2.667965618e+002 -2.4905e+000 +1.2138e+000 -7.5957e-001 -5.6765e-001 -1.1081e+000 -2.3416e+000 -1.2548e+000 +1.4038e+000 +3.2883e+000 +1.0656e+000
1854 +3.087365116e+001 +3.087365116e+001 +2.667536512e+002 +2.667536512e+002 -2.4908e+000 +8.8723e-001 -1.1946e+000 -5.4286e-001 -1.0984e+000 -1.9173e+000 -1.3008e+000 +1.5140e+000 +3.4997e+000 +9.2009e-001
1906 +2.997561075e+001 +2.997561075e+001 +2.658556107e+002 +2.658556107e+002 -2.5287e+000 +1.2498e+000 -9.4299e-001 -3.7966e-001 -1.1589e+000 -2.0971e+000 -1.2215e+000 +1.4372e+000 +3.4281e+000 +1.2624e+000
1937 +2.892586911e+001 +2.892586911e+001 +2.648058691e+002 +2.648058691e+002 -2.4493e+000 +1.1798e+000 -1.5053e+000 -3.9217e-001 -1.2040e+000 -2.3038e+000 -1.1988e+000 +1.3491e+000 +3.3805e+000 +1.3010e+000
2210 +2.879773063e+001 +2.879773063e+001 +2.646777306e+002 +2.646777306e+002 -2.5340e+000 +1.2077e+000 -1.3382e+000 -4.4215e-001 -1.2411e+000 -2.2518e+000 -1.1604e+000 +1.3348e+000 +3.4180e+000 +1.3051e+000
2400 +2.808009800e+001 +2.808009800e+001 +2.639600980e+002 +2.639600980e+002 -2.5869e+000 +1.1957e+000 -1.5771e+000 -2.9543e-001 -1.3865e+000 -2.2297e+000 -1.2094e+000 +1.2606e+000 +3.3509e+000 +1.3738e+000
2515 +2.725929307e+001 +2.725929307e+001 +2.631392931e+002 +2.631392931e+002 -2.4738e+000 +1.2085e+000 -1.8967e+000 -5.9909e-001 -1.6430e+000 -2.3850e+000 -1.2964e+000 +1.1905e+000 +3.4229e+000 +1.3772e+000
2696 +2.691065098e+001 +2.691065098e+001 +2.627906510e+002 +2.627906510e+002 -2.4869e+000 +1.1922e+000 -2.1495e+000 -4.1367e-001 -1.7987e+000 -2.3102e+000 -1.1493e+000 +1.1956e+000 +3.3678e+000 +1.6064e+000
3003 +2.615794882e+001 +2.615794882e+001 +2.620379488e+002 +2.620379488e+002 -2.5881e+000 +1.2171e+000 -2.0267e+000 -5.9153e-001 -2.0976e+000 -2.4500e+000 -1.1871e+000 +1.0613e+000 +3.1928e+000 +1.5021e+000
3464 +2.569975174e+001 +2.569975174e+001 +2.615797517e+002 +2.615797517e+002 -2.5616e+000 +1.1748e+000 -2.2293e+000 -5.4124e-001 -2.2998e+000 -2.6148e+000 -1.2183e+000 +8.2620e-001 +2.9449e+000 +1.5800e+000
% function evaluation | noise-free fitness - Fopt (-5.310000000000e+000) | best noise-free fitness - Fopt | measured fitness | best measured fitness | x1 | x2...
1 +9.000724651e+001 +9.000724651e+001 +8.469724651e+001 +8.469724651e+001 -2.6771e+000 +6.6865e+000 +2.1649e+000 -6.2344e-001 +1.1325e+000 +3.6482e+000 -1.6111e+000 -6.1091e+000 +2.9024e+000 +3.9265e+000
3 +8.827999738e+001 +8.827999738e+001 +8.296999738e+001 +8.296999738e+001 -4.8323e+000 +3.1604e+000 +1.3304e+000 -3.8163e+000 +3.9010e-002 +6.3677e+000 +3.5686e-001 -5.3390e+000 -1.4361e+000 +3.3029e+000
4 +8.622313783e+001 +8.622313783e+001 +8.091313783e+001 +8.091313783e+001 -2.6319e+000 +4.3982e-001 +5.2883e-001 -5.8020e-001 +3.9070e+000 +5.6377e+000 -4.9098e+000 -6.6267e+000 -8.2953e-002 +5.6690e-001
12 +8.403473289e+001 +8.403473289e+001 +7.872473289e+001 +7.872473289e+001 -2.8762e+000 +3.1502e+000 +2.4237e+000 -1.3756e+000 +6.9385e-002 +3.4848e+000 -4.7614e-001 -6.1297e+000 -1.3178e+000 +9.2656e-001
16 +7.628686237e+001 +7.628686237e+001 +7.097686237e+001 +7.097686237e+001 -4.1345e+000 +1.5613e+000 -8.5716e-001 -5.4110e+000 +2.7556e+000 +2.0326e+000 +2.3838e-001 -6.1370e+000 +3.4430e+000 +3.2681e+000
99 +7.329152591e+001 +7.329152591e+001 +6.798152591e+001 +6.798152591e+001 -3.2648e+000 +2.6606e+000 +1.0203e+000 -1.0125e+000 +1.6617e+000 +3.0806e+000 +6.3048e+000 -3.7709e+000 +3.0188e+000 -3.3155e-001
134 +6.947124387e+001 +6.947124387e+001 +6.416124387e+001 +6.416124387e+001 -2.0638e+000 +1.9777e+000 +1.0007e+000 -2.4046e+000 +1.0835e+000 +1.6204e+000 +1.8011e+000 -2.4250e+000 +3.9588e-001 +1.6833e+000
187 +6.804053396e+001 +6.804053396e+001 +6.273053396e+001 +6.273053396e+001 -3.5490e+000 -6.0987e-001 +2.1497e+000 -1.7316e+000 +1.1224e+000 +2.5069e+000 -5.8037e-001 -4.0181e+000 +1.5621e+000 +2.9198e+000
261 +6.458659031e+001 +6.458659031e+001 +5.927659031e+001 +5.927659031e+001 -3.0779e+000 +2.3950e+000 +3.8809e-001 -9.3724e-001 +1.4062e-001 +2.1137e+000 +9.3573e-001 -2.8544e+000 +3.4470e+000 -6.0020e-001
273 +5.874028279e+001 +5.874028279e+001 +5.343028279e+001 +5.343028279e+001 -3.5337e+000 +1.2892e+000 +3.9860e+000 -1.8727e+000 +7.0375e-001 +1.6857e-001 -4.0623e-001 -4.5309e+000 +1.6631e+000 +5.1191e-001
360 +5.638443232e+001 +5.638443232e+001 +5.107443232e+001 +5.107443232e+001 -2.8863e+000 +2.1879e+000 +1.3935e+000 -6.3273e-001 +1.0053e+000 -1.3014e+000 +2.0994e+000 -6.6255e+000 +2.3845e+000 +7.3254e-001
364 +5.400322916e+001 +5.400322916e+001 +4.869322916e+001 +4.869322916e+001 -4.3240e+000 +4.4910e-001 +9.8582e-001 -2.3534e+000 +2.3658e-001 +2.2675e+000 +2.6520e+000 -2.5941e+000 +4.6685e+000 -8.2822e-001
407 +5.208263883e+001 +5.208263883e+001 +4.677263883e+001 +4.677263883e+001 -3.8683e+000 -1.3256e+000 +1.8525e+000 -1.5037e+000 +1.4752e+000 +1.5428e+000 +1.1271e+000 -5.6784e+000 +3.4814e+000 -8.1946e-002
428 +5.047666798e+001 +5.047666798e+001 +4.516666798e+001 +4.516666798e+001 -4.4232e+000 +1.3981e+000 +2.2120e+000 -2.2369e-001 +4.7465e-001 +1.6395e-001 +1.4945e+000 -4.4042e+000 +2.2131e+000 +3.1271e-001
459 +4.495801923e+001 +4.495801923e+001 +3.964801923e+001 +3.964801923e+001 -3.2537e+000 +4.9843e-001 +9.3990e-001 -7.0110e-002 +7.2619e-001 -4.5136e-001 +7.7040e-001 -4.0292e+000 +2.9966e+000 +1.9192e+000
476 +3.024295777e+001 +3.024295777e+001 +2.493295777e+001 +2.493295777e+001 -3.7371e+000 -2.1726e-002 +2.1217e+000 -1.2927e+000 +1.9383e-002 -6.2936e-001 +6.8454e-001 -4.0442e+000 +2.4951e+000 +1.3752e+000
502 +2.783510371e+001 +2.783510371e+001 +2.252510371e+001 +2.252510371e+001 -2.3221e+000 -4.6409e-001 +1.4576e+000 -1.4608e+000 +2.6841e-001 -1.0004e+000 +8.7223e-001 -3.5599e+000 +2.6787e+000 +1.1934e+000
525 +2.535353543e+001 +2.535353543e+001 +2.004353543e+001 +2.004353543e+001 -3.9738e+000 +7.5877e-002 +7.7263e-001 -1.5689e+000 +2.4404e-001 -8.0299e-001 +1.1409e+000 -3.5529e+000 +2.5579e+000 +5.5062e-001
608 +2.102205738e+001 +2.102205738e+001 +1.571205738e+001 +1.571205738e+001 -3.0065e+000 +9.6087e-001 +1.6460e+000 -2.4580e+000 +7.9401e-001 -2.2027e-001 +1.1774e+000 -4.0847e+000 +3.3187e+000 +2.0403e+000
656 +1.510150201e+001 +1.510150201e+001 +9.791502011e+000 +9.791502011e+000 -3.0059e+000 +3.8846e-001 +1.7903e+000 -2.9244e+000 +1.3440e+000 -6.0608e-001 +1.4285e+000 -3.7916e+000 +3.5672e+000 +4.3226e-001
729 +1.429050359e+001 +1.429050359e+001 +8.980503585e+000 +8.980503585e+000 -3.0839e+000 +3.4828e-001 +2.1139e+000 -2.6268e+000 +9.8770e-001 -8.6892e-001 +1.3883e+000 -4.0542e+000 +3.3184e+000 +5.1985e-001
751 +1.225772183e+001 +1.225772183e+001 +6.947721828e+000 +6.947721828e+000 -3.1309e+000 +1.0700e+000 +2.2540e+000 -3.0773e+000 +3.9983e-001 -6.7290e-001 +1.5308e+000 -4.1611e+000 +2.9929e+000 -2.3067e-002
939 +1.148905727e+001 +1.148905727e+001 +6.179057274e+000 +6.179057274e+000 -2.9684e+000 +8.6863e-001 +2.0756e+000 -2.9524e+000 +5.8743e-001 -1.1646e+000 +1.6991e+000 -4.0745e+000 +3.2515e+000 +2.5225e-001
1023 +1.144837456e+001 +1.144837456e+001 +6.138374557e+000 +6.138374557e+000 -3.0876e+000 +8.8955e-001 +1.7660e+000 -2.9815e+000 +5.2015e-001 -9.2754e-001 +1.6724e+000 -3.9826e+000 +3.3207e+000 +1.6073e-001
1339 +1.120931516e+001 +1.120931516e+001 +5.899315157e+000 +5.899315157e+000 -3.0935e+000 +8.8300e-001 +1.9858e+000 -3.0478e+000 +4.5375e-001 -9.8136e-001 +1.6427e+000 -4.1977e+000 +3.2667e+000 +2.3103e-001
