% function evaluation | noise-free fitness - Fopt (-1.000000000000e+003) | best noise-free fitness - Fopt | measured fitness | best measured fitness | x1 | x2...
1 +3.860195065e+001 +3.860195065e+001 -9.613980493e+002 -9.613980493e+002 +3.0479e+000 -5.0617e+000 -4.2558e-001
2 +2.754670317e+001 +2.754670317e+001 -9.724532968e+002 -9.724532968e+002 +2.8470e+000 -3.4319e+000 -1.9141e+000
10 +1.820003389e+001 +1.820003389e+001 -9.817999661e+002 -9.817999661e+002 +2.2013e+000 -5.8053e+000 -2.4719e+000
14 +1.811378191e+001 +1.811378191e+001 -9.818862181e+002 -9.818862181e+002 +3.8703e+000 -4.9010e+000 -9.3391e-001
23 +7.961902533e+000 +7.961902533e+000 -9.920380975e+002 -9.920380975e+002 +2.8373e+000 -4.5897e+000 -3.3103e+000
33 +6.407986391e+000 +6.407986391e+000 -9.935920136e+002 -9.935920136e+002 +3.2592e+000 -4.3271e+000 -4.2468e+000
48 +4.726205999e+000 +4.726205999e+000 -9.952737940e+002 -9.952737940e+002 +3.3359e+000 -3.9926e+000 -4.1623e+000
59 +3.546334574e+000 +3.546334574e+000 -9.964536654e+002 -9.964536654e+002 +3.9871e+000 -3.8670e+000 -3.5027e+000
80 +2.706828385e+000 +2.706828385e+000 -9.972931716e+002 -9.972931716e+002 +3.8269e+000 -3.8397e+000 -3.6489e+000
137 +2.685682089e+000 +2.685682089e+000 -9.973143179e+002 -9.973143179e+002 +3.7915e+000 -3.8137e+000 -3.6825e+000
323 +2.611135954e+000 +2.611135954e+000 -9.973888640e+002 -9.973888640e+002 +3.9538e+000 -3.7252e+000 -3.6013e+000
% function evaluation | noise-free fitness - Fopt (1.000000000000e+003) | best noise-free fitness - Fopt | measured fitness | best measured fitness | x1 | x2...
1 +8.231172406e+001 +8.231172406e+001 +1.082311724e+003 +1.082311724e+003 +4.6801e+000 -5.7336e+000 +2.2139e-001
3 +2.878514799e+001 +2.878514799e+001 +1.028785148e+003 +1.028785148e+003 +3.4295e+000 -3.9563e+000 +4.8730e+000
6 +2.131507369e+001 +2.131507369e+001 +1.021315074e+003 +1.021315074e+003 +3.9213e+000 -1.9924e+000 +2.6929e+000
7 +3.082265080e+000 +3.082265080e+000 +1.003082265e+003 +1.003082265e+003 -3.5285e+000 -2.5131e+000 +1.3029e+000
25 +5.044779768e-001 +5.044779768e-001 +1.000504478e+003 +1.000504478e+003 +7.9655e-001 -3.2234e+000 -2.6022e+000
% function evaluation | noise-free fitness - Fopt (-4.913000000000e+001) | best noise-free fitness - Fopt | measured fitness | best measured fitness | x1 | x2...
1 +1.090640860e+002 +1.090640860e+002 +5.993408604e+001 +5.993408604e+001 -3.1874e+000 -9.7444e+000 +1.2326e+000
2 +8.475394641e+001 +8.475394641e+001 +3.562394641e+001 +3.562394641e+001 -2.6580e+000 -5.1453e+000 +9.2415e-001
3 +8.251019594e+001 +8.251019594e+001 +3.338019594e+001 +3.338019594e+001 -2.4200e+000 +4.4995e+000 +2.2827e+000
9 +7.925693488e+001 +7.925693488e+001 +3.012693488e+001 +3.012693488e+001 -5.0466e+000 -4.5631e+000 +5.6147e+000
19 +7.218155280e+001 +7.218155280e+001 +2.305155280e+001 +2.305155280e+001 -2.8369e+000 -4.0839e+000 +2.7411e+000
33 +6.063284977e+001 +6.063284977e+001 +1.150284977e+001 +1.150284977e+001 +2.7658e+000 -3.3531e+000 +2.9180e+000
40 +5.480861434e+001 +5.480861434e+001 +5.678614338e+000 +5.678614338e+000 +3.2125e+000 -4.7719e+000 +4.2787e+000
41 +1.908796897e+000 +1.908796897e+000 -4.722120310e+001 -4.722120310e+001 -3.4885e+000 -1.3198e+000 +4.6938e+000
274 +4.921993425e-001 +4.921993425e-001 -4.863780066e+001 -4.863780066e+001 +3.8234e+000 +2.9347e+000 +3.2504e+000
% function evaluation | noise-free fitness - Fopt (2.977300000000e+002) | best noise-free fitness - Fopt | measured fitness | best measured fitness | x1 | x2...
1 +6.612113657e+001 +6.612113657e+001 +3.638511366e+002 +3.638511366e+002 -9.5515e-001 +2.3781e-001 +8.5255e-001
11 +2.719749293e+001 +2.719749293e+001 +3.249274929e+002 +3.249274929e+002 +2.9493e-001 +2.2231e+000 +5.2798e-001
16 +1.077420291e+001 +1.077420291e+001 +3.085042029e+002 +3.085042029e+002 +3.1349e+000 -3.3287e+000 -6.5965e-001
26 +1.547750337e+000 +1.547750337e+000 +2.992777503e+002 +2.992777503e+002 -2.3947e+000 +4.5786e-001 +3.8662e+000
% function evaluation | noise-free fitness - Fopt (5.157000000000e+001) | best noise-free fitness - Fopt | measured fitness | best measured fitness | x1 | x2...
1 +1.030962270e+002 +1.030962270e+002 +1.546662270e+002 +1.546662270e+002 -9.0451e+000 +5.4120e+000 +3.2997e+000
2 +7.771767083e+001 +7.771767083e+001 +1.292876708e+002 +1.292876708e+002 -2.2059e+000 -1.6460e+000 +6.1214e+000
4 +6.100746003e+001 +6.100746003e+001 +1.125774600e+002 +1.125774600e+002 +2.7069e+000 +7.4664e-001 +6.8095e+000
5 +3.690776615e+001 +3.690776615e+001 +8.847776615e+001 +8.847776615e+001 +7.0489e-002 -8.6746e-001 +2.8442e+000
9 +1.068228824e+001 +1.068228824e+001 +6.225228824e+001 +6.225228824e+001 -1.4943e+000 +2.3910e+000 +3.8140e+000
50 +9.840877626e+000 +9.840877626e+000 +6.141087763e+001 +6.141087763e+001 +1.5199e+000 -9.7395e-001 +1.6616e+000
65 +7.927378043e+000 +7.927378043e+000 +5.949737804e+001 +5.949737804e+001 +2.1575e+000 -8.8810e-001 +1.1413e+000
99 +5.754609605e+000 +5.754609605e+000 +5.732460961e+001 +5.732460961e+001 +1.6168e+000 -3.2355e+000 +3.8424e+000
122 +2.144155558e+000 +2.144155558e+000 +5.371415556e+001 +5.371415556e+001 +1.7632e+000 -2.6015e+000 +3.8039e+000
124 +1.905162293e+000 +1.905162293e+000 +5.347516229e+001 +5.347516229e+001 +1.8086e+000 -1.9993e+000 +3.9926e+000
158 +1.375756213e+000 +1.375756213e+000 +5.294575621e+001 +5.294575621e+001 +1.8242e+000 -1.6254e+000 +4.2927e+000
161 +9.665363774e-001 +9.665363774e-001 +5.253653638e+001 +5.253653638e+001 +1.7671e+000 -2.1878e+000 +4.2253e+000
188 +9.312927107e-001 +9.312927107e-001 +5.250129271e+001 +5.250129271e+001 +1.8274e+000 -2.0542e+000 +4.2150e+000
220 +8.576531119e-001 +8.576531119e-001 +5.242765311e+001 +5.242765311e+001 +1.7784e+000 -2.0523e+000 +4.2483e+000
226 +8.093666059e-001 +8.093666059e-001 +5.237936661e+001 +5.237936661e+001 +1.8090e+000 -2.1356e+000 +4.2920e+000
231 +7.738144443e-001 +7.738144443e-001 +5.234381444e+001 +5.234381444e+001 +1.8196e+000 -2.1067e+000 +4.3110e+000
256 +7.370839294e-001 +7.370839294e-001 +5.230708393e+001 +5.230708393e+001 +1.8147e+000 -1.9980e+000 +4.3319e+000
271 +7.097414557e-001 +7.097414557e-001 +5.227974146e+001 +5.227974146e+001 +1.8195e+000 -1.9996e+000 +4.3792e+000
287 +7.073104808e-001 +7.073104808e-001 +5.227731048e+001 +5.227731048e+001 +1.8261e+000 -1.9564e+000 +4.3785e+000
% function evaluation | noise-free fitness - Fopt (-4.870000000000e+000) | best noise-free fitness - Fopt | measured fitness | best measured fitness | x1 | x2...
1 +2.261647426e+000 +2.261647426e+000 -2.608352574e+000 -2.608352574e+000 +3.1322e+000 -2.3901e+000 +1.2435e+000
11 +1.784479057e+000 +1.784479057e+000 -3.085520943e+000 -3.085520943e+000 +9.5626e-001 -2.3075e+000 +2.2113e+000
18 +1.173497568e-001 +1.173497568e-001 -4.752650243e+000 -4.752650243e+000 +2.1997e+000 -2.1070e+000 +1.6968e+000
95 +5.193491971e-002 +5.193491971e-002 -4.818065080e+000 -4.818065080e+000 +1.1886e+000 -2.0636e+000 +2.3869e+000
112 +9.414627194e-004 +9.414627194e-004 -4.869058537e+000 -4.869058537e+000 +1.6956e+000 -1.7093e+000 +2.3659e+000
193 +1.374110871e-004 +1.374110871e-004 -4.869862589e+000 -4.869862589e+000 +1.6495e+000 -1.7679e+000 +2.3348e+000
271 +9.350019922e-005 +9.350019922e-005 -4.869906500e+000 -4.869906500e+000 +1.6204e+000 -1.7997e+000 +2.3346e+000
489 +9.033955747e-005 +9.033955747e-005 -4.869909660e+000 -4.869909660e+000 +1.6267e+000 -1.7935e+000 +2.3335e+000
544 +8.860079019e-005 +8.860079019e-005 -4.869911399e+000 -4.869911399e+000 +1.6292e+000 -1.7932e+000 +2.3317e+000
626 +8.682369326e-005 +8.682369326e-005 -4.869913176e+000 -4.869913176e+000 +1.6322e+000 -1.7933e+000 +2.3312e+000
665 +8.500983472e-005 +8.500983472e-005 -4.869914990e+000 -4.869914990e+000 +1.6341e+000 -1.7933e+000 +2.3296e+000
709 +8.200458933e-005 +8.200458933e-005 -4.869917995e+000 -4.869917995e+000 +1.6387e+000 -1.7933e+000 +2.3275e+000
759 +8.119337851e-005 +8.119337851e-005 -4.869918807e+000 -4.869918807e+000 +1.6392e+000 -1.7933e+000 +2.3267e+000
811 +7.823573938e-005 +7.823573938e-005 -4.869921764e+000 -4.869921764e+000 +1.6432e+000 -1.7934e+000 +2.3245e+000
838 +7.625092683e-005 +7.625092683e-005 -4.869923749e+000 -4.869923749e+000 +1.6504e+000 -1.7933e+000 +2.3224e+000
886 +7.558059286e-005 +7.558059286e-005 -4.869924419e+000 -4.869924419e+000 +1.6466e+000 -1.7936e+000 +2.3226e+000
964 +7.391574194e-005 +7.391574194e-005 -4.869926084e+000 -4.869926084e+000 +1.6483e+000 -1.7936e+000 +2.3212e+000
977 +7.237416540e-005 +7.237416540e-005 -4.869927626e+000 -4.869927626e+000 +1.6500e+000 -1.7936e+000 +2.3195e+000
989 +6.973691997e-005 +6.973691997e-005 -4.869930263e+000 -4.869930263e+000 +1.6545e+000 -1.7936e+000 +2.3185e+000
998 +6.793513409e-005 +6.793513409e-005 -4.869932065e+000 -4.869932065e+000 +1.6555e+000 -1.7936e+000 +2.3167e+000
1006 +6.628447733e-005 +6.628447733e-005 -4.869933716e+000 -4.869933716e+000 +1.6584e+000 -1.7931e+000 +2.3157e+000
1061 +6.353479240e-005 +6.353479240e-005 -4.869936465e+000 -4.869936465e+000 +1.6626e+000 -1.7945e+000 +2.3140e+000
1117 +6.273566932e-005 +6.273566932e-005 -4.869937264e+000 -4.869937264e+000 +1.6604e+000 -1.7945e+000 +2.3133e+000
1141 +6.007232719e-005 +6.007232719e-005 -4.869939928e+000 -4.869939928e+000 +1.6641e+000 -1.7957e+000 +2.3119e+000
1152 +5.795409236e-005 +5.795409236e-005 -4.869942046e+000 -4.869942046e+000 +1.6641e+000 -1.7960e+000 +2.3104e+000
1190 +5.567985020e-005 +5.567985020e-005 -4.869944320e+000 -4.869944320e+000 +1.6653e+000 -1.7971e+000 +2.3088e+000
1206 +5.473300879e-005 +5.473300879e-005 -4.869945267e+000 -4.869945267e+000 +1.6683e+000 -1.7960e+000 +2.3064e+000
1225 +5.243705564e-005 +5.243705564e-005 -4.869947563e+000 -4.869947563e+000 +1.6704e+000 -1.7965e+000 +2.3049e+000
1226 +4.954626484e-005 +4.954626484e-005 -4.869950454e+000 -4.869950454e+000 +1.6737e+000 -1.7966e+000 +2.3031e+000
1276 +4.835496177e-005 +4.835496177e-005 -4.869951645e+000 -4.869951645e+000 +1.6735e+000 -1.7982e+000 +2.3040e+000
1287 +4.763930601e-005 +4.763930601e-005 -4.869952361e+000 -4.869952361e+000 +1.6763e+000 -1.7967e+000 +2.3034e+000
1313 +4.653450516e-005 +4.653450516e-005 -4.869953465e+000 -4.869953465e+000 +1.6771e+000 -1.7966e+000 +2.3016e+000
1345 +4.550234288e-005 +4.550234288e-005 -4.869954498e+000 -4.869954498e+000 +1.6767e+000 -1.7980e+000 +2.3017e+000
1388 +4.450547898e-005 +4.450547898e-005 -4.869955495e+000 -4.869955495e+000 +1.6770e+000 -1.7992e+000 +2.3011e+000
1418 +4.186211555e-005 +4.186211555e-005 -4.869958138e+000 -4.869958138e+000 +1.6799e+000 -1.8003e+000 +2.2989e+000
1501 +4.144565834e-005 +4.144565834e-005 -4.869958554e+000 -4.869958554e+000 +1.6801e+000 -1.7998e+000 +2.2983e+000
1524 +4.020137299e-005 +4.020137299e-005 -4.869959799e+000 -4.869959799e+000 +1.6806e+000 -1.8013e+000 +2.2972e+000
1531 +3.912344543e-005 +3.912344543e-005 -4.869960877e+000 -4.869960877e+000 +1.6855e+000 -1.8000e+000 +2.2965e+000
1545 +3.870644026e-005 +3.870644026e-005 -4.869961294e+000 -4.869961294e+000 +1.6834e+000 -1.8006e+000 +2.2958e+000
1548 +3.766933317e-005 +3.766933317e-005 -4.869962331e+000 -4.869962331e+000 +1.6869e+000 -1.7992e+000 +2.2950e+000
1570 +3.702160928e-005 +3.702160928e-005 -4.869962978e+000 -4.869962978e+000 +1.6915e+000 -1.7969e+000 +2.2926e+000
1571 +3.598365984e-005 +3.598365984e-005 -4.869964016e+000 -4.869964016e+000 +1.6893e+000 -1.7998e+000 +2.2919e+000
1581 +3.482787151e-005 +3.482787151e-005 -4.869965172e+000 -4.869965172e+000 +1.6920e+000 -1.7999e+000 +2.2922e+000
1787 +3.436270802e-005 +3.436270802e-005 -4.869965637e+000 -4.869965637e+000 +1.6918e+000 -1.8010e+000 +2.2916e+000
1798 +3.375682065e-005 +3.375682065e-005 -4.869966243e+000 -4.869966243e+000 +1.6923e+000 -1.8007e+000 +2.2902e+000
1848 +3.298982395e-005 +3.298982395e-005 -4.869967010e+000 -4.869967010e+000 +1.6939e+000 -1.8048e+000 +2.2886e+000
1869 +3.224765591e-005 +3.224765591e-005 -4.869967752e+000 -4.869967752e+000 +1.6934e+000 -1.8036e+000 +2.2883e+000
1885 +3.093390502e-005 +3.093390502e-005 -4.869969066e+000 -4.869969066e+000 +1.6944e+000 -1.8071e+000 +2.2842e+000
1902 +3.036645223e-005 +3.036645223e-005 -4.869969634e+000 -4.869969634e+000 +1.6979e+000 -1.8046e+000 +2.2851e+000
1903 +2.980397262e-005 +2.980397262e-005 -4.869970196e+000 -4.869970196e+000 +1.7036e+000 -1.8027e+000 +2.2843e+000
1967 +2.932510113e-005 +2.932510113e-005 -4.869970675e+000 -4.869970675e+000 +1.7022e+000 -1.8031e+000 +2.2829e+000
2024 +2.863951128e-005 +2.863951128e-005 -4.869971360e+000 -4.869971360e+000 +1.7040e+000 -1.8042e+000 +2.2808e+000
2136 +2.794493433e-005 +2.794493433e-005 -4.869972055e+000 -4.869972055e+000 +1.7080e+000 -1.8036e+000 +2.2797e+000
2167 +2.722117835e-005 +2.722117835e-005 -4.869972779e+000 -4.869972779e+000 +1.7112e+000 -1.8052e+000 +2.2771e+000
2217 +2.686707440e-005 +2.686707440e-005 -4.869973133e+000 -4.869973133e+000 +1.7126e+000 -1.8062e+000 +2.2753e+000
2270 +2.615633662e-005 +2.615633662e-005 -4.869973844e+000 -4.869973844e+000 +1.7175e+000 -1.8072e+000 +2.2702e+000
2380 +2.568904440e-005 +2.568904440e-005 -4.869974311e+000 -4.869974311e+000 +1.7208e+000 -1.8065e+000 +2.2700e+000
2529 +2.493287748e-005 +2.493287748e-005 -4.869975067e+000 -4.869975067e+000 +1.7261e+000 -1.8064e+000 +2.2675e+000
2633 +2.453820013e-005 +2.453820013e-005 -4.869975462e+000 -4.869975462e+000 +1.7288e+000 -1.8067e+000 +2.2662e+000
2685 +2.352601547e-005 +2.352601547e-005 -4.869976474e+000 -4.869976474e+000 +1.7330e+000 -1.8060e+000 +2.2624e+000
2721 +2.343611590e-005 +2.343611590e-005 -4.869976564e+000 -4.869976564e+000 +1.7330e+000 -1.8064e+000 +2.2635e+000
2790 +2.287398040e-005 +2.287398040e-005 -4.869977126e+000 -4.869977126e+000 +1.7350e+000 -1.8065e+000 +2.2623e+000
2808 +2.232159340e-005 +2.232159340e-005 -4.869977678e+000 -4.869977678e+000 +1.7359e+000 -1.8079e+000 +2.2609e+000
2854 +2.181948642e-005 +2.181948642e-005 -4.869978181e+000 -4.869978181e+000 +1.7370e+000 -1.8077e+000 +2.2599e+000
2886 +1.983862736e-005 +1.983862736e-005 -4.869980161e+000 -4.869980161e+000 +1.7416e+000 -1.8086e+000 +2.2566e+000
2928 +1.931102587e-005 +1.931102587e-005 -4.869980689e+000 -4.869980689e+000 +1.7428e+000 -1.8092e+000 +2.2558e+000
2940 +1.864696502e-005 +1.864696502e-005 -4.869981353e+000 -4.869981353e+000 +1.7450e+000 -1.8087e+000 +2.2551e+000
2953 +1.820864948e-005 +1.820864948e-005 -4.869981791e+000 -4.869981791e+000 +1.7458e+000 -1.8120e+000 +2.2530e+000
2974 +1.805235456e-005 +1.805235456e-005 -4.869981948e+000 -4.869981948e+000 +1.7446e+000 -1.8103e+000 +2.2535e+000
2978 +1.759977803e-005 +1.759977803e-005 -4.869982400e+000 -4.869982400e+000 +1.7457e+000 -1.8101e+000 +2.2527e+000
3006 +1.687057373e-005 +1.687057373e-005 -4.869983129e+000 -4.869983129e+000 +1.7473e+000 -1.8106e+000 +2.2520e+000
3033 +1.474392676e-005 +1.474392676e-005 -4.869985256e+000 -4.869985256e+000 +1.7511e+000 -1.8121e+000 +2.2482e+000
3046 +1.421268346e-005 +1.421268346e-005 -4.869985787e+000 -4.869985787e+000 +1.7523e+000 -1.8126e+000 +2.2477e+000
3097 +1.410733443e-005 +1.410733443e-005 -4.869985893e+000 -4.869985893e+000 +1.7536e+000 -1.8112e+000 +2.2483e+000
3111 +1.271999816e-005 +1.271999816e-005 -4.869987280e+000 -4.869987280e+000 +1.7563e+000 -1.8117e+000 +2.2462e+000
3129 +1.219421081e-005 +1.219421081e-005 -4.869987806e+000 -4.869987806e+000 +1.7611e+000 -1.8114e+000 +2.2450e+000
3163 +1.185480903e-005 +1.185480903e-005 -4.869988145e+000 -4.869988145e+000 +1.7586e+000 -1.8117e+000 +2.2449e+000
3166 +1.160807291e-005 +1.160807291e-005 -4.869988392e+000 -4.869988392e+000 +1.7591e+000 -1.8113e+000 +2.2443e+000
3171 +1.015011024e-005 +1.015011024e-005 -4.869989850e+000 -4.869989850e+000 +1.7629e+000 -1.8125e+000 +2.2416e+000
3222 +9.597952944e-006 +9.597952944e-006 -4.869990402e+000 -4.869990402e+000 +1.7664e+000 -1.8113e+000 +2.2390e+000
3232 +9.031680638e-006 +9.031680638e-006 -4.869990968e+000 -4.869990968e+000 +1.7713e+000 -1.8101e+000 +2.2398e+000
3241 +8.454534578e-006 +8.454534578e-006 -4.869991545e+000 -4.869991545e+000 +1.7706e+000 -1.8108e+000 +2.2382e+000
3271 +8.298281901e-006 +8.298281901e-006 -4.869991702e+000 -4.869991702e+000 +1.7696e+000 -1.8137e+000 +2.2367e+000
3288 +8.105712010e-006 +8.105712010e-006 -4.869991894e+000 -4.869991894e+000 +1.7708e+000 -1.8146e+000 +2.2358e+000
3313 +7.817684094e-006 +7.817684094e-006 -4.869992182e+000 -4.869992182e+000 +1.7739e+000 -1.8116e+000 +2.2362e+000
3377 +7.717679627e-006 +7.717679627e-006 -4.869992282e+000 -4.869992282e+000 +1.7750e+000 -1.8112e+000 +2.2359e+000
3418 +7.572252963e-006 +7.572252963e-006 -4.869992428e+000 -4.869992428e+000 +1.7759e+000 -1.8110e+000 +2.2353e+000
3470 +7.357272411e-006 +7.357272411e-006 -4.869992643e+000 -4.869992643e+000 +1.7771e+000 -1.8113e+000 +2.2340e+000
3505 +7.189899621e-006 +7.189899621e-006 -4.869992810e+000 -4.869992810e+000 +1.7781e+000 -1.8123e+000 +2.2330e+000
3530 +6.691542087e-006 +6.691542087e-006 -4.869993308e+000 -4.869993308e+000 +1.7914e+000 -1.8085e+000 +2.2267e+000
3613 +6.606073201e-006 +6.606073201e-006 -4.869993394e+000 -4.869993394e+000 +1.7917e+000 -1.8102e+000 +2.2267e+000
3738 +6.422688426e-006 +6.422688426e-006 -4.869993577e+000 -4.869993577e+000 +1.7958e+000 -1.8172e+000 +2.2184e+000
3841 +6.301646567e-006 +6.301646567e-006 -4.869993698e+000 -4.869993698e+000 +1.7992e+000 -1.8144e+000 +2.2192e+000
3916 +6.154772485e-006 +6.154772485e-006 -4.869993845e+000 -4.869993845e+000 +1.8014e+000 -1.8144e+000 +2.2175e+000
3938 +5.900709506e-006 +5.900709506e-006 -4.869994099e+000 -4.869994099e+000 +1.8058e+000 -1.8144e+000 +2.2140e+000
4002 +5.843373396e-006 +5.843373396e-006 -4.869994157e+000 -4.869994157e+000 +1.8050e+000 -1.8144e+000 +2.2160e+000
4052 +5.747171968e-006 +5.747171968e-006 -4.869994253e+000 -4.869994253e+000 +1.8059e+000 -1.8144e+000 +2.2155e+000
4056 +5.606320698e-006 +5.606320698e-006 -4.869994394e+000 -4.869994394e+000 +1.8069e+000 -1.8144e+000 +2.2147e+000
4114 +5.471351564e-006 +5.471351564e-006 -4.869994529e+000 -4.869994529e+000 +1.8075e+000 -1.8151e+000 +2.2133e+000
4127 +4.812762025e-006 +4.812762025e-006 -4.869995187e+000 -4.869995187e+000 +1.8126e+000 -1.8148e+000 +2.2116e+000
4236 +4.716128553e-006 +4.716128553e-006 -4.869995284e+000 -4.869995284e+000 +1.8122e+000 -1.8154e+000 +2.2106e+000
4250 +4.672532582e-006 +4.672532582e-006 -4.869995327e+000 -4.869995327e+000 +1.8129e+000 -1.8154e+000 +2.2110e+000
4273 +4.408978591e-006 +4.408978591e-006 -4.869995591e+000 -4.869995591e+000 +1.8147e+000 -1.8148e+000 +2.2092e+000
4290 +4.313789709e-006 +4.313789709e-006 -4.869995686e+000 -4.869995686e+000 +1.8136e+000 -1.8172e+000 +2.2084e+000
4303 +3.896542450e-006 +3.896542450e-006 -4.869996103e+000 -4.869996103e+000 +1.8165e+000 -1.8178e+000 +2.2072e+000
4307 +2.892365368e-006 +2.892365368e-006 -4.869997108e+000 -4.869997108e+000 +1.8256e+000 -1.8143e+000 +2.2043e+000
4365 +2.589729839e-006 +2.589729839e-006 -4.869997410e+000 -4.869997410e+000 +1.8332e+000 -1.8146e+000 +2.1973e+000
4370 +2.430729728e-006 +2.430729728e-006 -4.869997569e+000 -4.869997569e+000 +1.8326e+000 -1.8138e+000 +2.2014e+000
4377 +2.276279909e-006 +2.276279909e-006 -4.869997724e+000 -4.869997724e+000 +1.8373e+000 -1.8127e+000 +2.1968e+000
4383 +2.218343376e-006 +2.218343376e-006 -4.869997782e+000 -4.869997782e+000 +1.8303e+000 -1.8165e+000 +2.2001e+000
4390 +1.706565493e-006 +1.706565493e-006 -4.869998293e+000 -4.869998293e+000 +1.8431e+000 -1.8203e+000 +2.1879e+000
4484 +1.686024885e-006 +1.686024885e-006 -4.869998314e+000 -4.869998314e+000 +1.8434e+000 -1.8163e+000 +2.1927e+000
4522 +1.651871346e-006 +1.651871346e-006 -4.869998348e+000 -4.869998348e+000 +1.8451e+000 -1.8167e+000 +2.1904e+000
4540 +1.613443717e-006 +1.613443717e-006 -4.869998387e+000 -4.869998387e+000 +1.8501e+000 -1.8176e+000 +2.1889e+000
4544 +1.532547916e-006 +1.532547916e-006 -4.869998467e+000 -4.869998467e+000 +1.8523e+000 -1.8169e+000 +2.1873e+000
4596 +1.512752488e-006 +1.512752488e-006 -4.869998487e+000 -4.869998487e+000 +1.8547e+000 -1.8168e+000 +2.1864e+000
4615 +1.455552106e-006 +1.455552106e-006 -4.869998544e+000 -4.869998544e+000 +1.8534e+000 -1.8179e+000 +2.1855e+000
4628 +1.438549544e-006 +1.438549544e-006 -4.869998561e+000 -4.869998561e+000 +1.8532e+000 -1.8186e+000 +2.1850e+000
4639 +1.407850506e-006 +1.407850506e-006 -4.869998592e+000 -4.869998592e+000 +1.8557e+000 -1.8177e+000 +2.1847e+000
4684 +1.350930997e-006 +1.350930997e-006 -4.869998649e+000 -4.869998649e+000 +1.8574e+000 -1.8172e+000 +2.1837e+000
4706 +1.284739717e-006 +1.284739717e-006 -4.869998715e+000 -4.869998715e+000 +1.8590e+000 -1.8175e+000 +2.1828e+000
4740 +1.247151120e-006 +1.247151120e-006 -4.869998753e+000 -4.869998753e+000 +1.8603e+000 -1.8173e+000 +2.1823e+000
4805 +1.206586492e-006 +1.206586492e-006 -4.869998793e+000 -4.869998793e+000 +1.8593e+000 -1.8189e+000 +2.1817e+000
4822 +1.189174670e-006 +1.189174670e-006 -4.869998811e+000 -4.869998811e+000 +1.8597e+000 -1.8184e+000 +2.1814e+000
4835 +1.170095549e-006 +1.170095549e-006 -4.869998830e+000 -4.869998830e+000 +1.8603e+000 -1.8184e+000 +2.1813e+000
4872 +1.142943869e-006 +1.142943869e-006 -4.869998857e+000 -4.869998857e+000 +1.8601e+000 -1.8198e+000 +2.1807e+000
4906 +1.094247000e-006 +1.094247000e-006 -4.869998906e+000 -4.869998906e+000 +1.8616e+000 -1.8192e+000 +2.1802e+000
4911 +1.037058087e-006 +1.037058087e-006 -4.869998963e+000 -4.869998963e+000 +1.8628e+000 -1.8196e+000 +2.1794e+000
4968 +1.014787189e-006 +1.014787189e-006 -4.869998985e+000 -4.869998985e+000 +1.8625e+000 -1.8195e+000 +2.1787e+000
4981 +9.207188016e-007 +9.207188016e-007 -4.869999079e+000 -4.869999079e+000 +1.8669e+000 -1.8191e+000 +2.1776e+000
4997 +7.879224828e-007 +7.879224828e-007 -4.869999212e+000 -4.869999212e+000 +1.8692e+000 -1.8201e+000 +2.1756e+000
5035 +6.882029924e-007 +6.882029924e-007 -4.869999312e+000 -4.869999312e+000 +1.8709e+000 -1.8194e+000 +2.1739e+000
5197 +6.548681988e-007 +6.548681988e-007 -4.869999345e+000 -4.869999345e+000 +1.8720e+000 -1.8195e+000 +2.1731e+000
5224 +6.439977840e-007 +6.439977840e-007 -4.869999356e+000 -4.869999356e+000 +1.8722e+000 -1.8196e+000 +2.1734e+000
5230 +6.305356397e-007 +6.305356397e-007 -4.869999369e+000 -4.869999369e+000 +1.8733e+000 -1.8195e+000 +2.1732e+000
5251 +6.119857634e-007 +6.119857634e-007 -4.869999388e+000 -4.869999388e+000 +1.8741e+000 -1.8196e+000 +2.1727e+000
5263 +5.995094750e-007 +5.995094750e-007 -4.869999400e+000 -4.869999400e+000 +1.8739e+000 -1.8196e+000 +2.1721e+000
5266 +5.860340861e-007 +5.860340861e-007 -4.869999414e+000 -4.869999414e+000 +1.8746e+000 -1.8196e+000 +2.1719e+000
5280 +5.347493621e-007 +5.347493621e-007 -4.869999465e+000 -4.869999465e+000 +1.8778e+000 -1.8197e+000 +2.1705e+000
5392 +5.096714917e-007 +5.096714917e-007 -4.869999490e+000 -4.869999490e+000 +1.8786e+000 -1.8197e+000 +2.1694e+000
5410 +4.856544233e-007 +4.856544233e-007 -4.869999514e+000 -4.869999514e+000 +1.8809e+000 -1.8197e+000 +2.1677e+000
5501 +4.730115313e-007 +4.730115313e-007 -4.869999527e+000 -4.869999527e+000 +1.8824e+000 -1.8193e+000 +2.1681e+000
5552 +4.658052859e-007 +4.658052859e-007 -4.869999534e+000 -4.869999534e+000 +1.8822e+000 -1.8194e+000 +2.1678e+000
5656 +4.507548308e-007 +4.507548308e-007 -4.869999549e+000 -4.869999549e+000 +1.8830e+000 -1.8196e+000 +2.1670e+000
5702 +4.466315353e-007 +4.466315353e-007 -4.869999553e+000 -4.869999553e+000 +1.8826e+000 -1.8201e+000 +2.1670e+000
5777 +4.229484594e-007 +4.229484594e-007 -4.869999577e+000 -4.869999577e+000 +1.8828e+000 -1.8215e+000 +2.1656e+000
5836 +4.168628998e-007 +4.168628998e-007 -4.869999583e+000 -4.869999583e+000 +1.8830e+000 -1.8221e+000 +2.1656e+000
5882 +4.055242258e-007 +4.055242258e-007 -4.869999594e+000 -4.869999594e+000 +1.8834e+000 -1.8223e+000 +2.1649e+000
5932 +3.931874772e-007 +3.931874772e-007 -4.869999607e+000 -4.869999607e+000 +1.8841e+000 -1.8225e+000 +2.1641e+000
5944 +3.721653350e-007 +3.721653350e-007 -4.869999628e+000 -4.869999628e+000 +1.8868e+000 -1.8211e+000 +2.1640e+000
5986 +3.697756856e-007 +3.697756856e-007 -4.869999630e+000 -4.869999630e+000 +1.8874e+000 -1.8211e+000 +2.1639e+000
5993 +3.593609659e-007 +3.593609659e-007 -4.869999641e+000 -4.869999641e+000 +1.8875e+000 -1.8212e+000 +2.1631e+000
6035 +3.528902610e-007 +3.528902610e-007 -4.869999647e+000 -4.869999647e+000 +1.8880e+000 -1.8213e+000 +2.1632e+000
6090 +3.442998331e-007 +3.442998331e-007 -4.869999656e+000 -4.869999656e+000 +1.8881e+000 -1.8216e+000 +2.1626e+000
6110 +3.335297230e-007 +3.335297230e-007 -4.869999666e+000 -4.869999666e+000 +1.8882e+000 -1.8223e+000 +2.1621e+000
6158 +3.258255994e-007 +3.258255994e-007 -4.869999674e+000 -4.869999674e+000 +1.8887e+000 -1.8224e+000 +2.1619e+000
6179 +3.189515860e-007 +3.189515860e-007 -4.869999681e+000 -4.869999681e+000 +1.8906e+000 -1.8218e+000 +2.1617e+000
6216 +3.147375800e-007 +3.147375800e-007 -4.869999685e+000 -4.869999685e+000 +1.8897e+000 -1.8223e+000 +2.1615e+000
6257 +3.078406170e-007 +3.078406170e-007 -4.869999692e+000 -4.869999692e+000 +1.8903e+000 -1.8219e+000 +2.1612e+000
6277 +2.861596204e-007 +2.861596204e-007 -4.869999714e+000 -4.869999714e+000 +1.8916e+000 -1.8221e+000 +2.1602e+000
6346 +2.789378977e-007 +2.789378977e-007 -4.869999721e+000 -4.869999721e+000 +1.8923e+000 -1.8220e+000 +2.1599e+000
6376 +2.748342505e-007 +2.748342505e-007 -4.869999725e+000 -4.869999725e+000 +1.8927e+000 -1.8220e+000 +2.1599e+000
6395 +2.605500189e-007 +2.605500189e-007 -4.869999739e+000 -4.869999739e+000 +1.8935e+000 -1.8222e+000 +2.1591e+000
6407 +2.546780076e-007 +2.546780076e-007 -4.869999745e+000 -4.869999745e+000 +1.8944e+000 -1.8220e+000 +2.1584e+000
6411 +2.438656646e-007 +2.438656646e-007 -4.869999756e+000 -4.869999756e+000 +1.8982e+000 -1.8220e+000 +2.1576e+000
6424 +2.368666703e-007 +2.368666703e-007 -4.869999763e+000 -4.869999763e+000 +1.8969e+000 -1.8224e+000 +2.1562e+000
6434 +2.240506900e-007 +2.240506900e-007 -4.869999776e+000 -4.869999776e+000 +1.8972e+000 -1.8225e+000 +2.1562e+000
6436 +1.860904604e-007 +1.860904604e-007 -4.869999814e+000 -4.869999814e+000 +1.9025e+000 -1.8226e+000 +2.1543e+000
6464 +1.786741715e-007 +1.786741715e-007 -4.869999821e+000 -4.869999821e+000 +1.9025e+000 -1.8228e+000 +2.1539e+000
6483 +1.754410022e-007 +1.754410022e-007 -4.869999825e+000 -4.869999825e+000 +1.9035e+000 -1.8224e+000 +2.1536e+000
6494 +1.715416715e-007 +1.715416715e-007 -4.869999828e+000 -4.869999828e+000 +1.9032e+000 -1.8229e+000 +2.1532e+000
6590 +1.697745935e-007 +1.697745935e-007 -4.869999830e+000 -4.869999830e+000 +1.9036e+000 -1.8232e+000 +2.1530e+000
6608 +1.638590623e-007 +1.638590623e-007 -4.869999836e+000 -4.869999836e+000 +1.9040e+000 -1.8233e+000 +2.1523e+000
6659 +1.556734199e-007 +1.556734199e-007 -4.869999844e+000 -4.869999844e+000 +1.9053e+000 -1.8233e+000 +2.1515e+000
6681 +1.541430459e-007 +1.541430459e-007 -4.869999846e+000 -4.869999846e+000 +1.9055e+000 -1.8232e+000 +2.1514e+000
6710 +1.511396404e-007 +1.511396404e-007 -4.869999849e+000 -4.869999849e+000 +1.9059e+000 -1.8233e+000 +2.1513e+000
6722 +1.250260917e-007 +1.250260917e-007 -4.869999875e+000 -4.869999875e+000 +1.9120e+000 -1.8231e+000 +2.1487e+000
6774 +1.221939234e-007 +1.221939234e-007 -4.869999878e+000 -4.869999878e+000 +1.9095e+000 -1.8235e+000 +2.1487e+000
6828 +1.193564119e-007 +1.193564119e-007 -4.869999881e+000 -4.869999881e+000 +1.9108e+000 -1.8228e+000 +2.1489e+000
6841 +1.144173893e-007 +1.144173893e-007 -4.869999886e+000 -4.869999886e+000 +1.9109e+000 -1.8231e+000 +2.1482e+000
6856 +1.081084875e-007 +1.081084875e-007 -4.869999892e+000 -4.869999892e+000 +1.9116e+000 -1.8233e+000 +2.1482e+000
6857 +1.051538989e-007 +1.051538989e-007 -4.869999895e+000 -4.869999895e+000 +1.9122e+000 -1.8232e+000 +2.1479e+000
6862 +1.038081905e-007 +1.038081905e-007 -4.869999896e+000 -4.869999896e+000 +1.9122e+000 -1.8240e+000 +2.1477e+000
6876 +9.995439054e-008 +9.995439054e-008 -4.869999900e+000 -4.869999900e+000 +1.9120e+000 -1.8235e+000 +2.1474e+000
6879 +9.628875475e-008 +9.628875475e-008 -4.869999904e+000 -4.869999904e+000 +1.9126e+000 -1.8235e+000 +2.1470e+000
6887 +9.380453481e-008 +9.380453481e-008 -4.869999906e+000 -4.869999906e+000 +1.9128e+000 -1.8235e+000 +2.1471e+000
6897 +9.213763175e-008 +9.213763175e-008 -4.869999908e+000 -4.869999908e+000 +1.9130e+000 -1.8235e+000 +2.1468e+000
6903 +8.901766435e-008 +8.901766435e-008 -4.869999911e+000 -4.869999911e+000 +1.9130e+000 -1.8238e+000 +2.1467e+000
6916 +8.409984531e-008 +8.409984531e-008 -4.869999916e+000 -4.869999916e+000 +1.9129e+000 -1.8246e+000 +2.1463e+000
6947 +8.270719487e-008 +8.270719487e-008 -4.869999917e+000 -4.869999917e+000 +1.9135e+000 -1.8242e+000 +2.1463e+000
6986 +8.021640241e-008 +8.021640241e-008 -4.869999920e+000 -4.869999920e+000 +1.9133e+000 -1.8247e+000 +2.1458e+000
6996 +7.833737481e-008 +7.833737481e-008 -4.869999922e+000 -4.869999922e+000 +1.9136e+000 -1.8250e+000 +2.1458e+000
7007 +7.694877358e-008 +7.694877358e-008 -4.869999923e+000 -4.869999923e+000 +1.9138e+000 -1.8247e+000 +2.1456e+000
7036 +7.487038278e-008 +7.487038278e-008 -4.869999925e+000 -4.869999925e+000 +1.9147e+000 -1.8241e+000 +2.1454e+000
7063 +7.315292461e-008 +7.315292461e-008 -4.869999927e+000 -4.869999927e+000 +1.9147e+000 -1.8244e+000 +2.1455e+000
7101 +7.225134357e-008 +7.225134357e-008 -4.869999928e+000 -4.869999928e+000 +1.9150e+000 -1.8243e+000 +2.1454e+000
7118 +6.973991162e-008 +6.973991162e-008 -4.869999930e+000 -4.869999930e+000 +1.9148e+000 -1.8249e+000 +2.1450e+000
7181 +6.874641212e-008 +6.874641212e-008 -4.869999931e+000 -4.869999931e+000 +1.9154e+000 -1.8244e+000 +2.1450e+000
7217 +6.759574145e-008 +6.759574145e-008 -4.869999932e+000 -4.869999932e+000 +1.9162e+000 -1.8240e+000 +2.1450e+000
7220 +6.377682560e-008 +6.377682560e-008 -4.869999936e+000 -4.869999936e+000 +1.9175e+000 -1.8236e+000 +2.1444e+000
7248 +6.296303834e-008 +6.296303834e-008 -4.869999937e+000 -4.869999937e+000 +1.9170e+000 -1.8241e+000 +2.1441e+000
7252 +6.060151314e-008 +6.060151314e-008 -4.869999939e+000 -4.869999939e+000 +1.9174e+000 -1.8241e+000 +2.1441e+000
7288 +5.779631973e-008 +5.779631973e-008 -4.869999942e+000 -4.869999942e+000 +1.9182e+000 -1.8241e+000 +2.1437e+000
7315 +5.742574949e-008 +5.742574949e-008 -4.869999943e+000 -4.869999943e+000 +1.9194e+000 -1.8241e+000 +2.1434e+000
7335 +5.240669498e-008 +5.240669498e-008 -4.869999948e+000 -4.869999948e+000 +1.9196e+000 -1.8245e+000 +2.1424e+000
7396 +5.124920666e-008 +5.124920666e-008 -4.869999949e+000 -4.869999949e+000 +1.9199e+000 -1.8247e+000 +2.1421e+000
7444 +4.992121383e-008 +4.992121383e-008 -4.869999950e+000 -4.869999950e+000 +1.9206e+000 -1.8249e+000 +2.1417e+000
7574 +4.893377081e-008 +4.893377081e-008 -4.869999951e+000 -4.869999951e+000 +1.9208e+000 -1.8261e+000 +2.1404e+000
7727 +4.779811036e-008 +4.779811036e-008 -4.869999952e+000 -4.869999952e+000 +1.9223e+000 -1.8254e+000 +2.1404e+000
8001 +4.649431684e-008 +4.649431684e-008 -4.869999954e+000 -4.869999954e+000 +1.9234e+000 -1.8256e+000 +2.1395e+000
8064 +4.559473687e-008 +4.559473687e-008 -4.869999954e+000 -4.869999954e+000 +1.9240e+000 -1.8259e+000 +2.1390e+000
8161 +4.446317003e-008 +4.446317003e-008 -4.869999956e+000 -4.869999956e+000 +1.9250e+000 -1.8255e+000 +2.1387e+000
8162 +4.259012432e-008 +4.259012432e-008 -4.869999957e+000 -4.869999957e+000 +1.9260e+000 -1.8255e+000 +2.1382e+000
8296 +4.164695877e-008 +4.164695877e-008 -4.869999958e+000 -4.869999958e+000 +1.9262e+000 -1.8256e+000 +2.1380e+000
8358 +4.066289438e-008 +4.066289438e-008 -4.869999959e+000 -4.869999959e+000 +1.9265e+000 -1.8256e+000 +2.1377e+000
8408 +3.897406220e-008 +3.897406220e-008 -4.869999961e+000 -4.869999961e+000 +1.9271e+000 -1.8256e+000 +2.1374e+000
8452 +3.866373177e-008 +3.866373177e-008 -4.869999961e+000 -4.869999961e+000 +1.9272e+000 -1.8256e+000 +2.1374e+000
8491 +3.768922685e-008 +3.768922685e-008 -4.869999962e+000 -4.869999962e+000 +1.9275e+000 -1.8256e+000 +2.1372e+000
8536 +3.692661199e-008 +3.692661199e-008 -4.869999963e+000 -4.869999963e+000 +1.9280e+000 -1.8256e+000 +2.1371e+000
8566 +3.607414190e-008 +3.607414190e-008 -4.869999964e+000 -4.869999964e+000 +1.9280e+000 -1.8256e+000 +2.1370e+000
8585 +3.530878789e-008 +3.530878789e-008 -4.869999965e+000 -4.869999965e+000 +1.9282e+000 -1.8256e+000 +2.1366e+000
8611 +3.429138751e-008 +3.429138751e-008 -4.869999966e+000 -4.869999966e+000 +1.9284e+000 -1.8256e+000 +2.1366e+000
8626 +3.298005424e-008 +3.298005424e-008 -4.869999967e+000 -4.869999967e+000 +1.9287e+000 -1.8256e+000 +2.1364e+000
8643 +3.153970862e-008 +3.153970862e-008 -4.869999968e+000 -4.869999968e+000 +1.9294e+000 -1.8256e+000 +2.1363e+000
8660 +3.082291489e-008 +3.082291489e-008 -4.869999969e+000 -4.869999969e+000 +1.9295e+000 -1.8256e+000 +2.1362e+000
8681 +2.985538838e-008 +2.985538838e-008 -4.869999970e+000 -4.869999970e+000 +1.9296e+000 -1.8256e+000 +2.1360e+000
8714 +2.913571429e-008 +2.913571429e-008 -4.869999971e+000 -4.869999971e+000 +1.9299e+000 -1.8255e+000 +2.1359e+000
8715 +2.797246523e-008 +2.797246523e-008 -4.869999972e+000 -4.869999972e+000 +1.9301e+000 -1.8255e+000 +2.1355e+000
8719 +2.712793190e-008 +2.712793190e-008 -4.869999973e+000 -4.869999973e+000 +1.9303e+000 -1.8255e+000 +2.1356e+000
8764 +2.689322809e-008 +2.689322809e-008 -4.869999973e+000 -4.869999973e+000 +1.9304e+000 -1.8256e+000 +2.1356e+000
8770 +2.620021711e-008 +2.620021711e-008 -4.869999974e+000 -4.869999974e+000 +1.9305e+000 -1.8256e+000 +2.1354e+000
8784 +2.535502919e-008 +2.535502919e-008 -4.869999975e+000 -4.869999975e+000 +1.9309e+000 -1.8255e+000 +2.1353e+000
8813 +2.503055896e-008 +2.503055896e-008 -4.869999975e+000 -4.869999975e+000 +1.9309e+000 -1.8255e+000 +2.1353e+000
8823 +1.959737972e-008 +1.959737972e-008 -4.869999980e+000 -4.869999980e+000 +1.9325e+000 -1.8256e+000 +2.1342e+000
8903 +1.902043412e-008 +1.902043412e-008 -4.869999981e+000 -4.869999981e+000 +1.9328e+000 -1.8255e+000 +2.1342e+000
8908 +1.726908838e-008 +1.726908838e-008 -4.869999983e+000 -4.869999983e+000 +1.9338e+000 -1.8255e+000 +2.1337e+000
8933 +1.659733417e-008 +1.659733417e-008 -4.869999983e+000 -4.869999983e+000 +1.9342e+000 -1.8255e+000 +2.1336e+000
8934 +1.648730663e-008 +1.648730663e-008 -4.869999984e+000 -4.869999984e+000 +1.9345e+000 -1.8255e+000 +2.1335e+000
9024 +1.616822232e-008 +1.616822232e-008 -4.869999984e+000 -4.869999984e+000 +1.9340e+000 -1.8256e+000 +2.1334e+000
9037 +1.443824527e-008 +1.443824527e-008 -4.869999986e+000 -4.869999986e+000 +1.9349e+000 -1.8256e+000 +2.1327e+000
9107 +1.379151815e-008 +1.379151815e-008 -4.869999986e+000 -4.869999986e+000 +1.9354e+000 -1.8259e+000 +2.1326e+000
9133 +1.305037323e-008 +1.305037323e-008 -4.869999987e+000 -4.869999987e+000 +1.9361e+000 -1.8257e+000 +2.1320e+000
9153 +1.280266915e-008 +1.280266915e-008 -4.869999987e+000 -4.869999987e+000 +1.9367e+000 -1.8261e+000 +2.1318e+000
9166 +1.257309901e-008 +1.257309901e-008 -4.869999987e+000 -4.869999987e+000 +1.9369e+000 -1.8259e+000 +2.1312e+000
9184 +1.227315582e-008 +1.227315582e-008 -4.869999988e+000 -4.869999988e+000 +1.9374e+000 -1.8257e+000 +2.1313e+000
9212 +1.195357058e-008 +1.195357058e-008 -4.869999988e+000 -4.869999988e+000 +1.9376e+000 -1.8264e+000 +2.1308e+000
9495 +1.174825037e-008 +1.174825037e-008 -4.869999988e+000 -4.869999988e+000 +1.9380e+000 -1.8275e+000 +2.1298e+000
9834 +1.144957995e-008 +1.144957995e-008 -4.869999989e+000 -4.869999989e+000 +1.9391e+000 -1.8276e+000 +2.1292e+000
9863 +1.112413361e-008 +1.112413361e-008 -4.869999989e+000 -4.869999989e+000 +1.9397e+000 -1.8273e+000 +2.1290e+000
9938 +1.094814017e-008 +1.094814017e-008 -4.869999989e+000 -4.869999989e+000 +1.9399e+000 -1.8273e+000 +2.1288e+000
10072 +1.049498621e-008 +1.049498621e-008 -4.869999990e+000 -4.869999990e+000 +1.9405e+000 -1.8273e+000 +2.1285e+000
10098 +1.044570919e-008 +1.044570919e-008 -4.869999990e+000 -4.869999990e+000 +1.9406e+000 -1.8272e+000 +2.1285e+000
10140 +1.021818896e-008 +1.021818896e-008 -4.869999990e+000 -4.869999990e+000 +1.9407e+000 -1.8273e+000 +2.1283e+000
10165 +9.864447037e-009 +9.864447037e-009 -4.869999990e+000 -4.869999990e+000 +1.9409e+000 -1.8274e+000 +2.1281e+000
37808 +0.000000000e+000 +0.000000000e+000 -4.870000000e+000 -4.870000000e+000 +1.9752e+000 -1.8305e+000 +2.1061e+000
% function evaluation | noise-free fitness - Fopt (1.511400000000e+002) | best noise-free fitness - Fopt | measured fitness | best measured fitness | x1 | x2...
1 +7.619729657e+001 +7.619729657e+001 +2.273372966e+002 +2.273372966e+002 +2.8762e+000 +3.9037e+000 -1.7468e+000
2 +5.951393788e+001 +5.951393788e+001 +2.106539379e+002 +2.106539379e+002 +3.0340e-001 +4.1512e+000 -2.8775e+000
3 +5.454923590e+001 +5.454923590e+001 +2.056892359e+002 +2.056892359e+002 +7.5712e-001 +9.3903e-001 -2.2677e+000
6 +1.484453635e+001 +1.484453635e+001 +1.659845364e+002 +1.659845364e+002 +2.4383e+000 -6.2046e-001 -4.7117e+000
49 +5.403568931e-001 +5.403568931e-001 +1.516803569e+002 +1.516803569e+002 -3.7943e-001 -2.1173e+000 +7.6031e-001
% function evaluation | noise-free fitness - Fopt (-1.332700000000e+002) | best noise-free fitness - Fopt | measured fitness | best measured fitness | x1 | x2...
1 +6.535270845e+001 +6.535270845e+001 -6.791729155e+001 -6.791729155e+001 -3.9246e+000 -3.0162e+000 -5.1770e-001
2 +6.238352231e+001 +6.238352231e+001 -7.088647769e+001 -7.088647769e+001 +4.1767e+000 +2.1821e+000 +3.5625e-001
3 +5.455927242e+001 +5.455927242e+001 -7.871072758e+001 -7.871072758e+001 -1.1278e+000 +6.9626e-001 -2.4694e+000
4 +2.266936185e+001 +2.266936185e+001 -1.106006381e+002 -1.106006381e+002 -2.6097e+000 -6.1231e-001 -7.4688e-002
10 +4.096980966e+000 +4.096980966e+000 -1.291730190e+002 -1.291730190e+002 +1.7362e-001 +1.6429e+000 -3.0760e-001
52 +3.065390349e+000 +3.065390349e+000 -1.302046097e+002 -1.302046097e+002 -3.0922e+000 -5.5716e-001 +1.6639e+000
75 +2.055267745e+000 +2.055267745e+000 -1.312147323e+002 -1.312147323e+002 -3.2138e+000 -5.9167e-001 +1.1369e+000
88 +1.988477905e+000 +1.988477905e+000 -1.312815221e+002 -1.312815221e+002 -3.2577e+000 -2.7626e-001 +1.4021e+000
% function evaluation | noise-free fitness - Fopt (-5.488000000000e+001) | best noise-free fitness - Fopt | measured fitness | best measured fitness | x1 | x2...
1 +7.327135493e+001 +7.327135493e+001 +1.839135493e+001 +1.839135493e+001 -3.8446e+000 +5.3124e+000 -2.6878e+000
2 +6.512146630e+001 +6.512146630e+001 +1.024146630e+001 +1.024146630e+001 -3.5301e+000 +4.1740e+000 -3.7637e+000
13 +5.182271262e+001 +5.182271262e+001 -3.057287380e+000 -3.057287380e+000 +3.9163e+000 +1.1743e+000 +1.5347e+000
22 +4.668209144e+001 +4.668209144e+001 -8.197908558e+000 -8.197908558e+000 +1.6814e+000 +4.3380e+000 -2.7215e+000
29 +3.784273362e+000 +3.784273362e+000 -5.109572664e+001 -5.109572664e+001 +4.0292e+000 +1.7054e+000 -1.3702e+000
201 +1.490338080e+000 +1.490338080e+000 -5.338966192e+001 -5.338966192e+001 -1.5064e+000 +3.8832e-001 -4.7957e-001
207 +1.437826529e+000 +1.437826529e+000 -5.344217347e+001 -5.344217347e+001 -1.7154e+000 +8.0040e-001 -4.1503e-001
215 +1.335201880e+000 +1.335201880e+000 -5.354479812e+001 -5.354479812e+001 -2.0583e+000 +3.8412e-001 -4.5280e-001
219 +8.058733688e-001 +8.058733688e-001 -5.407412663e+001 -5.407412663e+001 -1.6860e+000 +4.4093e-001 -5.5710e-001
316 +7.831047656e-001 +7.831047656e-001 -5.409689523e+001 -5.409689523e+001 -1.7186e+000 +4.8386e-001 -5.3537e-001
337 +7.408131294e-001 +7.408131294e-001 -5.413918687e+001 -5.413918687e+001 -1.5562e+000 +5.2002e-001 -5.5382e-001
341 +7.235198856e-001 +7.235198856e-001 -5.415648011e+001 -5.415648011e+001 -1.5863e+000 +5.0195e-001 -5.7597e-001
350 +7.040335848e-001 +7.040335848e-001 -5.417596642e+001 -5.417596642e+001 -1.5949e+000 +5.0912e-001 -6.3207e-001
% function evaluation | noise-free fitness - Fopt (-2.253700000000e+002) | best noise-free fitness - Fopt | measured fitness | best measured fitness | x1 | x2...
1 +8.307672610e+001 +8.307672610e+001 -1.422932739e+002 -1.422932739e+002 -3.8311e+000 -7.5783e-001 +5.2861e+000
2 +6.799547658e+001 +6.799547658e+001 -1.573745234e+002 -1.573745234e+002 +2.3198e+000 -1.1348e+000 +2.6055e+000
3 +5.471390200e+001 +5.471390200e+001 -1.706560980e+002 -1.706560980e+002 +4.3810e-001 +3.2352e+000 +5.6593e-001
5 +3.054900968e+001 +3.054900968e+001 -1.948209903e+002 -1.948209903e+002 -2.0749e+000 +2.0174e+000 +3.8882e+000
14 +2.726695472e+001 +2.726695472e+001 -1.981030453e+002 -1.981030453e+002 +3.2665e+000 -2.0394e+000 +5.6889e-001
20 +1.557675272e+001 +1.557675272e+001 -2.097932473e+002 -2.097932473e+002 +4.0947e-001 -4.0385e-001 +1.5331e+000
30 +8.095345279e+000 +8.095345279e+000 -2.172746547e+002 -2.172746547e+002 +3.2994e-001 -5.8726e-001 +2.6546e+000
42 +1.953199579e+000 +1.953199579e+000 -2.234168004e+002 -2.234168004e+002 -7.3171e-001 -2.1035e-001 +2.8742e+000
83 +1.038733501e+000 +1.038733501e+000 -2.243312665e+002 -2.243312665e+002 -2.1484e-001 -1.1966e+000 +1.5882e+000
% function evaluation | noise-free fitness - Fopt (-2.212900000000e+002) | best noise-free fitness - Fopt | measured fitness | best measured fitness | x1 | x2...
1 +9.602977902e+001 +9.602977902e+001 -1.252602210e+002 -1.252602210e+002 +8.9830e+000 +1.1799e+000 -4.8476e+000
3 +2.072420792e+001 +2.072420792e+001 -2.005657921e+002 -2.005657921e+002 +2.1912e+000 +1.0292e+000 +8.9796e-002
7 +7.447117882e+000 +7.447117882e+000 -2.138428821e+002 -2.138428821e+002 +3.4277e+000 +5.4955e-001 +5.9184e-002
28 +7.201035788e+000 +7.201035788e+000 -2.140889642e+002 -2.140889642e+002 +2.8161e+000 +9.3336e-001 -2.9771e-001
30 +5.479086666e-001 +5.479086666e-001 -2.207420913e+002 -2.207420913e+002 -3.4888e+000 +2.5003e+000 -2.1098e+000
% function evaluation | noise-free fitness - Fopt (1.065700000000e+002) | best noise-free fitness - Fopt | measured fitness | best measured fitness | x1 | x2...
1 +7.786492515e+001 +7.786492515e+001 +1.844349251e+002 +1.844349251e+002 +4.9133e-001 -5.0941e+000 -1.7458e+000
2 +7.761890124e+001 +7.761890124e+001 +1.841889012e+002 +1.841889012e+002 -9.3919e-001 +7.6464e-001 +4.9748e+000
5 +3.371009388e+001 +3.371009388e+001 +1.402800939e+002 +1.402800939e+002 -2.0251e-001 +9.4417e-001 +1.6430e+000
13 +2.195830328e+001 +2.195830328e+001 +1.285283033e+002 +1.285283033e+002 -3.1707e-002 +1.1014e+000 +1.7218e-001
16 +8.588403772e+000 +8.588403772e+000 +1.151584038e+002 +1.151584038e+002 +2.4412e-001 +9.8503e-001 +4.6725e-001
20 +4.181736356e+000 +4.181736356e+000 +1.107517364e+002 +1.107517364e+002 +9.7115e-001 +9.6890e-001 +6.3121e-001
37 +4.032820853e+000 +4.032820853e+000 +1.106028209e+002 +1.106028209e+002 +1.6574e+000 +9.8321e-001 +3.6023e-001
62 +3.943703360e+000 +3.943703360e+000 +1.105137034e+002 +1.105137034e+002 +3.5292e-001 -4.4467e+000 +2.2111e+000
69 +2.055169255e+000 +2.055169255e+000 +1.086251693e+002 +1.086251693e+002 -1.8784e+000 +2.3241e+000 +1.2127e+000
219 +2.028447584e+000 +2.028447584e+000 +1.085984476e+002 +1.085984476e+002 -1.8435e+000 +2.3590e+000 +1.2976e+000
233 +1.959159538e+000 +1.959159538e+000 +1.085291595e+002 +1.085291595e+002 -1.8962e+000 +2.6092e+000 +1.2283e+000
% function evaluation | noise-free fitness - Fopt (-1.284800000000e+002) | best noise-free fitness - Fopt | measured fitness | best measured fitness | x1 | x2...
1 +6.398572197e+001 +6.398572197e+001 -6.449427803e+001 -6.449427803e+001 -3.7947e+000 +1.3053e+000 -4.5597e+000
8 +3.788667068e+001 +3.788667068e+001 -9.059332932e+001 -9.059332932e+001 -3.1687e-001 +1.3167e+000 -3.5033e+000
9 +3.367219243e+001 +3.367219243e+001 -9.480780757e+001 -9.480780757e+001 -2.8745e+000 +1.0205e+000 -7.9888e-001
10 +2.577157755e+001 +2.577157755e+001 -1.027084225e+002 -1.027084225e+002 -4.4612e+000 +1.5892e+000 -3.9456e+000
16 +1.218584198e+001 +1.218584198e+001 -1.162941580e+002 -1.162941580e+002 -3.8608e+000 +2.6304e+000 -2.5236e+000
44 +3.768512682e+000 +3.768512682e+000 -1.247114873e+002 -1.247114873e+002 -2.2983e+000 +2.0552e+000 -2.8223e+000
57 +2.786982134e+000 +2.786982134e+000 -1.256930179e+002 -1.256930179e+002 -1.6705e+000 +2.2177e+000 -2.7334e+000
73 +5.250141743e-001 +5.250141743e-001 -1.279549858e+002 -1.279549858e+002 -1.4829e+000 -2.5380e+000 -2.6968e+000
% function evaluation | noise-free fitness - Fopt (2.358800000000e+002) | best noise-free fitness - Fopt | measured fitness | best measured fitness | x1 | x2...
1 +6.288861533e+001 +6.288861533e+001 +2.987686153e+002 +2.987686153e+002 +3.3987e-001 -1.3714e+000 -2.2679e+000
4 +5.513140123e+001 +5.513140123e+001 +2.910114012e+002 +2.910114012e+002 +4.8881e-001 -5.2728e+000 -2.7592e+000
7 +2.373447061e+001 +2.373447061e+001 +2.596144706e+002 +2.596144706e+002 -1.4259e+000 -1.7032e+000 -5.7456e-001
9 +2.195627578e+001 +2.195627578e+001 +2.578362758e+002 +2.578362758e+002 +1.1194e+000 -4.2421e+000 -3.1730e+000
28 +9.563714169e+000 +9.563714169e+000 +2.454437142e+002 +2.454437142e+002 +3.5573e-001 +4.0552e-001 -4.1466e+000
144 +7.971939830e+000 +7.971939830e+000 +2.438519398e+002 +2.438519398e+002 +1.3830e-001 +1.0808e+000 -3.7364e+000
200 +5.962840376e+000 +5.962840376e+000 +2.418428404e+002 +2.418428404e+002 -7.2699e-001 +8.2200e-001 -3.9666e+000
256 +5.648855357e+000 +5.648855357e+000 +2.415288554e+002 +2.415288554e+002 -3.9281e-001 +5.2085e-001 -3.6515e+000
267 +5.096135652e+000 +5.096135652e+000 +2.409761357e+002 +2.409761357e+002 -4.1119e-001 +7.4177e-001 -3.8531e+000
% function evaluation | noise-free fitness - Fopt (-5.310000000000e+000) | best noise-free fitness - Fopt | measured fitness | best measured fitness | x1 | x2...
1 +8.394531552e+001 +8.394531552e+001 +7.863531552e+001 +7.863531552e+001 +7.7226e+000 -2.7031e+000 +1.2380e+000
2 +7.876210906e+001 +7.876210906e+001 +7.345210906e+001 +7.345210906e+001 -7.4481e-001 -5.9066e+000 +3.7676e-001
8 +5.895369293e+001 +5.895369293e+001 +5.364369293e+001 +5.364369293e+001 +3.3612e+000 -3.1803e+000 +4.1038e+000
10 +4.090431685e+001 +4.090431685e+001 +3.559431685e+001 +3.559431685e+001 -1.3755e+000 -2.8806e+000 +2.6041e+000
14 +2.173018580e+001 +2.173018580e+001 +1.642018580e+001 +1.642018580e+001 +4.4578e+000 -2.8330e+000 +2.2745e+000
18 +2.058255027e+001 +2.058255027e+001 +1.527255027e+001 +1.527255027e+001 +4.2809e+000 -3.3439e+000 +2.3571e+000
29 +1.332588894e+001 +1.332588894e+001 +8.015888938e+000 +8.015888938e+000 +1.5030e-001 -2.7302e+000 +5.4777e-001
64 +9.181934335e+000 +9.181934335e+000 +3.871934335e+000 +3.871934335e+000 +1.8619e-001 -2.6573e+000 +6.2546e-001
108 +8.041214709e+000 +8.041214709e+000 +2.731214709e+000 +2.731214709e+000 +4.2851e-001 -2.2453e+000 +9.4206e-001
128 +7.085348696e+000 +7.085348696e+000 +1.775348696e+000 +1.775348696e+000 +2.7462e-001 -2.2449e+000 +9.4223e-001
177 +6.446086270e+000 +6.446086270e+000 +1.136086270e+000 +1.136086270e+000 +5.0721e-001 -2.6208e+000 +9.7025e-001
180 +6.005640464e+000 +6.005640464e+000 +6.956404640e-001 +6.956404640e-001 +4.4143e-001 -2.5751e+000 +9.2726e-001
219 +5.804362075e+000 +5.804362075e+000 +4.943620754e-001 +4.943620754e-001 +4.0107e-001 -2.5885e+000 +8.6584e-001
231 +5.618294159e+000 +5.618294159e+000 +3.082941586e-001 +3.082941586e-001 +3.9116e-001 -2.4894e+000 +8.0846e-001
303 +5.347620581e+000 +5.347620581e+000 +3.762058074e-002 +3.762058074e-002 +3.9507e-001 -2.3236e+000 +5.7293e-001
439 +5.239722853e+000 +5.239722853e+000 -7.027714743e-002 -7.027714743e-002 +4.6593e-001 -2.3780e+000 +5.3373e-001
592 +5.119805948e+000 +5.119805948e+000 -1.901940515e-001 -1.901940515e-001 +5.4334e-001 -2.3053e+000 +3.7526e-001
